Column1,Column2,Column3,Column4,Column5,Column6
MOx9AM3J6rnEQQJCSsWfT7wdOetSni3OV0mrNgho,MOx9AM3J6rnEQQJCSsWfT7wdOetSni3OV0mrNgho,MOx9AM3J6rnEQQJCSsWfT7wdOetSni3OV0mrNgho,MOx9AM3J6rnEQQJCSsWfT7wdOetSni3OV0mrNgho,MOx9AM3J6rnEQQJCSsWfT7wdOetSni3OV0mrNgho,MOx9AM3J6rnEQQJCSsWfT7wdOetSni3OV0mrNgho
I9zyEumkNRxIzJ9lhMe24gjeuA05krtaF8GygUHD,I9zyEumkNRxIzJ9lhMe24gjeuA05krtaF8GygUHD,I9zyEumkNRxIzJ9lhMe24gjeuA05krtaF8GygUHD,I9zyEumkNRxIzJ9lhMe24gjeuA05krtaF8GygUHD,I9zyEumkNRxIzJ9lhMe24gjeuA05krtaF8GygUHD,I9zyEumkNRxIzJ9lhMe24gjeuA05krtaF8GygUHD
BR0isoSnDlgTmIqukAORkXTz6C9ABpEWp1Yw4Fx6,BR0isoSnDlgTmIqukAORkXTz6C9ABpEWp1Yw4Fx6,BR0isoSnDlgTmIqukAORkXTz6C9ABpEWp1Yw4Fx6,BR0isoSnDlgTmIqukAORkXTz6C9ABpEWp1Yw4Fx6,BR0isoSnDlgTmIqukAORkXTz6C9ABpEWp1Yw4Fx6,BR0isoSnDlgTmIqukAORkXTz6C9ABpEWp1Yw4Fx6
0tSt4SUsOj8fKBL2OwFTAz878S85snjiNnAx7n8z,0tSt4SUsOj8fKBL2OwFTAz878S85snjiNnAx7n8z,0tSt4SUsOj8fKBL2OwFTAz878S85snjiNnAx7n8z,0tSt4SUsOj8fKBL2OwFTAz878S85snjiNnAx7n8z,0tSt4SUsOj8fKBL2OwFTAz878S85snjiNnAx7n8z,0tSt4SUsOj8fKBL2OwFTAz878S85snjiNnAx7n8z
hBG5vMBqkXoKVhe5nKFmfjAVyNoGHSr22VXcrkoN,hBG5vMBqkXoKVhe5nKFmfjAVyNoGHSr22VXcrkoN,hBG5vMBqkXoKVhe5nKFmfjAVyNoGHSr22VXcrkoN,hBG5vMBqkXoKVhe5nKFmfjAVyNoGHSr22VXcrkoN,hBG5vMBqkXoKVhe5nKFmfjAVyNoGHSr22VXcrkoN,G97yzpX8HPnbmrVEC0Aoz2si9mlAiCfZmduqw99n
G0PLr6xT9E96wJTJXQDNB728J4rHnKFKya5jIcwT,G0PLr6xT9E96wJTJXQDNB728J4rHnKFKya5jIcwT,G0PLr6xT9E96wJTJXQDNB728J4rHnKFKya5jIcwT,G0PLr6xT9E96wJTJXQDNB728J4rHnKFKya5jIcwT,G97yzpX8HPnbmrVEC0Aoz2si9mlAiCfZmduqw99n,MOx9AM3J6rnEQQJCSsWfT7wdOetSni3OV0mrNgho
DboXcHUzjiTnEyfVzMA8hgefX2B7suIPftuPWSyq,DboXcHUzjiTnEyfVzMA8hgefX2B7suIPftuPWSyq,DboXcHUzjiTnEyfVzMA8hgefX2B7suIPftuPWSyq,G97yzpX8HPnbmrVEC0Aoz2si9mlAiCfZmduqw99n,MOx9AM3J6rnEQQJCSsWfT7wdOetSni3OV0mrNgho,I9zyEumkNRxIzJ9lhMe24gjeuA05krtaF8GygUHD
neo9uYRJVawyUm1nyXvQrJxwVqapvXp6gVg6kwxr,neo9uYRJVawyUm1nyXvQrJxwVqapvXp6gVg6kwxr,G97yzpX8HPnbmrVEC0Aoz2si9mlAiCfZmduqw99n,MOx9AM3J6rnEQQJCSsWfT7wdOetSni3OV0mrNgho,I9zyEumkNRxIzJ9lhMe24gjeuA05krtaF8GygUHD,BR0isoSnDlgTmIqukAORkXTz6C9ABpEWp1Yw4Fx6
G97yzpX8HPnbmrVEC0Aoz2si9mlAiCfZmduqw99n,nOgJEtffp9e3P1qN9pqUrIZB0WQ9VIdptmx5wtia,MOx9AM3J6rnEQQJCSsWfT7wdOetSni3OV0mrNgho,I9zyEumkNRxIzJ9lhMe24gjeuA05krtaF8GygUHD,BR0isoSnDlgTmIqukAORkXTz6C9ABpEWp1Yw4Fx6,0tSt4SUsOj8fKBL2OwFTAz878S85snjiNnAx7n8z
MOx9AM3J6rnEQQJCSsWfT7wdOetSni3OV0mrNgho,G97yzpX8HPnbmrVEC0Aoz2si9mlAiCfZmduqw99n,I9zyEumkNRxIzJ9lhMe24gjeuA05krtaF8GygUHD,BR0isoSnDlgTmIqukAORkXTz6C9ABpEWp1Yw4Fx6,0tSt4SUsOj8fKBL2OwFTAz878S85snjiNnAx7n8z,G97yzpX8HPnbmrVEC0Aoz2si9mlAiCfZmduqw99n
I9zyEumkNRxIzJ9lhMe24gjeuA05krtaF8GygUHD,MOx9AM3J6rnEQQJCSsWfT7wdOetSni3OV0mrNgho,BR0isoSnDlgTmIqukAORkXTz6C9ABpEWp1Yw4Fx6,0tSt4SUsOj8fKBL2OwFTAz878S85snjiNnAx7n8z,hBG5vMBqkXoKVhe5nKFmfjAVyNoGHSr22VXcrkoN,MOx9AM3J6rnEQQJCSsWfT7wdOetSni3OV0mrNgho
BR0isoSnDlgTmIqukAORkXTz6C9ABpEWp1Yw4Fx6,I9zyEumkNRxIzJ9lhMe24gjeuA05krtaF8GygUHD,0tSt4SUsOj8fKBL2OwFTAz878S85snjiNnAx7n8z,hBG5vMBqkXoKVhe5nKFmfjAVyNoGHSr22VXcrkoN,G97yzpX8HPnbmrVEC0Aoz2si9mlAiCfZmduqw99n,I9zyEumkNRxIzJ9lhMe24gjeuA05krtaF8GygUHD
0tSt4SUsOj8fKBL2OwFTAz878S85snjiNnAx7n8z,BR0isoSnDlgTmIqukAORkXTz6C9ABpEWp1Yw4Fx6,hBG5vMBqkXoKVhe5nKFmfjAVyNoGHSr22VXcrkoN,G0PLr6xT9E96wJTJXQDNB728J4rHnKFKya5jIcwT,MOx9AM3J6rnEQQJCSsWfT7wdOetSni3OV0mrNgho,BR0isoSnDlgTmIqukAORkXTz6C9ABpEWp1Yw4Fx6
hBG5vMBqkXoKVhe5nKFmfjAVyNoGHSr22VXcrkoN,0tSt4SUsOj8fKBL2OwFTAz878S85snjiNnAx7n8z,G0PLr6xT9E96wJTJXQDNB728J4rHnKFKya5jIcwT,G97yzpX8HPnbmrVEC0Aoz2si9mlAiCfZmduqw99n,I9zyEumkNRxIzJ9lhMe24gjeuA05krtaF8GygUHD,0tSt4SUsOj8fKBL2OwFTAz878S85snjiNnAx7n8z
G0PLr6xT9E96wJTJXQDNB728J4rHnKFKya5jIcwT,hBG5vMBqkXoKVhe5nKFmfjAVyNoGHSr22VXcrkoN,DboXcHUzjiTnEyfVzMA8hgefX2B7suIPftuPWSyq,MOx9AM3J6rnEQQJCSsWfT7wdOetSni3OV0mrNgho,BR0isoSnDlgTmIqukAORkXTz6C9ABpEWp1Yw4Fx6,G97yzpX8HPnbmrVEC0Aoz2si9mlAiCfZmduqw99n
DboXcHUzjiTnEyfVzMA8hgefX2B7suIPftuPWSyq,G0PLr6xT9E96wJTJXQDNB728J4rHnKFKya5jIcwT,G97yzpX8HPnbmrVEC0Aoz2si9mlAiCfZmduqw99n,I9zyEumkNRxIzJ9lhMe24gjeuA05krtaF8GygUHD,0tSt4SUsOj8fKBL2OwFTAz878S85snjiNnAx7n8z,MOx9AM3J6rnEQQJCSsWfT7wdOetSni3OV0mrNgho
neo9uYRJVawyUm1nyXvQrJxwVqapvXp6gVg6kwxr,DboXcHUzjiTnEyfVzMA8hgefX2B7suIPftuPWSyq,MOx9AM3J6rnEQQJCSsWfT7wdOetSni3OV0mrNgho,BR0isoSnDlgTmIqukAORkXTz6C9ABpEWp1Yw4Fx6,hBG5vMBqkXoKVhe5nKFmfjAVyNoGHSr22VXcrkoN,I9zyEumkNRxIzJ9lhMe24gjeuA05krtaF8GygUHD
G97yzpX8HPnbmrVEC0Aoz2si9mlAiCfZmduqw99n,neo9uYRJVawyUm1nyXvQrJxwVqapvXp6gVg6kwxr,I9zyEumkNRxIzJ9lhMe24gjeuA05krtaF8GygUHD,0tSt4SUsOj8fKBL2OwFTAz878S85snjiNnAx7n8z,G97yzpX8HPnbmrVEC0Aoz2si9mlAiCfZmduqw99n,BR0isoSnDlgTmIqukAORkXTz6C9ABpEWp1Yw4Fx6
MOx9AM3J6rnEQQJCSsWfT7wdOetSni3OV0mrNgho,nOgJEtffp9e3P1qN9pqUrIZB0WQ9VIdptmx5wtia,BR0isoSnDlgTmIqukAORkXTz6C9ABpEWp1Yw4Fx6,hBG5vMBqkXoKVhe5nKFmfjAVyNoGHSr22VXcrkoN,MOx9AM3J6rnEQQJCSsWfT7wdOetSni3OV0mrNgho,0tSt4SUsOj8fKBL2OwFTAz878S85snjiNnAx7n8z
I9zyEumkNRxIzJ9lhMe24gjeuA05krtaF8GygUHD,G97yzpX8HPnbmrVEC0Aoz2si9mlAiCfZmduqw99n,0tSt4SUsOj8fKBL2OwFTAz878S85snjiNnAx7n8z,G0PLr6xT9E96wJTJXQDNB728J4rHnKFKya5jIcwT,I9zyEumkNRxIzJ9lhMe24gjeuA05krtaF8GygUHD,G97yzpX8HPnbmrVEC0Aoz2si9mlAiCfZmduqw99n
BR0isoSnDlgTmIqukAORkXTz6C9ABpEWp1Yw4Fx6,MOx9AM3J6rnEQQJCSsWfT7wdOetSni3OV0mrNgho,hBG5vMBqkXoKVhe5nKFmfjAVyNoGHSr22VXcrkoN,G97yzpX8HPnbmrVEC0Aoz2si9mlAiCfZmduqw99n,BR0isoSnDlgTmIqukAORkXTz6C9ABpEWp1Yw4Fx6,MOx9AM3J6rnEQQJCSsWfT7wdOetSni3OV0mrNgho
0tSt4SUsOj8fKBL2OwFTAz878S85snjiNnAx7n8z,I9zyEumkNRxIzJ9lhMe24gjeuA05krtaF8GygUHD,G0PLr6xT9E96wJTJXQDNB728J4rHnKFKya5jIcwT,MOx9AM3J6rnEQQJCSsWfT7wdOetSni3OV0mrNgho,0tSt4SUsOj8fKBL2OwFTAz878S85snjiNnAx7n8z,I9zyEumkNRxIzJ9lhMe24gjeuA05krtaF8GygUHD
hBG5vMBqkXoKVhe5nKFmfjAVyNoGHSr22VXcrkoN,BR0isoSnDlgTmIqukAORkXTz6C9ABpEWp1Yw4Fx6,DboXcHUzjiTnEyfVzMA8hgefX2B7suIPftuPWSyq,I9zyEumkNRxIzJ9lhMe24gjeuA05krtaF8GygUHD,hBG5vMBqkXoKVhe5nKFmfjAVyNoGHSr22VXcrkoN,BR0isoSnDlgTmIqukAORkXTz6C9ABpEWp1Yw4Fx6
G0PLr6xT9E96wJTJXQDNB728J4rHnKFKya5jIcwT,0tSt4SUsOj8fKBL2OwFTAz878S85snjiNnAx7n8z,G97yzpX8HPnbmrVEC0Aoz2si9mlAiCfZmduqw99n,BR0isoSnDlgTmIqukAORkXTz6C9ABpEWp1Yw4Fx6,G97yzpX8HPnbmrVEC0Aoz2si9mlAiCfZmduqw99n,0tSt4SUsOj8fKBL2OwFTAz878S85snjiNnAx7n8z
DboXcHUzjiTnEyfVzMA8hgefX2B7suIPftuPWSyq,hBG5vMBqkXoKVhe5nKFmfjAVyNoGHSr22VXcrkoN,MOx9AM3J6rnEQQJCSsWfT7wdOetSni3OV0mrNgho,0tSt4SUsOj8fKBL2OwFTAz878S85snjiNnAx7n8z,MOx9AM3J6rnEQQJCSsWfT7wdOetSni3OV0mrNgho,G97yzpX8HPnbmrVEC0Aoz2si9mlAiCfZmduqw99n
neo9uYRJVawyUm1nyXvQrJxwVqapvXp6gVg6kwxr,G0PLr6xT9E96wJTJXQDNB728J4rHnKFKya5jIcwT,I9zyEumkNRxIzJ9lhMe24gjeuA05krtaF8GygUHD,hBG5vMBqkXoKVhe5nKFmfjAVyNoGHSr22VXcrkoN,I9zyEumkNRxIzJ9lhMe24gjeuA05krtaF8GygUHD,MOx9AM3J6rnEQQJCSsWfT7wdOetSni3OV0mrNgho
G97yzpX8HPnbmrVEC0Aoz2si9mlAiCfZmduqw99n,DboXcHUzjiTnEyfVzMA8hgefX2B7suIPftuPWSyq,BR0isoSnDlgTmIqukAORkXTz6C9ABpEWp1Yw4Fx6,G0PLr6xT9E96wJTJXQDNB728J4rHnKFKya5jIcwT,BR0isoSnDlgTmIqukAORkXTz6C9ABpEWp1Yw4Fx6,I9zyEumkNRxIzJ9lhMe24gjeuA05krtaF8GygUHD
MOx9AM3J6rnEQQJCSsWfT7wdOetSni3OV0mrNgho,neo9uYRJVawyUm1nyXvQrJxwVqapvXp6gVg6kwxr,0tSt4SUsOj8fKBL2OwFTAz878S85snjiNnAx7n8z,G97yzpX8HPnbmrVEC0Aoz2si9mlAiCfZmduqw99n,0tSt4SUsOj8fKBL2OwFTAz878S85snjiNnAx7n8z,BR0isoSnDlgTmIqukAORkXTz6C9ABpEWp1Yw4Fx6
I9zyEumkNRxIzJ9lhMe24gjeuA05krtaF8GygUHD,nOgJEtffp9e3P1qN9pqUrIZB0WQ9VIdptmx5wtia,hBG5vMBqkXoKVhe5nKFmfjAVyNoGHSr22VXcrkoN,MOx9AM3J6rnEQQJCSsWfT7wdOetSni3OV0mrNgho,hBG5vMBqkXoKVhe5nKFmfjAVyNoGHSr22VXcrkoN,0tSt4SUsOj8fKBL2OwFTAz878S85snjiNnAx7n8z
BR0isoSnDlgTmIqukAORkXTz6C9ABpEWp1Yw4Fx6,G97yzpX8HPnbmrVEC0Aoz2si9mlAiCfZmduqw99n,G0PLr6xT9E96wJTJXQDNB728J4rHnKFKya5jIcwT,I9zyEumkNRxIzJ9lhMe24gjeuA05krtaF8GygUHD,G97yzpX8HPnbmrVEC0Aoz2si9mlAiCfZmduqw99n,G97yzpX8HPnbmrVEC0Aoz2si9mlAiCfZmduqw99n
0tSt4SUsOj8fKBL2OwFTAz878S85snjiNnAx7n8z,MOx9AM3J6rnEQQJCSsWfT7wdOetSni3OV0mrNgho,DboXcHUzjiTnEyfVzMA8hgefX2B7suIPftuPWSyq,BR0isoSnDlgTmIqukAORkXTz6C9ABpEWp1Yw4Fx6,MOx9AM3J6rnEQQJCSsWfT7wdOetSni3OV0mrNgho,MOx9AM3J6rnEQQJCSsWfT7wdOetSni3OV0mrNgho
hBG5vMBqkXoKVhe5nKFmfjAVyNoGHSr22VXcrkoN,I9zyEumkNRxIzJ9lhMe24gjeuA05krtaF8GygUHD,G97yzpX8HPnbmrVEC0Aoz2si9mlAiCfZmduqw99n,0tSt4SUsOj8fKBL2OwFTAz878S85snjiNnAx7n8z,I9zyEumkNRxIzJ9lhMe24gjeuA05krtaF8GygUHD,I9zyEumkNRxIzJ9lhMe24gjeuA05krtaF8GygUHD
G0PLr6xT9E96wJTJXQDNB728J4rHnKFKya5jIcwT,BR0isoSnDlgTmIqukAORkXTz6C9ABpEWp1Yw4Fx6,MOx9AM3J6rnEQQJCSsWfT7wdOetSni3OV0mrNgho,hBG5vMBqkXoKVhe5nKFmfjAVyNoGHSr22VXcrkoN,BR0isoSnDlgTmIqukAORkXTz6C9ABpEWp1Yw4Fx6,BR0isoSnDlgTmIqukAORkXTz6C9ABpEWp1Yw4Fx6
DboXcHUzjiTnEyfVzMA8hgefX2B7suIPftuPWSyq,0tSt4SUsOj8fKBL2OwFTAz878S85snjiNnAx7n8z,I9zyEumkNRxIzJ9lhMe24gjeuA05krtaF8GygUHD,G0PLr6xT9E96wJTJXQDNB728J4rHnKFKya5jIcwT,0tSt4SUsOj8fKBL2OwFTAz878S85snjiNnAx7n8z,0tSt4SUsOj8fKBL2OwFTAz878S85snjiNnAx7n8z
neo9uYRJVawyUm1nyXvQrJxwVqapvXp6gVg6kwxr,hBG5vMBqkXoKVhe5nKFmfjAVyNoGHSr22VXcrkoN,BR0isoSnDlgTmIqukAORkXTz6C9ABpEWp1Yw4Fx6,G97yzpX8HPnbmrVEC0Aoz2si9mlAiCfZmduqw99n,hBG5vMBqkXoKVhe5nKFmfjAVyNoGHSr22VXcrkoN,G97yzpX8HPnbmrVEC0Aoz2si9mlAiCfZmduqw99n
G97yzpX8HPnbmrVEC0Aoz2si9mlAiCfZmduqw99n,G0PLr6xT9E96wJTJXQDNB728J4rHnKFKya5jIcwT,0tSt4SUsOj8fKBL2OwFTAz878S85snjiNnAx7n8z,MOx9AM3J6rnEQQJCSsWfT7wdOetSni3OV0mrNgho,G97yzpX8HPnbmrVEC0Aoz2si9mlAiCfZmduqw99n,MOx9AM3J6rnEQQJCSsWfT7wdOetSni3OV0mrNgho
MOx9AM3J6rnEQQJCSsWfT7wdOetSni3OV0mrNgho,DboXcHUzjiTnEyfVzMA8hgefX2B7suIPftuPWSyq,hBG5vMBqkXoKVhe5nKFmfjAVyNoGHSr22VXcrkoN,I9zyEumkNRxIzJ9lhMe24gjeuA05krtaF8GygUHD,MOx9AM3J6rnEQQJCSsWfT7wdOetSni3OV0mrNgho,I9zyEumkNRxIzJ9lhMe24gjeuA05krtaF8GygUHD
I9zyEumkNRxIzJ9lhMe24gjeuA05krtaF8GygUHD,neo9uYRJVawyUm1nyXvQrJxwVqapvXp6gVg6kwxr,G0PLr6xT9E96wJTJXQDNB728J4rHnKFKya5jIcwT,BR0isoSnDlgTmIqukAORkXTz6C9ABpEWp1Yw4Fx6,I9zyEumkNRxIzJ9lhMe24gjeuA05krtaF8GygUHD,BR0isoSnDlgTmIqukAORkXTz6C9ABpEWp1Yw4Fx6
BR0isoSnDlgTmIqukAORkXTz6C9ABpEWp1Yw4Fx6,nOgJEtffp9e3P1qN9pqUrIZB0WQ9VIdptmx5wtia,DboXcHUzjiTnEyfVzMA8hgefX2B7suIPftuPWSyq,0tSt4SUsOj8fKBL2OwFTAz878S85snjiNnAx7n8z,BR0isoSnDlgTmIqukAORkXTz6C9ABpEWp1Yw4Fx6,0tSt4SUsOj8fKBL2OwFTAz878S85snjiNnAx7n8z
0tSt4SUsOj8fKBL2OwFTAz878S85snjiNnAx7n8z,G97yzpX8HPnbmrVEC0Aoz2si9mlAiCfZmduqw99n,G97yzpX8HPnbmrVEC0Aoz2si9mlAiCfZmduqw99n,hBG5vMBqkXoKVhe5nKFmfjAVyNoGHSr22VXcrkoN,0tSt4SUsOj8fKBL2OwFTAz878S85snjiNnAx7n8z,G97yzpX8HPnbmrVEC0Aoz2si9mlAiCfZmduqw99n
hBG5vMBqkXoKVhe5nKFmfjAVyNoGHSr22VXcrkoN,MOx9AM3J6rnEQQJCSsWfT7wdOetSni3OV0mrNgho,MOx9AM3J6rnEQQJCSsWfT7wdOetSni3OV0mrNgho,G0PLr6xT9E96wJTJXQDNB728J4rHnKFKya5jIcwT,hBG5vMBqkXoKVhe5nKFmfjAVyNoGHSr22VXcrkoN,MOx9AM3J6rnEQQJCSsWfT7wdOetSni3OV0mrNgho
G0PLr6xT9E96wJTJXQDNB728J4rHnKFKya5jIcwT,I9zyEumkNRxIzJ9lhMe24gjeuA05krtaF8GygUHD,I9zyEumkNRxIzJ9lhMe24gjeuA05krtaF8GygUHD,G97yzpX8HPnbmrVEC0Aoz2si9mlAiCfZmduqw99n,G97yzpX8HPnbmrVEC0Aoz2si9mlAiCfZmduqw99n,I9zyEumkNRxIzJ9lhMe24gjeuA05krtaF8GygUHD
DboXcHUzjiTnEyfVzMA8hgefX2B7suIPftuPWSyq,BR0isoSnDlgTmIqukAORkXTz6C9ABpEWp1Yw4Fx6,BR0isoSnDlgTmIqukAORkXTz6C9ABpEWp1Yw4Fx6,MOx9AM3J6rnEQQJCSsWfT7wdOetSni3OV0mrNgho,MOx9AM3J6rnEQQJCSsWfT7wdOetSni3OV0mrNgho,BR0isoSnDlgTmIqukAORkXTz6C9ABpEWp1Yw4Fx6
neo9uYRJVawyUm1nyXvQrJxwVqapvXp6gVg6kwxr,0tSt4SUsOj8fKBL2OwFTAz878S85snjiNnAx7n8z,0tSt4SUsOj8fKBL2OwFTAz878S85snjiNnAx7n8z,I9zyEumkNRxIzJ9lhMe24gjeuA05krtaF8GygUHD,I9zyEumkNRxIzJ9lhMe24gjeuA05krtaF8GygUHD,0tSt4SUsOj8fKBL2OwFTAz878S85snjiNnAx7n8z
G97yzpX8HPnbmrVEC0Aoz2si9mlAiCfZmduqw99n,hBG5vMBqkXoKVhe5nKFmfjAVyNoGHSr22VXcrkoN,hBG5vMBqkXoKVhe5nKFmfjAVyNoGHSr22VXcrkoN,BR0isoSnDlgTmIqukAORkXTz6C9ABpEWp1Yw4Fx6,BR0isoSnDlgTmIqukAORkXTz6C9ABpEWp1Yw4Fx6,G97yzpX8HPnbmrVEC0Aoz2si9mlAiCfZmduqw99n
MOx9AM3J6rnEQQJCSsWfT7wdOetSni3OV0mrNgho,G0PLr6xT9E96wJTJXQDNB728J4rHnKFKya5jIcwT,G0PLr6xT9E96wJTJXQDNB728J4rHnKFKya5jIcwT,0tSt4SUsOj8fKBL2OwFTAz878S85snjiNnAx7n8z,0tSt4SUsOj8fKBL2OwFTAz878S85snjiNnAx7n8z,MOx9AM3J6rnEQQJCSsWfT7wdOetSni3OV0mrNgho
I9zyEumkNRxIzJ9lhMe24gjeuA05krtaF8GygUHD,DboXcHUzjiTnEyfVzMA8hgefX2B7suIPftuPWSyq,DboXcHUzjiTnEyfVzMA8hgefX2B7suIPftuPWSyq,hBG5vMBqkXoKVhe5nKFmfjAVyNoGHSr22VXcrkoN,hBG5vMBqkXoKVhe5nKFmfjAVyNoGHSr22VXcrkoN,I9zyEumkNRxIzJ9lhMe24gjeuA05krtaF8GygUHD
BR0isoSnDlgTmIqukAORkXTz6C9ABpEWp1Yw4Fx6,neo9uYRJVawyUm1nyXvQrJxwVqapvXp6gVg6kwxr,G97yzpX8HPnbmrVEC0Aoz2si9mlAiCfZmduqw99n,G0PLr6xT9E96wJTJXQDNB728J4rHnKFKya5jIcwT,G97yzpX8HPnbmrVEC0Aoz2si9mlAiCfZmduqw99n,BR0isoSnDlgTmIqukAORkXTz6C9ABpEWp1Yw4Fx6
0tSt4SUsOj8fKBL2OwFTAz878S85snjiNnAx7n8z,nOgJEtffp9e3P1qN9pqUrIZB0WQ9VIdptmx5wtia,MOx9AM3J6rnEQQJCSsWfT7wdOetSni3OV0mrNgho,G97yzpX8HPnbmrVEC0Aoz2si9mlAiCfZmduqw99n,MOx9AM3J6rnEQQJCSsWfT7wdOetSni3OV0mrNgho,0tSt4SUsOj8fKBL2OwFTAz878S85snjiNnAx7n8z
hBG5vMBqkXoKVhe5nKFmfjAVyNoGHSr22VXcrkoN,G97yzpX8HPnbmrVEC0Aoz2si9mlAiCfZmduqw99n,I9zyEumkNRxIzJ9lhMe24gjeuA05krtaF8GygUHD,MOx9AM3J6rnEQQJCSsWfT7wdOetSni3OV0mrNgho,I9zyEumkNRxIzJ9lhMe24gjeuA05krtaF8GygUHD,G97yzpX8HPnbmrVEC0Aoz2si9mlAiCfZmduqw99n
G0PLr6xT9E96wJTJXQDNB728J4rHnKFKya5jIcwT,MOx9AM3J6rnEQQJCSsWfT7wdOetSni3OV0mrNgho,BR0isoSnDlgTmIqukAORkXTz6C9ABpEWp1Yw4Fx6,I9zyEumkNRxIzJ9lhMe24gjeuA05krtaF8GygUHD,BR0isoSnDlgTmIqukAORkXTz6C9ABpEWp1Yw4Fx6,MOx9AM3J6rnEQQJCSsWfT7wdOetSni3OV0mrNgho
DboXcHUzjiTnEyfVzMA8hgefX2B7suIPftuPWSyq,I9zyEumkNRxIzJ9lhMe24gjeuA05krtaF8GygUHD,0tSt4SUsOj8fKBL2OwFTAz878S85snjiNnAx7n8z,BR0isoSnDlgTmIqukAORkXTz6C9ABpEWp1Yw4Fx6,0tSt4SUsOj8fKBL2OwFTAz878S85snjiNnAx7n8z,I9zyEumkNRxIzJ9lhMe24gjeuA05krtaF8GygUHD
neo9uYRJVawyUm1nyXvQrJxwVqapvXp6gVg6kwxr,BR0isoSnDlgTmIqukAORkXTz6C9ABpEWp1Yw4Fx6,hBG5vMBqkXoKVhe5nKFmfjAVyNoGHSr22VXcrkoN,0tSt4SUsOj8fKBL2OwFTAz878S85snjiNnAx7n8z,hBG5vMBqkXoKVhe5nKFmfjAVyNoGHSr22VXcrkoN,BR0isoSnDlgTmIqukAORkXTz6C9ABpEWp1Yw4Fx6
G97yzpX8HPnbmrVEC0Aoz2si9mlAiCfZmduqw99n,0tSt4SUsOj8fKBL2OwFTAz878S85snjiNnAx7n8z,G0PLr6xT9E96wJTJXQDNB728J4rHnKFKya5jIcwT,hBG5vMBqkXoKVhe5nKFmfjAVyNoGHSr22VXcrkoN,G97yzpX8HPnbmrVEC0Aoz2si9mlAiCfZmduqw99n,0tSt4SUsOj8fKBL2OwFTAz878S85snjiNnAx7n8z
MOx9AM3J6rnEQQJCSsWfT7wdOetSni3OV0mrNgho,hBG5vMBqkXoKVhe5nKFmfjAVyNoGHSr22VXcrkoN,DboXcHUzjiTnEyfVzMA8hgefX2B7suIPftuPWSyq,G0PLr6xT9E96wJTJXQDNB728J4rHnKFKya5jIcwT,MOx9AM3J6rnEQQJCSsWfT7wdOetSni3OV0mrNgho,G97yzpX8HPnbmrVEC0Aoz2si9mlAiCfZmduqw99n
I9zyEumkNRxIzJ9lhMe24gjeuA05krtaF8GygUHD,G0PLr6xT9E96wJTJXQDNB728J4rHnKFKya5jIcwT,G97yzpX8HPnbmrVEC0Aoz2si9mlAiCfZmduqw99n,G97yzpX8HPnbmrVEC0Aoz2si9mlAiCfZmduqw99n,I9zyEumkNRxIzJ9lhMe24gjeuA05krtaF8GygUHD,MOx9AM3J6rnEQQJCSsWfT7wdOetSni3OV0mrNgho
BR0isoSnDlgTmIqukAORkXTz6C9ABpEWp1Yw4Fx6,DboXcHUzjiTnEyfVzMA8hgefX2B7suIPftuPWSyq,MOx9AM3J6rnEQQJCSsWfT7wdOetSni3OV0mrNgho,MOx9AM3J6rnEQQJCSsWfT7wdOetSni3OV0mrNgho,BR0isoSnDlgTmIqukAORkXTz6C9ABpEWp1Yw4Fx6,I9zyEumkNRxIzJ9lhMe24gjeuA05krtaF8GygUHD
0tSt4SUsOj8fKBL2OwFTAz878S85snjiNnAx7n8z,neo9uYRJVawyUm1nyXvQrJxwVqapvXp6gVg6kwxr,I9zyEumkNRxIzJ9lhMe24gjeuA05krtaF8GygUHD,I9zyEumkNRxIzJ9lhMe24gjeuA05krtaF8GygUHD,0tSt4SUsOj8fKBL2OwFTAz878S85snjiNnAx7n8z,BR0isoSnDlgTmIqukAORkXTz6C9ABpEWp1Yw4Fx6
hBG5vMBqkXoKVhe5nKFmfjAVyNoGHSr22VXcrkoN,nOgJEtffp9e3P1qN9pqUrIZB0WQ9VIdptmx5wtia,BR0isoSnDlgTmIqukAORkXTz6C9ABpEWp1Yw4Fx6,BR0isoSnDlgTmIqukAORkXTz6C9ABpEWp1Yw4Fx6,hBG5vMBqkXoKVhe5nKFmfjAVyNoGHSr22VXcrkoN,0tSt4SUsOj8fKBL2OwFTAz878S85snjiNnAx7n8z
G0PLr6xT9E96wJTJXQDNB728J4rHnKFKya5jIcwT,G97yzpX8HPnbmrVEC0Aoz2si9mlAiCfZmduqw99n,0tSt4SUsOj8fKBL2OwFTAz878S85snjiNnAx7n8z,0tSt4SUsOj8fKBL2OwFTAz878S85snjiNnAx7n8z,G97yzpX8HPnbmrVEC0Aoz2si9mlAiCfZmduqw99n,G97yzpX8HPnbmrVEC0Aoz2si9mlAiCfZmduqw99n
DboXcHUzjiTnEyfVzMA8hgefX2B7suIPftuPWSyq,MOx9AM3J6rnEQQJCSsWfT7wdOetSni3OV0mrNgho,hBG5vMBqkXoKVhe5nKFmfjAVyNoGHSr22VXcrkoN,hBG5vMBqkXoKVhe5nKFmfjAVyNoGHSr22VXcrkoN,MOx9AM3J6rnEQQJCSsWfT7wdOetSni3OV0mrNgho,MOx9AM3J6rnEQQJCSsWfT7wdOetSni3OV0mrNgho
neo9uYRJVawyUm1nyXvQrJxwVqapvXp6gVg6kwxr,I9zyEumkNRxIzJ9lhMe24gjeuA05krtaF8GygUHD,G0PLr6xT9E96wJTJXQDNB728J4rHnKFKya5jIcwT,G0PLr6xT9E96wJTJXQDNB728J4rHnKFKya5jIcwT,I9zyEumkNRxIzJ9lhMe24gjeuA05krtaF8GygUHD,I9zyEumkNRxIzJ9lhMe24gjeuA05krtaF8GygUHD
G97yzpX8HPnbmrVEC0Aoz2si9mlAiCfZmduqw99n,BR0isoSnDlgTmIqukAORkXTz6C9ABpEWp1Yw4Fx6,DboXcHUzjiTnEyfVzMA8hgefX2B7suIPftuPWSyq,G97yzpX8HPnbmrVEC0Aoz2si9mlAiCfZmduqw99n,BR0isoSnDlgTmIqukAORkXTz6C9ABpEWp1Yw4Fx6,BR0isoSnDlgTmIqukAORkXTz6C9ABpEWp1Yw4Fx6
MOx9AM3J6rnEQQJCSsWfT7wdOetSni3OV0mrNgho,0tSt4SUsOj8fKBL2OwFTAz878S85snjiNnAx7n8z,G97yzpX8HPnbmrVEC0Aoz2si9mlAiCfZmduqw99n,MOx9AM3J6rnEQQJCSsWfT7wdOetSni3OV0mrNgho,0tSt4SUsOj8fKBL2OwFTAz878S85snjiNnAx7n8z,0tSt4SUsOj8fKBL2OwFTAz878S85snjiNnAx7n8z
I9zyEumkNRxIzJ9lhMe24gjeuA05krtaF8GygUHD,hBG5vMBqkXoKVhe5nKFmfjAVyNoGHSr22VXcrkoN,MOx9AM3J6rnEQQJCSsWfT7wdOetSni3OV0mrNgho,I9zyEumkNRxIzJ9lhMe24gjeuA05krtaF8GygUHD,hBG5vMBqkXoKVhe5nKFmfjAVyNoGHSr22VXcrkoN,G97yzpX8HPnbmrVEC0Aoz2si9mlAiCfZmduqw99n
BR0isoSnDlgTmIqukAORkXTz6C9ABpEWp1Yw4Fx6,G0PLr6xT9E96wJTJXQDNB728J4rHnKFKya5jIcwT,I9zyEumkNRxIzJ9lhMe24gjeuA05krtaF8GygUHD,BR0isoSnDlgTmIqukAORkXTz6C9ABpEWp1Yw4Fx6,G97yzpX8HPnbmrVEC0Aoz2si9mlAiCfZmduqw99n,MOx9AM3J6rnEQQJCSsWfT7wdOetSni3OV0mrNgho
0tSt4SUsOj8fKBL2OwFTAz878S85snjiNnAx7n8z,DboXcHUzjiTnEyfVzMA8hgefX2B7suIPftuPWSyq,BR0isoSnDlgTmIqukAORkXTz6C9ABpEWp1Yw4Fx6,0tSt4SUsOj8fKBL2OwFTAz878S85snjiNnAx7n8z,MOx9AM3J6rnEQQJCSsWfT7wdOetSni3OV0mrNgho,I9zyEumkNRxIzJ9lhMe24gjeuA05krtaF8GygUHD
hBG5vMBqkXoKVhe5nKFmfjAVyNoGHSr22VXcrkoN,neo9uYRJVawyUm1nyXvQrJxwVqapvXp6gVg6kwxr,0tSt4SUsOj8fKBL2OwFTAz878S85snjiNnAx7n8z,hBG5vMBqkXoKVhe5nKFmfjAVyNoGHSr22VXcrkoN,I9zyEumkNRxIzJ9lhMe24gjeuA05krtaF8GygUHD,BR0isoSnDlgTmIqukAORkXTz6C9ABpEWp1Yw4Fx6
G0PLr6xT9E96wJTJXQDNB728J4rHnKFKya5jIcwT,nOgJEtffp9e3P1qN9pqUrIZB0WQ9VIdptmx5wtia,hBG5vMBqkXoKVhe5nKFmfjAVyNoGHSr22VXcrkoN,G0PLr6xT9E96wJTJXQDNB728J4rHnKFKya5jIcwT,BR0isoSnDlgTmIqukAORkXTz6C9ABpEWp1Yw4Fx6,0tSt4SUsOj8fKBL2OwFTAz878S85snjiNnAx7n8z
DboXcHUzjiTnEyfVzMA8hgefX2B7suIPftuPWSyq,G97yzpX8HPnbmrVEC0Aoz2si9mlAiCfZmduqw99n,G0PLr6xT9E96wJTJXQDNB728J4rHnKFKya5jIcwT,G97yzpX8HPnbmrVEC0Aoz2si9mlAiCfZmduqw99n,0tSt4SUsOj8fKBL2OwFTAz878S85snjiNnAx7n8z,G97yzpX8HPnbmrVEC0Aoz2si9mlAiCfZmduqw99n
neo9uYRJVawyUm1nyXvQrJxwVqapvXp6gVg6kwxr,MOx9AM3J6rnEQQJCSsWfT7wdOetSni3OV0mrNgho,DboXcHUzjiTnEyfVzMA8hgefX2B7suIPftuPWSyq,MOx9AM3J6rnEQQJCSsWfT7wdOetSni3OV0mrNgho,hBG5vMBqkXoKVhe5nKFmfjAVyNoGHSr22VXcrkoN,MOx9AM3J6rnEQQJCSsWfT7wdOetSni3OV0mrNgho
G97yzpX8HPnbmrVEC0Aoz2si9mlAiCfZmduqw99n,I9zyEumkNRxIzJ9lhMe24gjeuA05krtaF8GygUHD,G97yzpX8HPnbmrVEC0Aoz2si9mlAiCfZmduqw99n,I9zyEumkNRxIzJ9lhMe24gjeuA05krtaF8GygUHD,G97yzpX8HPnbmrVEC0Aoz2si9mlAiCfZmduqw99n,I9zyEumkNRxIzJ9lhMe24gjeuA05krtaF8GygUHD
MOx9AM3J6rnEQQJCSsWfT7wdOetSni3OV0mrNgho,BR0isoSnDlgTmIqukAORkXTz6C9ABpEWp1Yw4Fx6,MOx9AM3J6rnEQQJCSsWfT7wdOetSni3OV0mrNgho,BR0isoSnDlgTmIqukAORkXTz6C9ABpEWp1Yw4Fx6,MOx9AM3J6rnEQQJCSsWfT7wdOetSni3OV0mrNgho,BR0isoSnDlgTmIqukAORkXTz6C9ABpEWp1Yw4Fx6
I9zyEumkNRxIzJ9lhMe24gjeuA05krtaF8GygUHD,0tSt4SUsOj8fKBL2OwFTAz878S85snjiNnAx7n8z,I9zyEumkNRxIzJ9lhMe24gjeuA05krtaF8GygUHD,0tSt4SUsOj8fKBL2OwFTAz878S85snjiNnAx7n8z,I9zyEumkNRxIzJ9lhMe24gjeuA05krtaF8GygUHD,0tSt4SUsOj8fKBL2OwFTAz878S85snjiNnAx7n8z
BR0isoSnDlgTmIqukAORkXTz6C9ABpEWp1Yw4Fx6,hBG5vMBqkXoKVhe5nKFmfjAVyNoGHSr22VXcrkoN,BR0isoSnDlgTmIqukAORkXTz6C9ABpEWp1Yw4Fx6,hBG5vMBqkXoKVhe5nKFmfjAVyNoGHSr22VXcrkoN,BR0isoSnDlgTmIqukAORkXTz6C9ABpEWp1Yw4Fx6,G97yzpX8HPnbmrVEC0Aoz2si9mlAiCfZmduqw99n
0tSt4SUsOj8fKBL2OwFTAz878S85snjiNnAx7n8z,G0PLr6xT9E96wJTJXQDNB728J4rHnKFKya5jIcwT,0tSt4SUsOj8fKBL2OwFTAz878S85snjiNnAx7n8z,G0PLr6xT9E96wJTJXQDNB728J4rHnKFKya5jIcwT,0tSt4SUsOj8fKBL2OwFTAz878S85snjiNnAx7n8z,MOx9AM3J6rnEQQJCSsWfT7wdOetSni3OV0mrNgho
hBG5vMBqkXoKVhe5nKFmfjAVyNoGHSr22VXcrkoN,DboXcHUzjiTnEyfVzMA8hgefX2B7suIPftuPWSyq,hBG5vMBqkXoKVhe5nKFmfjAVyNoGHSr22VXcrkoN,G97yzpX8HPnbmrVEC0Aoz2si9mlAiCfZmduqw99n,hBG5vMBqkXoKVhe5nKFmfjAVyNoGHSr22VXcrkoN,I9zyEumkNRxIzJ9lhMe24gjeuA05krtaF8GygUHD
G0PLr6xT9E96wJTJXQDNB728J4rHnKFKya5jIcwT,neo9uYRJVawyUm1nyXvQrJxwVqapvXp6gVg6kwxr,G0PLr6xT9E96wJTJXQDNB728J4rHnKFKya5jIcwT,MOx9AM3J6rnEQQJCSsWfT7wdOetSni3OV0mrNgho,G97yzpX8HPnbmrVEC0Aoz2si9mlAiCfZmduqw99n,BR0isoSnDlgTmIqukAORkXTz6C9ABpEWp1Yw4Fx6
DboXcHUzjiTnEyfVzMA8hgefX2B7suIPftuPWSyq,nOgJEtffp9e3P1qN9pqUrIZB0WQ9VIdptmx5wtia,DboXcHUzjiTnEyfVzMA8hgefX2B7suIPftuPWSyq,I9zyEumkNRxIzJ9lhMe24gjeuA05krtaF8GygUHD,MOx9AM3J6rnEQQJCSsWfT7wdOetSni3OV0mrNgho,0tSt4SUsOj8fKBL2OwFTAz878S85snjiNnAx7n8z
neo9uYRJVawyUm1nyXvQrJxwVqapvXp6gVg6kwxr,G97yzpX8HPnbmrVEC0Aoz2si9mlAiCfZmduqw99n,G97yzpX8HPnbmrVEC0Aoz2si9mlAiCfZmduqw99n,BR0isoSnDlgTmIqukAORkXTz6C9ABpEWp1Yw4Fx6,I9zyEumkNRxIzJ9lhMe24gjeuA05krtaF8GygUHD,G97yzpX8HPnbmrVEC0Aoz2si9mlAiCfZmduqw99n
G97yzpX8HPnbmrVEC0Aoz2si9mlAiCfZmduqw99n,MOx9AM3J6rnEQQJCSsWfT7wdOetSni3OV0mrNgho,MOx9AM3J6rnEQQJCSsWfT7wdOetSni3OV0mrNgho,0tSt4SUsOj8fKBL2OwFTAz878S85snjiNnAx7n8z,BR0isoSnDlgTmIqukAORkXTz6C9ABpEWp1Yw4Fx6,MOx9AM3J6rnEQQJCSsWfT7wdOetSni3OV0mrNgho
MOx9AM3J6rnEQQJCSsWfT7wdOetSni3OV0mrNgho,I9zyEumkNRxIzJ9lhMe24gjeuA05krtaF8GygUHD,I9zyEumkNRxIzJ9lhMe24gjeuA05krtaF8GygUHD,hBG5vMBqkXoKVhe5nKFmfjAVyNoGHSr22VXcrkoN,0tSt4SUsOj8fKBL2OwFTAz878S85snjiNnAx7n8z,I9zyEumkNRxIzJ9lhMe24gjeuA05krtaF8GygUHD
I9zyEumkNRxIzJ9lhMe24gjeuA05krtaF8GygUHD,BR0isoSnDlgTmIqukAORkXTz6C9ABpEWp1Yw4Fx6,BR0isoSnDlgTmIqukAORkXTz6C9ABpEWp1Yw4Fx6,G0PLr6xT9E96wJTJXQDNB728J4rHnKFKya5jIcwT,hBG5vMBqkXoKVhe5nKFmfjAVyNoGHSr22VXcrkoN,BR0isoSnDlgTmIqukAORkXTz6C9ABpEWp1Yw4Fx6
BR0isoSnDlgTmIqukAORkXTz6C9ABpEWp1Yw4Fx6,0tSt4SUsOj8fKBL2OwFTAz878S85snjiNnAx7n8z,0tSt4SUsOj8fKBL2OwFTAz878S85snjiNnAx7n8z,G97yzpX8HPnbmrVEC0Aoz2si9mlAiCfZmduqw99n,G97yzpX8HPnbmrVEC0Aoz2si9mlAiCfZmduqw99n,0tSt4SUsOj8fKBL2OwFTAz878S85snjiNnAx7n8z
0tSt4SUsOj8fKBL2OwFTAz878S85snjiNnAx7n8z,hBG5vMBqkXoKVhe5nKFmfjAVyNoGHSr22VXcrkoN,hBG5vMBqkXoKVhe5nKFmfjAVyNoGHSr22VXcrkoN,MOx9AM3J6rnEQQJCSsWfT7wdOetSni3OV0mrNgho,MOx9AM3J6rnEQQJCSsWfT7wdOetSni3OV0mrNgho,G97yzpX8HPnbmrVEC0Aoz2si9mlAiCfZmduqw99n
hBG5vMBqkXoKVhe5nKFmfjAVyNoGHSr22VXcrkoN,G0PLr6xT9E96wJTJXQDNB728J4rHnKFKya5jIcwT,G0PLr6xT9E96wJTJXQDNB728J4rHnKFKya5jIcwT,I9zyEumkNRxIzJ9lhMe24gjeuA05krtaF8GygUHD,I9zyEumkNRxIzJ9lhMe24gjeuA05krtaF8GygUHD,MOx9AM3J6rnEQQJCSsWfT7wdOetSni3OV0mrNgho
G0PLr6xT9E96wJTJXQDNB728J4rHnKFKya5jIcwT,DboXcHUzjiTnEyfVzMA8hgefX2B7suIPftuPWSyq,DboXcHUzjiTnEyfVzMA8hgefX2B7suIPftuPWSyq,BR0isoSnDlgTmIqukAORkXTz6C9ABpEWp1Yw4Fx6,BR0isoSnDlgTmIqukAORkXTz6C9ABpEWp1Yw4Fx6,I9zyEumkNRxIzJ9lhMe24gjeuA05krtaF8GygUHD
DboXcHUzjiTnEyfVzMA8hgefX2B7suIPftuPWSyq,neo9uYRJVawyUm1nyXvQrJxwVqapvXp6gVg6kwxr,G97yzpX8HPnbmrVEC0Aoz2si9mlAiCfZmduqw99n,0tSt4SUsOj8fKBL2OwFTAz878S85snjiNnAx7n8z,0tSt4SUsOj8fKBL2OwFTAz878S85snjiNnAx7n8z,BR0isoSnDlgTmIqukAORkXTz6C9ABpEWp1Yw4Fx6
neo9uYRJVawyUm1nyXvQrJxwVqapvXp6gVg6kwxr,nOgJEtffp9e3P1qN9pqUrIZB0WQ9VIdptmx5wtia,MOx9AM3J6rnEQQJCSsWfT7wdOetSni3OV0mrNgho,hBG5vMBqkXoKVhe5nKFmfjAVyNoGHSr22VXcrkoN,hBG5vMBqkXoKVhe5nKFmfjAVyNoGHSr22VXcrkoN,0tSt4SUsOj8fKBL2OwFTAz878S85snjiNnAx7n8z
G97yzpX8HPnbmrVEC0Aoz2si9mlAiCfZmduqw99n,G97yzpX8HPnbmrVEC0Aoz2si9mlAiCfZmduqw99n,I9zyEumkNRxIzJ9lhMe24gjeuA05krtaF8GygUHD,G0PLr6xT9E96wJTJXQDNB728J4rHnKFKya5jIcwT,G97yzpX8HPnbmrVEC0Aoz2si9mlAiCfZmduqw99n,G97yzpX8HPnbmrVEC0Aoz2si9mlAiCfZmduqw99n
MOx9AM3J6rnEQQJCSsWfT7wdOetSni3OV0mrNgho,MOx9AM3J6rnEQQJCSsWfT7wdOetSni3OV0mrNgho,BR0isoSnDlgTmIqukAORkXTz6C9ABpEWp1Yw4Fx6,G97yzpX8HPnbmrVEC0Aoz2si9mlAiCfZmduqw99n,MOx9AM3J6rnEQQJCSsWfT7wdOetSni3OV0mrNgho,MOx9AM3J6rnEQQJCSsWfT7wdOetSni3OV0mrNgho
I9zyEumkNRxIzJ9lhMe24gjeuA05krtaF8GygUHD,I9zyEumkNRxIzJ9lhMe24gjeuA05krtaF8GygUHD,0tSt4SUsOj8fKBL2OwFTAz878S85snjiNnAx7n8z,MOx9AM3J6rnEQQJCSsWfT7wdOetSni3OV0mrNgho,I9zyEumkNRxIzJ9lhMe24gjeuA05krtaF8GygUHD,I9zyEumkNRxIzJ9lhMe24gjeuA05krtaF8GygUHD
BR0isoSnDlgTmIqukAORkXTz6C9ABpEWp1Yw4Fx6,BR0isoSnDlgTmIqukAORkXTz6C9ABpEWp1Yw4Fx6,hBG5vMBqkXoKVhe5nKFmfjAVyNoGHSr22VXcrkoN,I9zyEumkNRxIzJ9lhMe24gjeuA05krtaF8GygUHD,BR0isoSnDlgTmIqukAORkXTz6C9ABpEWp1Yw4Fx6,BR0isoSnDlgTmIqukAORkXTz6C9ABpEWp1Yw4Fx6
0tSt4SUsOj8fKBL2OwFTAz878S85snjiNnAx7n8z,0tSt4SUsOj8fKBL2OwFTAz878S85snjiNnAx7n8z,G0PLr6xT9E96wJTJXQDNB728J4rHnKFKya5jIcwT,BR0isoSnDlgTmIqukAORkXTz6C9ABpEWp1Yw4Fx6,0tSt4SUsOj8fKBL2OwFTAz878S85snjiNnAx7n8z,0tSt4SUsOj8fKBL2OwFTAz878S85snjiNnAx7n8z
hBG5vMBqkXoKVhe5nKFmfjAVyNoGHSr22VXcrkoN,hBG5vMBqkXoKVhe5nKFmfjAVyNoGHSr22VXcrkoN,DboXcHUzjiTnEyfVzMA8hgefX2B7suIPftuPWSyq,0tSt4SUsOj8fKBL2OwFTAz878S85snjiNnAx7n8z,hBG5vMBqkXoKVhe5nKFmfjAVyNoGHSr22VXcrkoN,G97yzpX8HPnbmrVEC0Aoz2si9mlAiCfZmduqw99n
G0PLr6xT9E96wJTJXQDNB728J4rHnKFKya5jIcwT,G0PLr6xT9E96wJTJXQDNB728J4rHnKFKya5jIcwT,G97yzpX8HPnbmrVEC0Aoz2si9mlAiCfZmduqw99n,hBG5vMBqkXoKVhe5nKFmfjAVyNoGHSr22VXcrkoN,G97yzpX8HPnbmrVEC0Aoz2si9mlAiCfZmduqw99n,MOx9AM3J6rnEQQJCSsWfT7wdOetSni3OV0mrNgho
DboXcHUzjiTnEyfVzMA8hgefX2B7suIPftuPWSyq,DboXcHUzjiTnEyfVzMA8hgefX2B7suIPftuPWSyq,MOx9AM3J6rnEQQJCSsWfT7wdOetSni3OV0mrNgho,G0PLr6xT9E96wJTJXQDNB728J4rHnKFKya5jIcwT,MOx9AM3J6rnEQQJCSsWfT7wdOetSni3OV0mrNgho,I9zyEumkNRxIzJ9lhMe24gjeuA05krtaF8GygUHD
neo9uYRJVawyUm1nyXvQrJxwVqapvXp6gVg6kwxr,neo9uYRJVawyUm1nyXvQrJxwVqapvXp6gVg6kwxr,I9zyEumkNRxIzJ9lhMe24gjeuA05krtaF8GygUHD,G97yzpX8HPnbmrVEC0Aoz2si9mlAiCfZmduqw99n,I9zyEumkNRxIzJ9lhMe24gjeuA05krtaF8GygUHD,BR0isoSnDlgTmIqukAORkXTz6C9ABpEWp1Yw4Fx6
G97yzpX8HPnbmrVEC0Aoz2si9mlAiCfZmduqw99n,nOgJEtffp9e3P1qN9pqUrIZB0WQ9VIdptmx5wtia,BR0isoSnDlgTmIqukAORkXTz6C9ABpEWp1Yw4Fx6,MOx9AM3J6rnEQQJCSsWfT7wdOetSni3OV0mrNgho,BR0isoSnDlgTmIqukAORkXTz6C9ABpEWp1Yw4Fx6,0tSt4SUsOj8fKBL2OwFTAz878S85snjiNnAx7n8z
MOx9AM3J6rnEQQJCSsWfT7wdOetSni3OV0mrNgho,G97yzpX8HPnbmrVEC0Aoz2si9mlAiCfZmduqw99n,0tSt4SUsOj8fKBL2OwFTAz878S85snjiNnAx7n8z,I9zyEumkNRxIzJ9lhMe24gjeuA05krtaF8GygUHD,0tSt4SUsOj8fKBL2OwFTAz878S85snjiNnAx7n8z,G97yzpX8HPnbmrVEC0Aoz2si9mlAiCfZmduqw99n
I9zyEumkNRxIzJ9lhMe24gjeuA05krtaF8GygUHD,MOx9AM3J6rnEQQJCSsWfT7wdOetSni3OV0mrNgho,hBG5vMBqkXoKVhe5nKFmfjAVyNoGHSr22VXcrkoN,BR0isoSnDlgTmIqukAORkXTz6C9ABpEWp1Yw4Fx6,hBG5vMBqkXoKVhe5nKFmfjAVyNoGHSr22VXcrkoN,MOx9AM3J6rnEQQJCSsWfT7wdOetSni3OV0mrNgho
BR0isoSnDlgTmIqukAORkXTz6C9ABpEWp1Yw4Fx6,I9zyEumkNRxIzJ9lhMe24gjeuA05krtaF8GygUHD,G0PLr6xT9E96wJTJXQDNB728J4rHnKFKya5jIcwT,0tSt4SUsOj8fKBL2OwFTAz878S85snjiNnAx7n8z,G97yzpX8HPnbmrVEC0Aoz2si9mlAiCfZmduqw99n,I9zyEumkNRxIzJ9lhMe24gjeuA05krtaF8GygUHD
0tSt4SUsOj8fKBL2OwFTAz878S85snjiNnAx7n8z,BR0isoSnDlgTmIqukAORkXTz6C9ABpEWp1Yw4Fx6,DboXcHUzjiTnEyfVzMA8hgefX2B7suIPftuPWSyq,hBG5vMBqkXoKVhe5nKFmfjAVyNoGHSr22VXcrkoN,MOx9AM3J6rnEQQJCSsWfT7wdOetSni3OV0mrNgho,BR0isoSnDlgTmIqukAORkXTz6C9ABpEWp1Yw4Fx6
hBG5vMBqkXoKVhe5nKFmfjAVyNoGHSr22VXcrkoN,0tSt4SUsOj8fKBL2OwFTAz878S85snjiNnAx7n8z,G97yzpX8HPnbmrVEC0Aoz2si9mlAiCfZmduqw99n,G0PLr6xT9E96wJTJXQDNB728J4rHnKFKya5jIcwT,I9zyEumkNRxIzJ9lhMe24gjeuA05krtaF8GygUHD,0tSt4SUsOj8fKBL2OwFTAz878S85snjiNnAx7n8z
G0PLr6xT9E96wJTJXQDNB728J4rHnKFKya5jIcwT,hBG5vMBqkXoKVhe5nKFmfjAVyNoGHSr22VXcrkoN,MOx9AM3J6rnEQQJCSsWfT7wdOetSni3OV0mrNgho,G97yzpX8HPnbmrVEC0Aoz2si9mlAiCfZmduqw99n,BR0isoSnDlgTmIqukAORkXTz6C9ABpEWp1Yw4Fx6,G97yzpX8HPnbmrVEC0Aoz2si9mlAiCfZmduqw99n
DboXcHUzjiTnEyfVzMA8hgefX2B7suIPftuPWSyq,G0PLr6xT9E96wJTJXQDNB728J4rHnKFKya5jIcwT,I9zyEumkNRxIzJ9lhMe24gjeuA05krtaF8GygUHD,MOx9AM3J6rnEQQJCSsWfT7wdOetSni3OV0mrNgho,0tSt4SUsOj8fKBL2OwFTAz878S85snjiNnAx7n8z,MOx9AM3J6rnEQQJCSsWfT7wdOetSni3OV0mrNgho
neo9uYRJVawyUm1nyXvQrJxwVqapvXp6gVg6kwxr,DboXcHUzjiTnEyfVzMA8hgefX2B7suIPftuPWSyq,BR0isoSnDlgTmIqukAORkXTz6C9ABpEWp1Yw4Fx6,I9zyEumkNRxIzJ9lhMe24gjeuA05krtaF8GygUHD,hBG5vMBqkXoKVhe5nKFmfjAVyNoGHSr22VXcrkoN,I9zyEumkNRxIzJ9lhMe24gjeuA05krtaF8GygUHD
G97yzpX8HPnbmrVEC0Aoz2si9mlAiCfZmduqw99n,neo9uYRJVawyUm1nyXvQrJxwVqapvXp6gVg6kwxr,0tSt4SUsOj8fKBL2OwFTAz878S85snjiNnAx7n8z,BR0isoSnDlgTmIqukAORkXTz6C9ABpEWp1Yw4Fx6,G97yzpX8HPnbmrVEC0Aoz2si9mlAiCfZmduqw99n,BR0isoSnDlgTmIqukAORkXTz6C9ABpEWp1Yw4Fx6
MOx9AM3J6rnEQQJCSsWfT7wdOetSni3OV0mrNgho,nOgJEtffp9e3P1qN9pqUrIZB0WQ9VIdptmx5wtia,hBG5vMBqkXoKVhe5nKFmfjAVyNoGHSr22VXcrkoN,0tSt4SUsOj8fKBL2OwFTAz878S85snjiNnAx7n8z,MOx9AM3J6rnEQQJCSsWfT7wdOetSni3OV0mrNgho,0tSt4SUsOj8fKBL2OwFTAz878S85snjiNnAx7n8z
I9zyEumkNRxIzJ9lhMe24gjeuA05krtaF8GygUHD,G97yzpX8HPnbmrVEC0Aoz2si9mlAiCfZmduqw99n,G0PLr6xT9E96wJTJXQDNB728J4rHnKFKya5jIcwT,hBG5vMBqkXoKVhe5nKFmfjAVyNoGHSr22VXcrkoN,I9zyEumkNRxIzJ9lhMe24gjeuA05krtaF8GygUHD,G97yzpX8HPnbmrVEC0Aoz2si9mlAiCfZmduqw99n
BR0isoSnDlgTmIqukAORkXTz6C9ABpEWp1Yw4Fx6,MOx9AM3J6rnEQQJCSsWfT7wdOetSni3OV0mrNgho,DboXcHUzjiTnEyfVzMA8hgefX2B7suIPftuPWSyq,G0PLr6xT9E96wJTJXQDNB728J4rHnKFKya5jIcwT,BR0isoSnDlgTmIqukAORkXTz6C9ABpEWp1Yw4Fx6,MOx9AM3J6rnEQQJCSsWfT7wdOetSni3OV0mrNgho
0tSt4SUsOj8fKBL2OwFTAz878S85snjiNnAx7n8z,I9zyEumkNRxIzJ9lhMe24gjeuA05krtaF8GygUHD,G97yzpX8HPnbmrVEC0Aoz2si9mlAiCfZmduqw99n,G97yzpX8HPnbmrVEC0Aoz2si9mlAiCfZmduqw99n,0tSt4SUsOj8fKBL2OwFTAz878S85snjiNnAx7n8z,I9zyEumkNRxIzJ9lhMe24gjeuA05krtaF8GygUHD
hBG5vMBqkXoKVhe5nKFmfjAVyNoGHSr22VXcrkoN,BR0isoSnDlgTmIqukAORkXTz6C9ABpEWp1Yw4Fx6,MOx9AM3J6rnEQQJCSsWfT7wdOetSni3OV0mrNgho,MOx9AM3J6rnEQQJCSsWfT7wdOetSni3OV0mrNgho,hBG5vMBqkXoKVhe5nKFmfjAVyNoGHSr22VXcrkoN,BR0isoSnDlgTmIqukAORkXTz6C9ABpEWp1Yw4Fx6
G0PLr6xT9E96wJTJXQDNB728J4rHnKFKya5jIcwT,0tSt4SUsOj8fKBL2OwFTAz878S85snjiNnAx7n8z,I9zyEumkNRxIzJ9lhMe24gjeuA05krtaF8GygUHD,I9zyEumkNRxIzJ9lhMe24gjeuA05krtaF8GygUHD,G97yzpX8HPnbmrVEC0Aoz2si9mlAiCfZmduqw99n,0tSt4SUsOj8fKBL2OwFTAz878S85snjiNnAx7n8z
DboXcHUzjiTnEyfVzMA8hgefX2B7suIPftuPWSyq,hBG5vMBqkXoKVhe5nKFmfjAVyNoGHSr22VXcrkoN,BR0isoSnDlgTmIqukAORkXTz6C9ABpEWp1Yw4Fx6,BR0isoSnDlgTmIqukAORkXTz6C9ABpEWp1Yw4Fx6,MOx9AM3J6rnEQQJCSsWfT7wdOetSni3OV0mrNgho,G97yzpX8HPnbmrVEC0Aoz2si9mlAiCfZmduqw99n
neo9uYRJVawyUm1nyXvQrJxwVqapvXp6gVg6kwxr,G0PLr6xT9E96wJTJXQDNB728J4rHnKFKya5jIcwT,0tSt4SUsOj8fKBL2OwFTAz878S85snjiNnAx7n8z,0tSt4SUsOj8fKBL2OwFTAz878S85snjiNnAx7n8z,I9zyEumkNRxIzJ9lhMe24gjeuA05krtaF8GygUHD,MOx9AM3J6rnEQQJCSsWfT7wdOetSni3OV0mrNgho
G97yzpX8HPnbmrVEC0Aoz2si9mlAiCfZmduqw99n,DboXcHUzjiTnEyfVzMA8hgefX2B7suIPftuPWSyq,hBG5vMBqkXoKVhe5nKFmfjAVyNoGHSr22VXcrkoN,hBG5vMBqkXoKVhe5nKFmfjAVyNoGHSr22VXcrkoN,BR0isoSnDlgTmIqukAORkXTz6C9ABpEWp1Yw4Fx6,I9zyEumkNRxIzJ9lhMe24gjeuA05krtaF8GygUHD
MOx9AM3J6rnEQQJCSsWfT7wdOetSni3OV0mrNgho,neo9uYRJVawyUm1nyXvQrJxwVqapvXp6gVg6kwxr,G0PLr6xT9E96wJTJXQDNB728J4rHnKFKya5jIcwT,G0PLr6xT9E96wJTJXQDNB728J4rHnKFKya5jIcwT,0tSt4SUsOj8fKBL2OwFTAz878S85snjiNnAx7n8z,BR0isoSnDlgTmIqukAORkXTz6C9ABpEWp1Yw4Fx6
I9zyEumkNRxIzJ9lhMe24gjeuA05krtaF8GygUHD,nOgJEtffp9e3P1qN9pqUrIZB0WQ9VIdptmx5wtia,DboXcHUzjiTnEyfVzMA8hgefX2B7suIPftuPWSyq,G97yzpX8HPnbmrVEC0Aoz2si9mlAiCfZmduqw99n,hBG5vMBqkXoKVhe5nKFmfjAVyNoGHSr22VXcrkoN,0tSt4SUsOj8fKBL2OwFTAz878S85snjiNnAx7n8z
BR0isoSnDlgTmIqukAORkXTz6C9ABpEWp1Yw4Fx6,G97yzpX8HPnbmrVEC0Aoz2si9mlAiCfZmduqw99n,G97yzpX8HPnbmrVEC0Aoz2si9mlAiCfZmduqw99n,MOx9AM3J6rnEQQJCSsWfT7wdOetSni3OV0mrNgho,G97yzpX8HPnbmrVEC0Aoz2si9mlAiCfZmduqw99n,G97yzpX8HPnbmrVEC0Aoz2si9mlAiCfZmduqw99n
0tSt4SUsOj8fKBL2OwFTAz878S85snjiNnAx7n8z,MOx9AM3J6rnEQQJCSsWfT7wdOetSni3OV0mrNgho,MOx9AM3J6rnEQQJCSsWfT7wdOetSni3OV0mrNgho,I9zyEumkNRxIzJ9lhMe24gjeuA05krtaF8GygUHD,MOx9AM3J6rnEQQJCSsWfT7wdOetSni3OV0mrNgho,MOx9AM3J6rnEQQJCSsWfT7wdOetSni3OV0mrNgho
hBG5vMBqkXoKVhe5nKFmfjAVyNoGHSr22VXcrkoN,I9zyEumkNRxIzJ9lhMe24gjeuA05krtaF8GygUHD,I9zyEumkNRxIzJ9lhMe24gjeuA05krtaF8GygUHD,BR0isoSnDlgTmIqukAORkXTz6C9ABpEWp1Yw4Fx6,I9zyEumkNRxIzJ9lhMe24gjeuA05krtaF8GygUHD,I9zyEumkNRxIzJ9lhMe24gjeuA05krtaF8GygUHD
G0PLr6xT9E96wJTJXQDNB728J4rHnKFKya5jIcwT,BR0isoSnDlgTmIqukAORkXTz6C9ABpEWp1Yw4Fx6,BR0isoSnDlgTmIqukAORkXTz6C9ABpEWp1Yw4Fx6,0tSt4SUsOj8fKBL2OwFTAz878S85snjiNnAx7n8z,BR0isoSnDlgTmIqukAORkXTz6C9ABpEWp1Yw4Fx6,BR0isoSnDlgTmIqukAORkXTz6C9ABpEWp1Yw4Fx6
DboXcHUzjiTnEyfVzMA8hgefX2B7suIPftuPWSyq,0tSt4SUsOj8fKBL2OwFTAz878S85snjiNnAx7n8z,0tSt4SUsOj8fKBL2OwFTAz878S85snjiNnAx7n8z,hBG5vMBqkXoKVhe5nKFmfjAVyNoGHSr22VXcrkoN,0tSt4SUsOj8fKBL2OwFTAz878S85snjiNnAx7n8z,0tSt4SUsOj8fKBL2OwFTAz878S85snjiNnAx7n8z
neo9uYRJVawyUm1nyXvQrJxwVqapvXp6gVg6kwxr,hBG5vMBqkXoKVhe5nKFmfjAVyNoGHSr22VXcrkoN,hBG5vMBqkXoKVhe5nKFmfjAVyNoGHSr22VXcrkoN,G0PLr6xT9E96wJTJXQDNB728J4rHnKFKya5jIcwT,hBG5vMBqkXoKVhe5nKFmfjAVyNoGHSr22VXcrkoN,G97yzpX8HPnbmrVEC0Aoz2si9mlAiCfZmduqw99n
G97yzpX8HPnbmrVEC0Aoz2si9mlAiCfZmduqw99n,G0PLr6xT9E96wJTJXQDNB728J4rHnKFKya5jIcwT,G0PLr6xT9E96wJTJXQDNB728J4rHnKFKya5jIcwT,G97yzpX8HPnbmrVEC0Aoz2si9mlAiCfZmduqw99n,G97yzpX8HPnbmrVEC0Aoz2si9mlAiCfZmduqw99n,MOx9AM3J6rnEQQJCSsWfT7wdOetSni3OV0mrNgho
MOx9AM3J6rnEQQJCSsWfT7wdOetSni3OV0mrNgho,DboXcHUzjiTnEyfVzMA8hgefX2B7suIPftuPWSyq,DboXcHUzjiTnEyfVzMA8hgefX2B7suIPftuPWSyq,MOx9AM3J6rnEQQJCSsWfT7wdOetSni3OV0mrNgho,MOx9AM3J6rnEQQJCSsWfT7wdOetSni3OV0mrNgho,I9zyEumkNRxIzJ9lhMe24gjeuA05krtaF8GygUHD
I9zyEumkNRxIzJ9lhMe24gjeuA05krtaF8GygUHD,neo9uYRJVawyUm1nyXvQrJxwVqapvXp6gVg6kwxr,G97yzpX8HPnbmrVEC0Aoz2si9mlAiCfZmduqw99n,I9zyEumkNRxIzJ9lhMe24gjeuA05krtaF8GygUHD,I9zyEumkNRxIzJ9lhMe24gjeuA05krtaF8GygUHD,BR0isoSnDlgTmIqukAORkXTz6C9ABpEWp1Yw4Fx6
BR0isoSnDlgTmIqukAORkXTz6C9ABpEWp1Yw4Fx6,nOgJEtffp9e3P1qN9pqUrIZB0WQ9VIdptmx5wtia,MOx9AM3J6rnEQQJCSsWfT7wdOetSni3OV0mrNgho,BR0isoSnDlgTmIqukAORkXTz6C9ABpEWp1Yw4Fx6,BR0isoSnDlgTmIqukAORkXTz6C9ABpEWp1Yw4Fx6,0tSt4SUsOj8fKBL2OwFTAz878S85snjiNnAx7n8z
0tSt4SUsOj8fKBL2OwFTAz878S85snjiNnAx7n8z,G97yzpX8HPnbmrVEC0Aoz2si9mlAiCfZmduqw99n,I9zyEumkNRxIzJ9lhMe24gjeuA05krtaF8GygUHD,0tSt4SUsOj8fKBL2OwFTAz878S85snjiNnAx7n8z,0tSt4SUsOj8fKBL2OwFTAz878S85snjiNnAx7n8z,G97yzpX8HPnbmrVEC0Aoz2si9mlAiCfZmduqw99n
hBG5vMBqkXoKVhe5nKFmfjAVyNoGHSr22VXcrkoN,MOx9AM3J6rnEQQJCSsWfT7wdOetSni3OV0mrNgho,BR0isoSnDlgTmIqukAORkXTz6C9ABpEWp1Yw4Fx6,hBG5vMBqkXoKVhe5nKFmfjAVyNoGHSr22VXcrkoN,hBG5vMBqkXoKVhe5nKFmfjAVyNoGHSr22VXcrkoN,MOx9AM3J6rnEQQJCSsWfT7wdOetSni3OV0mrNgho
G0PLr6xT9E96wJTJXQDNB728J4rHnKFKya5jIcwT,I9zyEumkNRxIzJ9lhMe24gjeuA05krtaF8GygUHD,0tSt4SUsOj8fKBL2OwFTAz878S85snjiNnAx7n8z,G0PLr6xT9E96wJTJXQDNB728J4rHnKFKya5jIcwT,G97yzpX8HPnbmrVEC0Aoz2si9mlAiCfZmduqw99n,I9zyEumkNRxIzJ9lhMe24gjeuA05krtaF8GygUHD
DboXcHUzjiTnEyfVzMA8hgefX2B7suIPftuPWSyq,BR0isoSnDlgTmIqukAORkXTz6C9ABpEWp1Yw4Fx6,hBG5vMBqkXoKVhe5nKFmfjAVyNoGHSr22VXcrkoN,G97yzpX8HPnbmrVEC0Aoz2si9mlAiCfZmduqw99n,MOx9AM3J6rnEQQJCSsWfT7wdOetSni3OV0mrNgho,BR0isoSnDlgTmIqukAORkXTz6C9ABpEWp1Yw4Fx6
neo9uYRJVawyUm1nyXvQrJxwVqapvXp6gVg6kwxr,0tSt4SUsOj8fKBL2OwFTAz878S85snjiNnAx7n8z,G0PLr6xT9E96wJTJXQDNB728J4rHnKFKya5jIcwT,MOx9AM3J6rnEQQJCSsWfT7wdOetSni3OV0mrNgho,I9zyEumkNRxIzJ9lhMe24gjeuA05krtaF8GygUHD,0tSt4SUsOj8fKBL2OwFTAz878S85snjiNnAx7n8z
G97yzpX8HPnbmrVEC0Aoz2si9mlAiCfZmduqw99n,hBG5vMBqkXoKVhe5nKFmfjAVyNoGHSr22VXcrkoN,DboXcHUzjiTnEyfVzMA8hgefX2B7suIPftuPWSyq,I9zyEumkNRxIzJ9lhMe24gjeuA05krtaF8GygUHD,BR0isoSnDlgTmIqukAORkXTz6C9ABpEWp1Yw4Fx6,G97yzpX8HPnbmrVEC0Aoz2si9mlAiCfZmduqw99n
MOx9AM3J6rnEQQJCSsWfT7wdOetSni3OV0mrNgho,G0PLr6xT9E96wJTJXQDNB728J4rHnKFKya5jIcwT,G97yzpX8HPnbmrVEC0Aoz2si9mlAiCfZmduqw99n,BR0isoSnDlgTmIqukAORkXTz6C9ABpEWp1Yw4Fx6,0tSt4SUsOj8fKBL2OwFTAz878S85snjiNnAx7n8z,MOx9AM3J6rnEQQJCSsWfT7wdOetSni3OV0mrNgho
I9zyEumkNRxIzJ9lhMe24gjeuA05krtaF8GygUHD,DboXcHUzjiTnEyfVzMA8hgefX2B7suIPftuPWSyq,MOx9AM3J6rnEQQJCSsWfT7wdOetSni3OV0mrNgho,0tSt4SUsOj8fKBL2OwFTAz878S85snjiNnAx7n8z,hBG5vMBqkXoKVhe5nKFmfjAVyNoGHSr22VXcrkoN,I9zyEumkNRxIzJ9lhMe24gjeuA05krtaF8GygUHD
BR0isoSnDlgTmIqukAORkXTz6C9ABpEWp1Yw4Fx6,neo9uYRJVawyUm1nyXvQrJxwVqapvXp6gVg6kwxr,I9zyEumkNRxIzJ9lhMe24gjeuA05krtaF8GygUHD,hBG5vMBqkXoKVhe5nKFmfjAVyNoGHSr22VXcrkoN,G97yzpX8HPnbmrVEC0Aoz2si9mlAiCfZmduqw99n,BR0isoSnDlgTmIqukAORkXTz6C9ABpEWp1Yw4Fx6
0tSt4SUsOj8fKBL2OwFTAz878S85snjiNnAx7n8z,nOgJEtffp9e3P1qN9pqUrIZB0WQ9VIdptmx5wtia,BR0isoSnDlgTmIqukAORkXTz6C9ABpEWp1Yw4Fx6,G0PLr6xT9E96wJTJXQDNB728J4rHnKFKya5jIcwT,MOx9AM3J6rnEQQJCSsWfT7wdOetSni3OV0mrNgho,0tSt4SUsOj8fKBL2OwFTAz878S85snjiNnAx7n8z
hBG5vMBqkXoKVhe5nKFmfjAVyNoGHSr22VXcrkoN,G97yzpX8HPnbmrVEC0Aoz2si9mlAiCfZmduqw99n,0tSt4SUsOj8fKBL2OwFTAz878S85snjiNnAx7n8z,G97yzpX8HPnbmrVEC0Aoz2si9mlAiCfZmduqw99n,I9zyEumkNRxIzJ9lhMe24gjeuA05krtaF8GygUHD,G97yzpX8HPnbmrVEC0Aoz2si9mlAiCfZmduqw99n
G0PLr6xT9E96wJTJXQDNB728J4rHnKFKya5jIcwT,MOx9AM3J6rnEQQJCSsWfT7wdOetSni3OV0mrNgho,hBG5vMBqkXoKVhe5nKFmfjAVyNoGHSr22VXcrkoN,MOx9AM3J6rnEQQJCSsWfT7wdOetSni3OV0mrNgho,BR0isoSnDlgTmIqukAORkXTz6C9ABpEWp1Yw4Fx6,MOx9AM3J6rnEQQJCSsWfT7wdOetSni3OV0mrNgho
DboXcHUzjiTnEyfVzMA8hgefX2B7suIPftuPWSyq,I9zyEumkNRxIzJ9lhMe24gjeuA05krtaF8GygUHD,G0PLr6xT9E96wJTJXQDNB728J4rHnKFKya5jIcwT,I9zyEumkNRxIzJ9lhMe24gjeuA05krtaF8GygUHD,0tSt4SUsOj8fKBL2OwFTAz878S85snjiNnAx7n8z,I9zyEumkNRxIzJ9lhMe24gjeuA05krtaF8GygUHD
neo9uYRJVawyUm1nyXvQrJxwVqapvXp6gVg6kwxr,BR0isoSnDlgTmIqukAORkXTz6C9ABpEWp1Yw4Fx6,DboXcHUzjiTnEyfVzMA8hgefX2B7suIPftuPWSyq,BR0isoSnDlgTmIqukAORkXTz6C9ABpEWp1Yw4Fx6,hBG5vMBqkXoKVhe5nKFmfjAVyNoGHSr22VXcrkoN,BR0isoSnDlgTmIqukAORkXTz6C9ABpEWp1Yw4Fx6
G97yzpX8HPnbmrVEC0Aoz2si9mlAiCfZmduqw99n,0tSt4SUsOj8fKBL2OwFTAz878S85snjiNnAx7n8z,G97yzpX8HPnbmrVEC0Aoz2si9mlAiCfZmduqw99n,0tSt4SUsOj8fKBL2OwFTAz878S85snjiNnAx7n8z,G97yzpX8HPnbmrVEC0Aoz2si9mlAiCfZmduqw99n,0tSt4SUsOj8fKBL2OwFTAz878S85snjiNnAx7n8z
MOx9AM3J6rnEQQJCSsWfT7wdOetSni3OV0mrNgho,hBG5vMBqkXoKVhe5nKFmfjAVyNoGHSr22VXcrkoN,MOx9AM3J6rnEQQJCSsWfT7wdOetSni3OV0mrNgho,hBG5vMBqkXoKVhe5nKFmfjAVyNoGHSr22VXcrkoN,MOx9AM3J6rnEQQJCSsWfT7wdOetSni3OV0mrNgho,G97yzpX8HPnbmrVEC0Aoz2si9mlAiCfZmduqw99n
I9zyEumkNRxIzJ9lhMe24gjeuA05krtaF8GygUHD,G0PLr6xT9E96wJTJXQDNB728J4rHnKFKya5jIcwT,I9zyEumkNRxIzJ9lhMe24gjeuA05krtaF8GygUHD,G0PLr6xT9E96wJTJXQDNB728J4rHnKFKya5jIcwT,I9zyEumkNRxIzJ9lhMe24gjeuA05krtaF8GygUHD,MOx9AM3J6rnEQQJCSsWfT7wdOetSni3OV0mrNgho
BR0isoSnDlgTmIqukAORkXTz6C9ABpEWp1Yw4Fx6,DboXcHUzjiTnEyfVzMA8hgefX2B7suIPftuPWSyq,BR0isoSnDlgTmIqukAORkXTz6C9ABpEWp1Yw4Fx6,G97yzpX8HPnbmrVEC0Aoz2si9mlAiCfZmduqw99n,BR0isoSnDlgTmIqukAORkXTz6C9ABpEWp1Yw4Fx6,I9zyEumkNRxIzJ9lhMe24gjeuA05krtaF8GygUHD
0tSt4SUsOj8fKBL2OwFTAz878S85snjiNnAx7n8z,neo9uYRJVawyUm1nyXvQrJxwVqapvXp6gVg6kwxr,0tSt4SUsOj8fKBL2OwFTAz878S85snjiNnAx7n8z,MOx9AM3J6rnEQQJCSsWfT7wdOetSni3OV0mrNgho,0tSt4SUsOj8fKBL2OwFTAz878S85snjiNnAx7n8z,BR0isoSnDlgTmIqukAORkXTz6C9ABpEWp1Yw4Fx6
hBG5vMBqkXoKVhe5nKFmfjAVyNoGHSr22VXcrkoN,nOgJEtffp9e3P1qN9pqUrIZB0WQ9VIdptmx5wtia,hBG5vMBqkXoKVhe5nKFmfjAVyNoGHSr22VXcrkoN,I9zyEumkNRxIzJ9lhMe24gjeuA05krtaF8GygUHD,hBG5vMBqkXoKVhe5nKFmfjAVyNoGHSr22VXcrkoN,0tSt4SUsOj8fKBL2OwFTAz878S85snjiNnAx7n8z
G0PLr6xT9E96wJTJXQDNB728J4rHnKFKya5jIcwT,G97yzpX8HPnbmrVEC0Aoz2si9mlAiCfZmduqw99n,G0PLr6xT9E96wJTJXQDNB728J4rHnKFKya5jIcwT,BR0isoSnDlgTmIqukAORkXTz6C9ABpEWp1Yw4Fx6,G97yzpX8HPnbmrVEC0Aoz2si9mlAiCfZmduqw99n,G97yzpX8HPnbmrVEC0Aoz2si9mlAiCfZmduqw99n
DboXcHUzjiTnEyfVzMA8hgefX2B7suIPftuPWSyq,MOx9AM3J6rnEQQJCSsWfT7wdOetSni3OV0mrNgho,DboXcHUzjiTnEyfVzMA8hgefX2B7suIPftuPWSyq,0tSt4SUsOj8fKBL2OwFTAz878S85snjiNnAx7n8z,MOx9AM3J6rnEQQJCSsWfT7wdOetSni3OV0mrNgho,MOx9AM3J6rnEQQJCSsWfT7wdOetSni3OV0mrNgho
neo9uYRJVawyUm1nyXvQrJxwVqapvXp6gVg6kwxr,I9zyEumkNRxIzJ9lhMe24gjeuA05krtaF8GygUHD,G97yzpX8HPnbmrVEC0Aoz2si9mlAiCfZmduqw99n,hBG5vMBqkXoKVhe5nKFmfjAVyNoGHSr22VXcrkoN,I9zyEumkNRxIzJ9lhMe24gjeuA05krtaF8GygUHD,I9zyEumkNRxIzJ9lhMe24gjeuA05krtaF8GygUHD
G97yzpX8HPnbmrVEC0Aoz2si9mlAiCfZmduqw99n,BR0isoSnDlgTmIqukAORkXTz6C9ABpEWp1Yw4Fx6,MOx9AM3J6rnEQQJCSsWfT7wdOetSni3OV0mrNgho,G0PLr6xT9E96wJTJXQDNB728J4rHnKFKya5jIcwT,BR0isoSnDlgTmIqukAORkXTz6C9ABpEWp1Yw4Fx6,BR0isoSnDlgTmIqukAORkXTz6C9ABpEWp1Yw4Fx6
MOx9AM3J6rnEQQJCSsWfT7wdOetSni3OV0mrNgho,0tSt4SUsOj8fKBL2OwFTAz878S85snjiNnAx7n8z,I9zyEumkNRxIzJ9lhMe24gjeuA05krtaF8GygUHD,G97yzpX8HPnbmrVEC0Aoz2si9mlAiCfZmduqw99n,0tSt4SUsOj8fKBL2OwFTAz878S85snjiNnAx7n8z,0tSt4SUsOj8fKBL2OwFTAz878S85snjiNnAx7n8z
I9zyEumkNRxIzJ9lhMe24gjeuA05krtaF8GygUHD,hBG5vMBqkXoKVhe5nKFmfjAVyNoGHSr22VXcrkoN,BR0isoSnDlgTmIqukAORkXTz6C9ABpEWp1Yw4Fx6,MOx9AM3J6rnEQQJCSsWfT7wdOetSni3OV0mrNgho,hBG5vMBqkXoKVhe5nKFmfjAVyNoGHSr22VXcrkoN,G97yzpX8HPnbmrVEC0Aoz2si9mlAiCfZmduqw99n
BR0isoSnDlgTmIqukAORkXTz6C9ABpEWp1Yw4Fx6,G0PLr6xT9E96wJTJXQDNB728J4rHnKFKya5jIcwT,0tSt4SUsOj8fKBL2OwFTAz878S85snjiNnAx7n8z,I9zyEumkNRxIzJ9lhMe24gjeuA05krtaF8GygUHD,G97yzpX8HPnbmrVEC0Aoz2si9mlAiCfZmduqw99n,MOx9AM3J6rnEQQJCSsWfT7wdOetSni3OV0mrNgho
0tSt4SUsOj8fKBL2OwFTAz878S85snjiNnAx7n8z,DboXcHUzjiTnEyfVzMA8hgefX2B7suIPftuPWSyq,hBG5vMBqkXoKVhe5nKFmfjAVyNoGHSr22VXcrkoN,BR0isoSnDlgTmIqukAORkXTz6C9ABpEWp1Yw4Fx6,MOx9AM3J6rnEQQJCSsWfT7wdOetSni3OV0mrNgho,I9zyEumkNRxIzJ9lhMe24gjeuA05krtaF8GygUHD
hBG5vMBqkXoKVhe5nKFmfjAVyNoGHSr22VXcrkoN,neo9uYRJVawyUm1nyXvQrJxwVqapvXp6gVg6kwxr,G0PLr6xT9E96wJTJXQDNB728J4rHnKFKya5jIcwT,0tSt4SUsOj8fKBL2OwFTAz878S85snjiNnAx7n8z,I9zyEumkNRxIzJ9lhMe24gjeuA05krtaF8GygUHD,BR0isoSnDlgTmIqukAORkXTz6C9ABpEWp1Yw4Fx6
G0PLr6xT9E96wJTJXQDNB728J4rHnKFKya5jIcwT,nOgJEtffp9e3P1qN9pqUrIZB0WQ9VIdptmx5wtia,DboXcHUzjiTnEyfVzMA8hgefX2B7suIPftuPWSyq,hBG5vMBqkXoKVhe5nKFmfjAVyNoGHSr22VXcrkoN,BR0isoSnDlgTmIqukAORkXTz6C9ABpEWp1Yw4Fx6,0tSt4SUsOj8fKBL2OwFTAz878S85snjiNnAx7n8z
DboXcHUzjiTnEyfVzMA8hgefX2B7suIPftuPWSyq,G97yzpX8HPnbmrVEC0Aoz2si9mlAiCfZmduqw99n,G97yzpX8HPnbmrVEC0Aoz2si9mlAiCfZmduqw99n,G0PLr6xT9E96wJTJXQDNB728J4rHnKFKya5jIcwT,0tSt4SUsOj8fKBL2OwFTAz878S85snjiNnAx7n8z,G97yzpX8HPnbmrVEC0Aoz2si9mlAiCfZmduqw99n
neo9uYRJVawyUm1nyXvQrJxwVqapvXp6gVg6kwxr,MOx9AM3J6rnEQQJCSsWfT7wdOetSni3OV0mrNgho,MOx9AM3J6rnEQQJCSsWfT7wdOetSni3OV0mrNgho,G97yzpX8HPnbmrVEC0Aoz2si9mlAiCfZmduqw99n,hBG5vMBqkXoKVhe5nKFmfjAVyNoGHSr22VXcrkoN,MOx9AM3J6rnEQQJCSsWfT7wdOetSni3OV0mrNgho
G97yzpX8HPnbmrVEC0Aoz2si9mlAiCfZmduqw99n,I9zyEumkNRxIzJ9lhMe24gjeuA05krtaF8GygUHD,I9zyEumkNRxIzJ9lhMe24gjeuA05krtaF8GygUHD,MOx9AM3J6rnEQQJCSsWfT7wdOetSni3OV0mrNgho,G97yzpX8HPnbmrVEC0Aoz2si9mlAiCfZmduqw99n,I9zyEumkNRxIzJ9lhMe24gjeuA05krtaF8GygUHD
MOx9AM3J6rnEQQJCSsWfT7wdOetSni3OV0mrNgho,BR0isoSnDlgTmIqukAORkXTz6C9ABpEWp1Yw4Fx6,BR0isoSnDlgTmIqukAORkXTz6C9ABpEWp1Yw4Fx6,I9zyEumkNRxIzJ9lhMe24gjeuA05krtaF8GygUHD,MOx9AM3J6rnEQQJCSsWfT7wdOetSni3OV0mrNgho,BR0isoSnDlgTmIqukAORkXTz6C9ABpEWp1Yw4Fx6
I9zyEumkNRxIzJ9lhMe24gjeuA05krtaF8GygUHD,0tSt4SUsOj8fKBL2OwFTAz878S85snjiNnAx7n8z,0tSt4SUsOj8fKBL2OwFTAz878S85snjiNnAx7n8z,BR0isoSnDlgTmIqukAORkXTz6C9ABpEWp1Yw4Fx6,I9zyEumkNRxIzJ9lhMe24gjeuA05krtaF8GygUHD,0tSt4SUsOj8fKBL2OwFTAz878S85snjiNnAx7n8z
BR0isoSnDlgTmIqukAORkXTz6C9ABpEWp1Yw4Fx6,hBG5vMBqkXoKVhe5nKFmfjAVyNoGHSr22VXcrkoN,hBG5vMBqkXoKVhe5nKFmfjAVyNoGHSr22VXcrkoN,0tSt4SUsOj8fKBL2OwFTAz878S85snjiNnAx7n8z,BR0isoSnDlgTmIqukAORkXTz6C9ABpEWp1Yw4Fx6,G97yzpX8HPnbmrVEC0Aoz2si9mlAiCfZmduqw99n
0tSt4SUsOj8fKBL2OwFTAz878S85snjiNnAx7n8z,G0PLr6xT9E96wJTJXQDNB728J4rHnKFKya5jIcwT,G0PLr6xT9E96wJTJXQDNB728J4rHnKFKya5jIcwT,hBG5vMBqkXoKVhe5nKFmfjAVyNoGHSr22VXcrkoN,0tSt4SUsOj8fKBL2OwFTAz878S85snjiNnAx7n8z,MOx9AM3J6rnEQQJCSsWfT7wdOetSni3OV0mrNgho
hBG5vMBqkXoKVhe5nKFmfjAVyNoGHSr22VXcrkoN,DboXcHUzjiTnEyfVzMA8hgefX2B7suIPftuPWSyq,DboXcHUzjiTnEyfVzMA8hgefX2B7suIPftuPWSyq,G0PLr6xT9E96wJTJXQDNB728J4rHnKFKya5jIcwT,hBG5vMBqkXoKVhe5nKFmfjAVyNoGHSr22VXcrkoN,I9zyEumkNRxIzJ9lhMe24gjeuA05krtaF8GygUHD
G0PLr6xT9E96wJTJXQDNB728J4rHnKFKya5jIcwT,neo9uYRJVawyUm1nyXvQrJxwVqapvXp6gVg6kwxr,G97yzpX8HPnbmrVEC0Aoz2si9mlAiCfZmduqw99n,G97yzpX8HPnbmrVEC0Aoz2si9mlAiCfZmduqw99n,G97yzpX8HPnbmrVEC0Aoz2si9mlAiCfZmduqw99n,BR0isoSnDlgTmIqukAORkXTz6C9ABpEWp1Yw4Fx6
DboXcHUzjiTnEyfVzMA8hgefX2B7suIPftuPWSyq,nOgJEtffp9e3P1qN9pqUrIZB0WQ9VIdptmx5wtia,MOx9AM3J6rnEQQJCSsWfT7wdOetSni3OV0mrNgho,MOx9AM3J6rnEQQJCSsWfT7wdOetSni3OV0mrNgho,MOx9AM3J6rnEQQJCSsWfT7wdOetSni3OV0mrNgho,0tSt4SUsOj8fKBL2OwFTAz878S85snjiNnAx7n8z
neo9uYRJVawyUm1nyXvQrJxwVqapvXp6gVg6kwxr,G97yzpX8HPnbmrVEC0Aoz2si9mlAiCfZmduqw99n,I9zyEumkNRxIzJ9lhMe24gjeuA05krtaF8GygUHD,I9zyEumkNRxIzJ9lhMe24gjeuA05krtaF8GygUHD,I9zyEumkNRxIzJ9lhMe24gjeuA05krtaF8GygUHD,G97yzpX8HPnbmrVEC0Aoz2si9mlAiCfZmduqw99n
G97yzpX8HPnbmrVEC0Aoz2si9mlAiCfZmduqw99n,MOx9AM3J6rnEQQJCSsWfT7wdOetSni3OV0mrNgho,BR0isoSnDlgTmIqukAORkXTz6C9ABpEWp1Yw4Fx6,BR0isoSnDlgTmIqukAORkXTz6C9ABpEWp1Yw4Fx6,BR0isoSnDlgTmIqukAORkXTz6C9ABpEWp1Yw4Fx6,MOx9AM3J6rnEQQJCSsWfT7wdOetSni3OV0mrNgho
MOx9AM3J6rnEQQJCSsWfT7wdOetSni3OV0mrNgho,I9zyEumkNRxIzJ9lhMe24gjeuA05krtaF8GygUHD,0tSt4SUsOj8fKBL2OwFTAz878S85snjiNnAx7n8z,0tSt4SUsOj8fKBL2OwFTAz878S85snjiNnAx7n8z,0tSt4SUsOj8fKBL2OwFTAz878S85snjiNnAx7n8z,I9zyEumkNRxIzJ9lhMe24gjeuA05krtaF8GygUHD
I9zyEumkNRxIzJ9lhMe24gjeuA05krtaF8GygUHD,BR0isoSnDlgTmIqukAORkXTz6C9ABpEWp1Yw4Fx6,hBG5vMBqkXoKVhe5nKFmfjAVyNoGHSr22VXcrkoN,hBG5vMBqkXoKVhe5nKFmfjAVyNoGHSr22VXcrkoN,hBG5vMBqkXoKVhe5nKFmfjAVyNoGHSr22VXcrkoN,BR0isoSnDlgTmIqukAORkXTz6C9ABpEWp1Yw4Fx6
BR0isoSnDlgTmIqukAORkXTz6C9ABpEWp1Yw4Fx6,0tSt4SUsOj8fKBL2OwFTAz878S85snjiNnAx7n8z,G0PLr6xT9E96wJTJXQDNB728J4rHnKFKya5jIcwT,G0PLr6xT9E96wJTJXQDNB728J4rHnKFKya5jIcwT,G97yzpX8HPnbmrVEC0Aoz2si9mlAiCfZmduqw99n,0tSt4SUsOj8fKBL2OwFTAz878S85snjiNnAx7n8z
0tSt4SUsOj8fKBL2OwFTAz878S85snjiNnAx7n8z,hBG5vMBqkXoKVhe5nKFmfjAVyNoGHSr22VXcrkoN,DboXcHUzjiTnEyfVzMA8hgefX2B7suIPftuPWSyq,G97yzpX8HPnbmrVEC0Aoz2si9mlAiCfZmduqw99n,MOx9AM3J6rnEQQJCSsWfT7wdOetSni3OV0mrNgho,G97yzpX8HPnbmrVEC0Aoz2si9mlAiCfZmduqw99n
hBG5vMBqkXoKVhe5nKFmfjAVyNoGHSr22VXcrkoN,G0PLr6xT9E96wJTJXQDNB728J4rHnKFKya5jIcwT,G97yzpX8HPnbmrVEC0Aoz2si9mlAiCfZmduqw99n,MOx9AM3J6rnEQQJCSsWfT7wdOetSni3OV0mrNgho,I9zyEumkNRxIzJ9lhMe24gjeuA05krtaF8GygUHD,MOx9AM3J6rnEQQJCSsWfT7wdOetSni3OV0mrNgho
G0PLr6xT9E96wJTJXQDNB728J4rHnKFKya5jIcwT,DboXcHUzjiTnEyfVzMA8hgefX2B7suIPftuPWSyq,MOx9AM3J6rnEQQJCSsWfT7wdOetSni3OV0mrNgho,I9zyEumkNRxIzJ9lhMe24gjeuA05krtaF8GygUHD,BR0isoSnDlgTmIqukAORkXTz6C9ABpEWp1Yw4Fx6,I9zyEumkNRxIzJ9lhMe24gjeuA05krtaF8GygUHD
DboXcHUzjiTnEyfVzMA8hgefX2B7suIPftuPWSyq,neo9uYRJVawyUm1nyXvQrJxwVqapvXp6gVg6kwxr,I9zyEumkNRxIzJ9lhMe24gjeuA05krtaF8GygUHD,BR0isoSnDlgTmIqukAORkXTz6C9ABpEWp1Yw4Fx6,0tSt4SUsOj8fKBL2OwFTAz878S85snjiNnAx7n8z,BR0isoSnDlgTmIqukAORkXTz6C9ABpEWp1Yw4Fx6
neo9uYRJVawyUm1nyXvQrJxwVqapvXp6gVg6kwxr,nOgJEtffp9e3P1qN9pqUrIZB0WQ9VIdptmx5wtia,BR0isoSnDlgTmIqukAORkXTz6C9ABpEWp1Yw4Fx6,0tSt4SUsOj8fKBL2OwFTAz878S85snjiNnAx7n8z,hBG5vMBqkXoKVhe5nKFmfjAVyNoGHSr22VXcrkoN,0tSt4SUsOj8fKBL2OwFTAz878S85snjiNnAx7n8z
G97yzpX8HPnbmrVEC0Aoz2si9mlAiCfZmduqw99n,G97yzpX8HPnbmrVEC0Aoz2si9mlAiCfZmduqw99n,0tSt4SUsOj8fKBL2OwFTAz878S85snjiNnAx7n8z,hBG5vMBqkXoKVhe5nKFmfjAVyNoGHSr22VXcrkoN,G97yzpX8HPnbmrVEC0Aoz2si9mlAiCfZmduqw99n,G97yzpX8HPnbmrVEC0Aoz2si9mlAiCfZmduqw99n
MOx9AM3J6rnEQQJCSsWfT7wdOetSni3OV0mrNgho,MOx9AM3J6rnEQQJCSsWfT7wdOetSni3OV0mrNgho,hBG5vMBqkXoKVhe5nKFmfjAVyNoGHSr22VXcrkoN,G0PLr6xT9E96wJTJXQDNB728J4rHnKFKya5jIcwT,MOx9AM3J6rnEQQJCSsWfT7wdOetSni3OV0mrNgho,MOx9AM3J6rnEQQJCSsWfT7wdOetSni3OV0mrNgho
I9zyEumkNRxIzJ9lhMe24gjeuA05krtaF8GygUHD,I9zyEumkNRxIzJ9lhMe24gjeuA05krtaF8GygUHD,G0PLr6xT9E96wJTJXQDNB728J4rHnKFKya5jIcwT,G97yzpX8HPnbmrVEC0Aoz2si9mlAiCfZmduqw99n,I9zyEumkNRxIzJ9lhMe24gjeuA05krtaF8GygUHD,I9zyEumkNRxIzJ9lhMe24gjeuA05krtaF8GygUHD
BR0isoSnDlgTmIqukAORkXTz6C9ABpEWp1Yw4Fx6,BR0isoSnDlgTmIqukAORkXTz6C9ABpEWp1Yw4Fx6,DboXcHUzjiTnEyfVzMA8hgefX2B7suIPftuPWSyq,MOx9AM3J6rnEQQJCSsWfT7wdOetSni3OV0mrNgho,BR0isoSnDlgTmIqukAORkXTz6C9ABpEWp1Yw4Fx6,BR0isoSnDlgTmIqukAORkXTz6C9ABpEWp1Yw4Fx6
0tSt4SUsOj8fKBL2OwFTAz878S85snjiNnAx7n8z,0tSt4SUsOj8fKBL2OwFTAz878S85snjiNnAx7n8z,G97yzpX8HPnbmrVEC0Aoz2si9mlAiCfZmduqw99n,I9zyEumkNRxIzJ9lhMe24gjeuA05krtaF8GygUHD,0tSt4SUsOj8fKBL2OwFTAz878S85snjiNnAx7n8z,0tSt4SUsOj8fKBL2OwFTAz878S85snjiNnAx7n8z
hBG5vMBqkXoKVhe5nKFmfjAVyNoGHSr22VXcrkoN,hBG5vMBqkXoKVhe5nKFmfjAVyNoGHSr22VXcrkoN,MOx9AM3J6rnEQQJCSsWfT7wdOetSni3OV0mrNgho,BR0isoSnDlgTmIqukAORkXTz6C9ABpEWp1Yw4Fx6,hBG5vMBqkXoKVhe5nKFmfjAVyNoGHSr22VXcrkoN,G97yzpX8HPnbmrVEC0Aoz2si9mlAiCfZmduqw99n
G0PLr6xT9E96wJTJXQDNB728J4rHnKFKya5jIcwT,G0PLr6xT9E96wJTJXQDNB728J4rHnKFKya5jIcwT,I9zyEumkNRxIzJ9lhMe24gjeuA05krtaF8GygUHD,0tSt4SUsOj8fKBL2OwFTAz878S85snjiNnAx7n8z,G97yzpX8HPnbmrVEC0Aoz2si9mlAiCfZmduqw99n,MOx9AM3J6rnEQQJCSsWfT7wdOetSni3OV0mrNgho
DboXcHUzjiTnEyfVzMA8hgefX2B7suIPftuPWSyq,DboXcHUzjiTnEyfVzMA8hgefX2B7suIPftuPWSyq,BR0isoSnDlgTmIqukAORkXTz6C9ABpEWp1Yw4Fx6,hBG5vMBqkXoKVhe5nKFmfjAVyNoGHSr22VXcrkoN,MOx9AM3J6rnEQQJCSsWfT7wdOetSni3OV0mrNgho,I9zyEumkNRxIzJ9lhMe24gjeuA05krtaF8GygUHD
neo9uYRJVawyUm1nyXvQrJxwVqapvXp6gVg6kwxr,neo9uYRJVawyUm1nyXvQrJxwVqapvXp6gVg6kwxr,0tSt4SUsOj8fKBL2OwFTAz878S85snjiNnAx7n8z,G0PLr6xT9E96wJTJXQDNB728J4rHnKFKya5jIcwT,I9zyEumkNRxIzJ9lhMe24gjeuA05krtaF8GygUHD,BR0isoSnDlgTmIqukAORkXTz6C9ABpEWp1Yw4Fx6
G97yzpX8HPnbmrVEC0Aoz2si9mlAiCfZmduqw99n,nOgJEtffp9e3P1qN9pqUrIZB0WQ9VIdptmx5wtia,hBG5vMBqkXoKVhe5nKFmfjAVyNoGHSr22VXcrkoN,G97yzpX8HPnbmrVEC0Aoz2si9mlAiCfZmduqw99n,BR0isoSnDlgTmIqukAORkXTz6C9ABpEWp1Yw4Fx6,0tSt4SUsOj8fKBL2OwFTAz878S85snjiNnAx7n8z
MOx9AM3J6rnEQQJCSsWfT7wdOetSni3OV0mrNgho,G97yzpX8HPnbmrVEC0Aoz2si9mlAiCfZmduqw99n,G0PLr6xT9E96wJTJXQDNB728J4rHnKFKya5jIcwT,MOx9AM3J6rnEQQJCSsWfT7wdOetSni3OV0mrNgho,0tSt4SUsOj8fKBL2OwFTAz878S85snjiNnAx7n8z,G97yzpX8HPnbmrVEC0Aoz2si9mlAiCfZmduqw99n
I9zyEumkNRxIzJ9lhMe24gjeuA05krtaF8GygUHD,MOx9AM3J6rnEQQJCSsWfT7wdOetSni3OV0mrNgho,DboXcHUzjiTnEyfVzMA8hgefX2B7suIPftuPWSyq,I9zyEumkNRxIzJ9lhMe24gjeuA05krtaF8GygUHD,hBG5vMBqkXoKVhe5nKFmfjAVyNoGHSr22VXcrkoN,MOx9AM3J6rnEQQJCSsWfT7wdOetSni3OV0mrNgho
BR0isoSnDlgTmIqukAORkXTz6C9ABpEWp1Yw4Fx6,I9zyEumkNRxIzJ9lhMe24gjeuA05krtaF8GygUHD,G97yzpX8HPnbmrVEC0Aoz2si9mlAiCfZmduqw99n,BR0isoSnDlgTmIqukAORkXTz6C9ABpEWp1Yw4Fx6,G97yzpX8HPnbmrVEC0Aoz2si9mlAiCfZmduqw99n,I9zyEumkNRxIzJ9lhMe24gjeuA05krtaF8GygUHD
0tSt4SUsOj8fKBL2OwFTAz878S85snjiNnAx7n8z,BR0isoSnDlgTmIqukAORkXTz6C9ABpEWp1Yw4Fx6,MOx9AM3J6rnEQQJCSsWfT7wdOetSni3OV0mrNgho,0tSt4SUsOj8fKBL2OwFTAz878S85snjiNnAx7n8z,MOx9AM3J6rnEQQJCSsWfT7wdOetSni3OV0mrNgho,BR0isoSnDlgTmIqukAORkXTz6C9ABpEWp1Yw4Fx6
hBG5vMBqkXoKVhe5nKFmfjAVyNoGHSr22VXcrkoN,0tSt4SUsOj8fKBL2OwFTAz878S85snjiNnAx7n8z,I9zyEumkNRxIzJ9lhMe24gjeuA05krtaF8GygUHD,hBG5vMBqkXoKVhe5nKFmfjAVyNoGHSr22VXcrkoN,I9zyEumkNRxIzJ9lhMe24gjeuA05krtaF8GygUHD,0tSt4SUsOj8fKBL2OwFTAz878S85snjiNnAx7n8z
G0PLr6xT9E96wJTJXQDNB728J4rHnKFKya5jIcwT,hBG5vMBqkXoKVhe5nKFmfjAVyNoGHSr22VXcrkoN,BR0isoSnDlgTmIqukAORkXTz6C9ABpEWp1Yw4Fx6,G0PLr6xT9E96wJTJXQDNB728J4rHnKFKya5jIcwT,BR0isoSnDlgTmIqukAORkXTz6C9ABpEWp1Yw4Fx6,G97yzpX8HPnbmrVEC0Aoz2si9mlAiCfZmduqw99n
DboXcHUzjiTnEyfVzMA8hgefX2B7suIPftuPWSyq,G0PLr6xT9E96wJTJXQDNB728J4rHnKFKya5jIcwT,0tSt4SUsOj8fKBL2OwFTAz878S85snjiNnAx7n8z,G97yzpX8HPnbmrVEC0Aoz2si9mlAiCfZmduqw99n,0tSt4SUsOj8fKBL2OwFTAz878S85snjiNnAx7n8z,MOx9AM3J6rnEQQJCSsWfT7wdOetSni3OV0mrNgho
neo9uYRJVawyUm1nyXvQrJxwVqapvXp6gVg6kwxr,DboXcHUzjiTnEyfVzMA8hgefX2B7suIPftuPWSyq,hBG5vMBqkXoKVhe5nKFmfjAVyNoGHSr22VXcrkoN,MOx9AM3J6rnEQQJCSsWfT7wdOetSni3OV0mrNgho,hBG5vMBqkXoKVhe5nKFmfjAVyNoGHSr22VXcrkoN,I9zyEumkNRxIzJ9lhMe24gjeuA05krtaF8GygUHD
G97yzpX8HPnbmrVEC0Aoz2si9mlAiCfZmduqw99n,neo9uYRJVawyUm1nyXvQrJxwVqapvXp6gVg6kwxr,G0PLr6xT9E96wJTJXQDNB728J4rHnKFKya5jIcwT,I9zyEumkNRxIzJ9lhMe24gjeuA05krtaF8GygUHD,G97yzpX8HPnbmrVEC0Aoz2si9mlAiCfZmduqw99n,BR0isoSnDlgTmIqukAORkXTz6C9ABpEWp1Yw4Fx6
MOx9AM3J6rnEQQJCSsWfT7wdOetSni3OV0mrNgho,nOgJEtffp9e3P1qN9pqUrIZB0WQ9VIdptmx5wtia,DboXcHUzjiTnEyfVzMA8hgefX2B7suIPftuPWSyq,BR0isoSnDlgTmIqukAORkXTz6C9ABpEWp1Yw4Fx6,MOx9AM3J6rnEQQJCSsWfT7wdOetSni3OV0mrNgho,0tSt4SUsOj8fKBL2OwFTAz878S85snjiNnAx7n8z
I9zyEumkNRxIzJ9lhMe24gjeuA05krtaF8GygUHD,G97yzpX8HPnbmrVEC0Aoz2si9mlAiCfZmduqw99n,G97yzpX8HPnbmrVEC0Aoz2si9mlAiCfZmduqw99n,0tSt4SUsOj8fKBL2OwFTAz878S85snjiNnAx7n8z,I9zyEumkNRxIzJ9lhMe24gjeuA05krtaF8GygUHD,G97yzpX8HPnbmrVEC0Aoz2si9mlAiCfZmduqw99n
BR0isoSnDlgTmIqukAORkXTz6C9ABpEWp1Yw4Fx6,MOx9AM3J6rnEQQJCSsWfT7wdOetSni3OV0mrNgho,MOx9AM3J6rnEQQJCSsWfT7wdOetSni3OV0mrNgho,hBG5vMBqkXoKVhe5nKFmfjAVyNoGHSr22VXcrkoN,BR0isoSnDlgTmIqukAORkXTz6C9ABpEWp1Yw4Fx6,MOx9AM3J6rnEQQJCSsWfT7wdOetSni3OV0mrNgho
0tSt4SUsOj8fKBL2OwFTAz878S85snjiNnAx7n8z,I9zyEumkNRxIzJ9lhMe24gjeuA05krtaF8GygUHD,I9zyEumkNRxIzJ9lhMe24gjeuA05krtaF8GygUHD,G0PLr6xT9E96wJTJXQDNB728J4rHnKFKya5jIcwT,0tSt4SUsOj8fKBL2OwFTAz878S85snjiNnAx7n8z,I9zyEumkNRxIzJ9lhMe24gjeuA05krtaF8GygUHD
hBG5vMBqkXoKVhe5nKFmfjAVyNoGHSr22VXcrkoN,BR0isoSnDlgTmIqukAORkXTz6C9ABpEWp1Yw4Fx6,BR0isoSnDlgTmIqukAORkXTz6C9ABpEWp1Yw4Fx6,G97yzpX8HPnbmrVEC0Aoz2si9mlAiCfZmduqw99n,hBG5vMBqkXoKVhe5nKFmfjAVyNoGHSr22VXcrkoN,BR0isoSnDlgTmIqukAORkXTz6C9ABpEWp1Yw4Fx6
G0PLr6xT9E96wJTJXQDNB728J4rHnKFKya5jIcwT,0tSt4SUsOj8fKBL2OwFTAz878S85snjiNnAx7n8z,0tSt4SUsOj8fKBL2OwFTAz878S85snjiNnAx7n8z,MOx9AM3J6rnEQQJCSsWfT7wdOetSni3OV0mrNgho,G97yzpX8HPnbmrVEC0Aoz2si9mlAiCfZmduqw99n,0tSt4SUsOj8fKBL2OwFTAz878S85snjiNnAx7n8z
DboXcHUzjiTnEyfVzMA8hgefX2B7suIPftuPWSyq,hBG5vMBqkXoKVhe5nKFmfjAVyNoGHSr22VXcrkoN,hBG5vMBqkXoKVhe5nKFmfjAVyNoGHSr22VXcrkoN,I9zyEumkNRxIzJ9lhMe24gjeuA05krtaF8GygUHD,MOx9AM3J6rnEQQJCSsWfT7wdOetSni3OV0mrNgho,G97yzpX8HPnbmrVEC0Aoz2si9mlAiCfZmduqw99n
neo9uYRJVawyUm1nyXvQrJxwVqapvXp6gVg6kwxr,G0PLr6xT9E96wJTJXQDNB728J4rHnKFKya5jIcwT,G0PLr6xT9E96wJTJXQDNB728J4rHnKFKya5jIcwT,BR0isoSnDlgTmIqukAORkXTz6C9ABpEWp1Yw4Fx6,I9zyEumkNRxIzJ9lhMe24gjeuA05krtaF8GygUHD,MOx9AM3J6rnEQQJCSsWfT7wdOetSni3OV0mrNgho
G97yzpX8HPnbmrVEC0Aoz2si9mlAiCfZmduqw99n,DboXcHUzjiTnEyfVzMA8hgefX2B7suIPftuPWSyq,DboXcHUzjiTnEyfVzMA8hgefX2B7suIPftuPWSyq,0tSt4SUsOj8fKBL2OwFTAz878S85snjiNnAx7n8z,BR0isoSnDlgTmIqukAORkXTz6C9ABpEWp1Yw4Fx6,I9zyEumkNRxIzJ9lhMe24gjeuA05krtaF8GygUHD
MOx9AM3J6rnEQQJCSsWfT7wdOetSni3OV0mrNgho,neo9uYRJVawyUm1nyXvQrJxwVqapvXp6gVg6kwxr,G97yzpX8HPnbmrVEC0Aoz2si9mlAiCfZmduqw99n,hBG5vMBqkXoKVhe5nKFmfjAVyNoGHSr22VXcrkoN,0tSt4SUsOj8fKBL2OwFTAz878S85snjiNnAx7n8z,BR0isoSnDlgTmIqukAORkXTz6C9ABpEWp1Yw4Fx6
I9zyEumkNRxIzJ9lhMe24gjeuA05krtaF8GygUHD,nOgJEtffp9e3P1qN9pqUrIZB0WQ9VIdptmx5wtia,MOx9AM3J6rnEQQJCSsWfT7wdOetSni3OV0mrNgho,G0PLr6xT9E96wJTJXQDNB728J4rHnKFKya5jIcwT,hBG5vMBqkXoKVhe5nKFmfjAVyNoGHSr22VXcrkoN,0tSt4SUsOj8fKBL2OwFTAz878S85snjiNnAx7n8z
BR0isoSnDlgTmIqukAORkXTz6C9ABpEWp1Yw4Fx6,G97yzpX8HPnbmrVEC0Aoz2si9mlAiCfZmduqw99n,I9zyEumkNRxIzJ9lhMe24gjeuA05krtaF8GygUHD,G97yzpX8HPnbmrVEC0Aoz2si9mlAiCfZmduqw99n,G97yzpX8HPnbmrVEC0Aoz2si9mlAiCfZmduqw99n,G97yzpX8HPnbmrVEC0Aoz2si9mlAiCfZmduqw99n
0tSt4SUsOj8fKBL2OwFTAz878S85snjiNnAx7n8z,MOx9AM3J6rnEQQJCSsWfT7wdOetSni3OV0mrNgho,BR0isoSnDlgTmIqukAORkXTz6C9ABpEWp1Yw4Fx6,MOx9AM3J6rnEQQJCSsWfT7wdOetSni3OV0mrNgho,MOx9AM3J6rnEQQJCSsWfT7wdOetSni3OV0mrNgho,MOx9AM3J6rnEQQJCSsWfT7wdOetSni3OV0mrNgho
hBG5vMBqkXoKVhe5nKFmfjAVyNoGHSr22VXcrkoN,I9zyEumkNRxIzJ9lhMe24gjeuA05krtaF8GygUHD,0tSt4SUsOj8fKBL2OwFTAz878S85snjiNnAx7n8z,I9zyEumkNRxIzJ9lhMe24gjeuA05krtaF8GygUHD,I9zyEumkNRxIzJ9lhMe24gjeuA05krtaF8GygUHD,I9zyEumkNRxIzJ9lhMe24gjeuA05krtaF8GygUHD
G0PLr6xT9E96wJTJXQDNB728J4rHnKFKya5jIcwT,BR0isoSnDlgTmIqukAORkXTz6C9ABpEWp1Yw4Fx6,hBG5vMBqkXoKVhe5nKFmfjAVyNoGHSr22VXcrkoN,BR0isoSnDlgTmIqukAORkXTz6C9ABpEWp1Yw4Fx6,BR0isoSnDlgTmIqukAORkXTz6C9ABpEWp1Yw4Fx6,BR0isoSnDlgTmIqukAORkXTz6C9ABpEWp1Yw4Fx6
DboXcHUzjiTnEyfVzMA8hgefX2B7suIPftuPWSyq,0tSt4SUsOj8fKBL2OwFTAz878S85snjiNnAx7n8z,G0PLr6xT9E96wJTJXQDNB728J4rHnKFKya5jIcwT,0tSt4SUsOj8fKBL2OwFTAz878S85snjiNnAx7n8z,0tSt4SUsOj8fKBL2OwFTAz878S85snjiNnAx7n8z,0tSt4SUsOj8fKBL2OwFTAz878S85snjiNnAx7n8z
neo9uYRJVawyUm1nyXvQrJxwVqapvXp6gVg6kwxr,hBG5vMBqkXoKVhe5nKFmfjAVyNoGHSr22VXcrkoN,DboXcHUzjiTnEyfVzMA8hgefX2B7suIPftuPWSyq,hBG5vMBqkXoKVhe5nKFmfjAVyNoGHSr22VXcrkoN,hBG5vMBqkXoKVhe5nKFmfjAVyNoGHSr22VXcrkoN,G97yzpX8HPnbmrVEC0Aoz2si9mlAiCfZmduqw99n
G97yzpX8HPnbmrVEC0Aoz2si9mlAiCfZmduqw99n,G0PLr6xT9E96wJTJXQDNB728J4rHnKFKya5jIcwT,G97yzpX8HPnbmrVEC0Aoz2si9mlAiCfZmduqw99n,G0PLr6xT9E96wJTJXQDNB728J4rHnKFKya5jIcwT,G97yzpX8HPnbmrVEC0Aoz2si9mlAiCfZmduqw99n,MOx9AM3J6rnEQQJCSsWfT7wdOetSni3OV0mrNgho
MOx9AM3J6rnEQQJCSsWfT7wdOetSni3OV0mrNgho,DboXcHUzjiTnEyfVzMA8hgefX2B7suIPftuPWSyq,MOx9AM3J6rnEQQJCSsWfT7wdOetSni3OV0mrNgho,G97yzpX8HPnbmrVEC0Aoz2si9mlAiCfZmduqw99n,MOx9AM3J6rnEQQJCSsWfT7wdOetSni3OV0mrNgho,I9zyEumkNRxIzJ9lhMe24gjeuA05krtaF8GygUHD
I9zyEumkNRxIzJ9lhMe24gjeuA05krtaF8GygUHD,neo9uYRJVawyUm1nyXvQrJxwVqapvXp6gVg6kwxr,I9zyEumkNRxIzJ9lhMe24gjeuA05krtaF8GygUHD,MOx9AM3J6rnEQQJCSsWfT7wdOetSni3OV0mrNgho,I9zyEumkNRxIzJ9lhMe24gjeuA05krtaF8GygUHD,BR0isoSnDlgTmIqukAORkXTz6C9ABpEWp1Yw4Fx6
BR0isoSnDlgTmIqukAORkXTz6C9ABpEWp1Yw4Fx6,nOgJEtffp9e3P1qN9pqUrIZB0WQ9VIdptmx5wtia,BR0isoSnDlgTmIqukAORkXTz6C9ABpEWp1Yw4Fx6,I9zyEumkNRxIzJ9lhMe24gjeuA05krtaF8GygUHD,BR0isoSnDlgTmIqukAORkXTz6C9ABpEWp1Yw4Fx6,0tSt4SUsOj8fKBL2OwFTAz878S85snjiNnAx7n8z
0tSt4SUsOj8fKBL2OwFTAz878S85snjiNnAx7n8z,G97yzpX8HPnbmrVEC0Aoz2si9mlAiCfZmduqw99n,0tSt4SUsOj8fKBL2OwFTAz878S85snjiNnAx7n8z,BR0isoSnDlgTmIqukAORkXTz6C9ABpEWp1Yw4Fx6,0tSt4SUsOj8fKBL2OwFTAz878S85snjiNnAx7n8z,G97yzpX8HPnbmrVEC0Aoz2si9mlAiCfZmduqw99n
hBG5vMBqkXoKVhe5nKFmfjAVyNoGHSr22VXcrkoN,MOx9AM3J6rnEQQJCSsWfT7wdOetSni3OV0mrNgho,hBG5vMBqkXoKVhe5nKFmfjAVyNoGHSr22VXcrkoN,0tSt4SUsOj8fKBL2OwFTAz878S85snjiNnAx7n8z,hBG5vMBqkXoKVhe5nKFmfjAVyNoGHSr22VXcrkoN,MOx9AM3J6rnEQQJCSsWfT7wdOetSni3OV0mrNgho
G0PLr6xT9E96wJTJXQDNB728J4rHnKFKya5jIcwT,I9zyEumkNRxIzJ9lhMe24gjeuA05krtaF8GygUHD,G0PLr6xT9E96wJTJXQDNB728J4rHnKFKya5jIcwT,hBG5vMBqkXoKVhe5nKFmfjAVyNoGHSr22VXcrkoN,G97yzpX8HPnbmrVEC0Aoz2si9mlAiCfZmduqw99n,I9zyEumkNRxIzJ9lhMe24gjeuA05krtaF8GygUHD
DboXcHUzjiTnEyfVzMA8hgefX2B7suIPftuPWSyq,BR0isoSnDlgTmIqukAORkXTz6C9ABpEWp1Yw4Fx6,DboXcHUzjiTnEyfVzMA8hgefX2B7suIPftuPWSyq,G0PLr6xT9E96wJTJXQDNB728J4rHnKFKya5jIcwT,MOx9AM3J6rnEQQJCSsWfT7wdOetSni3OV0mrNgho,BR0isoSnDlgTmIqukAORkXTz6C9ABpEWp1Yw4Fx6
neo9uYRJVawyUm1nyXvQrJxwVqapvXp6gVg6kwxr,0tSt4SUsOj8fKBL2OwFTAz878S85snjiNnAx7n8z,G97yzpX8HPnbmrVEC0Aoz2si9mlAiCfZmduqw99n,G97yzpX8HPnbmrVEC0Aoz2si9mlAiCfZmduqw99n,I9zyEumkNRxIzJ9lhMe24gjeuA05krtaF8GygUHD,0tSt4SUsOj8fKBL2OwFTAz878S85snjiNnAx7n8z
G97yzpX8HPnbmrVEC0Aoz2si9mlAiCfZmduqw99n,hBG5vMBqkXoKVhe5nKFmfjAVyNoGHSr22VXcrkoN,MOx9AM3J6rnEQQJCSsWfT7wdOetSni3OV0mrNgho,MOx9AM3J6rnEQQJCSsWfT7wdOetSni3OV0mrNgho,BR0isoSnDlgTmIqukAORkXTz6C9ABpEWp1Yw4Fx6,G97yzpX8HPnbmrVEC0Aoz2si9mlAiCfZmduqw99n
MOx9AM3J6rnEQQJCSsWfT7wdOetSni3OV0mrNgho,G0PLr6xT9E96wJTJXQDNB728J4rHnKFKya5jIcwT,I9zyEumkNRxIzJ9lhMe24gjeuA05krtaF8GygUHD,I9zyEumkNRxIzJ9lhMe24gjeuA05krtaF8GygUHD,0tSt4SUsOj8fKBL2OwFTAz878S85snjiNnAx7n8z,MOx9AM3J6rnEQQJCSsWfT7wdOetSni3OV0mrNgho
I9zyEumkNRxIzJ9lhMe24gjeuA05krtaF8GygUHD,DboXcHUzjiTnEyfVzMA8hgefX2B7suIPftuPWSyq,BR0isoSnDlgTmIqukAORkXTz6C9ABpEWp1Yw4Fx6,BR0isoSnDlgTmIqukAORkXTz6C9ABpEWp1Yw4Fx6,hBG5vMBqkXoKVhe5nKFmfjAVyNoGHSr22VXcrkoN,I9zyEumkNRxIzJ9lhMe24gjeuA05krtaF8GygUHD
BR0isoSnDlgTmIqukAORkXTz6C9ABpEWp1Yw4Fx6,neo9uYRJVawyUm1nyXvQrJxwVqapvXp6gVg6kwxr,0tSt4SUsOj8fKBL2OwFTAz878S85snjiNnAx7n8z,0tSt4SUsOj8fKBL2OwFTAz878S85snjiNnAx7n8z,G97yzpX8HPnbmrVEC0Aoz2si9mlAiCfZmduqw99n,BR0isoSnDlgTmIqukAORkXTz6C9ABpEWp1Yw4Fx6
0tSt4SUsOj8fKBL2OwFTAz878S85snjiNnAx7n8z,nOgJEtffp9e3P1qN9pqUrIZB0WQ9VIdptmx5wtia,hBG5vMBqkXoKVhe5nKFmfjAVyNoGHSr22VXcrkoN,hBG5vMBqkXoKVhe5nKFmfjAVyNoGHSr22VXcrkoN,MOx9AM3J6rnEQQJCSsWfT7wdOetSni3OV0mrNgho,0tSt4SUsOj8fKBL2OwFTAz878S85snjiNnAx7n8z
hBG5vMBqkXoKVhe5nKFmfjAVyNoGHSr22VXcrkoN,G97yzpX8HPnbmrVEC0Aoz2si9mlAiCfZmduqw99n,G0PLr6xT9E96wJTJXQDNB728J4rHnKFKya5jIcwT,G0PLr6xT9E96wJTJXQDNB728J4rHnKFKya5jIcwT,I9zyEumkNRxIzJ9lhMe24gjeuA05krtaF8GygUHD,G97yzpX8HPnbmrVEC0Aoz2si9mlAiCfZmduqw99n
G0PLr6xT9E96wJTJXQDNB728J4rHnKFKya5jIcwT,MOx9AM3J6rnEQQJCSsWfT7wdOetSni3OV0mrNgho,DboXcHUzjiTnEyfVzMA8hgefX2B7suIPftuPWSyq,G97yzpX8HPnbmrVEC0Aoz2si9mlAiCfZmduqw99n,BR0isoSnDlgTmIqukAORkXTz6C9ABpEWp1Yw4Fx6,MOx9AM3J6rnEQQJCSsWfT7wdOetSni3OV0mrNgho
DboXcHUzjiTnEyfVzMA8hgefX2B7suIPftuPWSyq,I9zyEumkNRxIzJ9lhMe24gjeuA05krtaF8GygUHD,G97yzpX8HPnbmrVEC0Aoz2si9mlAiCfZmduqw99n,MOx9AM3J6rnEQQJCSsWfT7wdOetSni3OV0mrNgho,0tSt4SUsOj8fKBL2OwFTAz878S85snjiNnAx7n8z,I9zyEumkNRxIzJ9lhMe24gjeuA05krtaF8GygUHD
neo9uYRJVawyUm1nyXvQrJxwVqapvXp6gVg6kwxr,BR0isoSnDlgTmIqukAORkXTz6C9ABpEWp1Yw4Fx6,MOx9AM3J6rnEQQJCSsWfT7wdOetSni3OV0mrNgho,I9zyEumkNRxIzJ9lhMe24gjeuA05krtaF8GygUHD,hBG5vMBqkXoKVhe5nKFmfjAVyNoGHSr22VXcrkoN,BR0isoSnDlgTmIqukAORkXTz6C9ABpEWp1Yw4Fx6
G97yzpX8HPnbmrVEC0Aoz2si9mlAiCfZmduqw99n,0tSt4SUsOj8fKBL2OwFTAz878S85snjiNnAx7n8z,I9zyEumkNRxIzJ9lhMe24gjeuA05krtaF8GygUHD,BR0isoSnDlgTmIqukAORkXTz6C9ABpEWp1Yw4Fx6,G97yzpX8HPnbmrVEC0Aoz2si9mlAiCfZmduqw99n,0tSt4SUsOj8fKBL2OwFTAz878S85snjiNnAx7n8z
MOx9AM3J6rnEQQJCSsWfT7wdOetSni3OV0mrNgho,hBG5vMBqkXoKVhe5nKFmfjAVyNoGHSr22VXcrkoN,BR0isoSnDlgTmIqukAORkXTz6C9ABpEWp1Yw4Fx6,0tSt4SUsOj8fKBL2OwFTAz878S85snjiNnAx7n8z,MOx9AM3J6rnEQQJCSsWfT7wdOetSni3OV0mrNgho,G97yzpX8HPnbmrVEC0Aoz2si9mlAiCfZmduqw99n
I9zyEumkNRxIzJ9lhMe24gjeuA05krtaF8GygUHD,G0PLr6xT9E96wJTJXQDNB728J4rHnKFKya5jIcwT,0tSt4SUsOj8fKBL2OwFTAz878S85snjiNnAx7n8z,hBG5vMBqkXoKVhe5nKFmfjAVyNoGHSr22VXcrkoN,I9zyEumkNRxIzJ9lhMe24gjeuA05krtaF8GygUHD,MOx9AM3J6rnEQQJCSsWfT7wdOetSni3OV0mrNgho
BR0isoSnDlgTmIqukAORkXTz6C9ABpEWp1Yw4Fx6,DboXcHUzjiTnEyfVzMA8hgefX2B7suIPftuPWSyq,hBG5vMBqkXoKVhe5nKFmfjAVyNoGHSr22VXcrkoN,G0PLr6xT9E96wJTJXQDNB728J4rHnKFKya5jIcwT,BR0isoSnDlgTmIqukAORkXTz6C9ABpEWp1Yw4Fx6,I9zyEumkNRxIzJ9lhMe24gjeuA05krtaF8GygUHD
0tSt4SUsOj8fKBL2OwFTAz878S85snjiNnAx7n8z,neo9uYRJVawyUm1nyXvQrJxwVqapvXp6gVg6kwxr,G0PLr6xT9E96wJTJXQDNB728J4rHnKFKya5jIcwT,G97yzpX8HPnbmrVEC0Aoz2si9mlAiCfZmduqw99n,0tSt4SUsOj8fKBL2OwFTAz878S85snjiNnAx7n8z,BR0isoSnDlgTmIqukAORkXTz6C9ABpEWp1Yw4Fx6
hBG5vMBqkXoKVhe5nKFmfjAVyNoGHSr22VXcrkoN,nOgJEtffp9e3P1qN9pqUrIZB0WQ9VIdptmx5wtia,DboXcHUzjiTnEyfVzMA8hgefX2B7suIPftuPWSyq,MOx9AM3J6rnEQQJCSsWfT7wdOetSni3OV0mrNgho,hBG5vMBqkXoKVhe5nKFmfjAVyNoGHSr22VXcrkoN,0tSt4SUsOj8fKBL2OwFTAz878S85snjiNnAx7n8z
G0PLr6xT9E96wJTJXQDNB728J4rHnKFKya5jIcwT,G97yzpX8HPnbmrVEC0Aoz2si9mlAiCfZmduqw99n,G97yzpX8HPnbmrVEC0Aoz2si9mlAiCfZmduqw99n,I9zyEumkNRxIzJ9lhMe24gjeuA05krtaF8GygUHD,G97yzpX8HPnbmrVEC0Aoz2si9mlAiCfZmduqw99n,G97yzpX8HPnbmrVEC0Aoz2si9mlAiCfZmduqw99n
DboXcHUzjiTnEyfVzMA8hgefX2B7suIPftuPWSyq,MOx9AM3J6rnEQQJCSsWfT7wdOetSni3OV0mrNgho,MOx9AM3J6rnEQQJCSsWfT7wdOetSni3OV0mrNgho,BR0isoSnDlgTmIqukAORkXTz6C9ABpEWp1Yw4Fx6,MOx9AM3J6rnEQQJCSsWfT7wdOetSni3OV0mrNgho,MOx9AM3J6rnEQQJCSsWfT7wdOetSni3OV0mrNgho
neo9uYRJVawyUm1nyXvQrJxwVqapvXp6gVg6kwxr,I9zyEumkNRxIzJ9lhMe24gjeuA05krtaF8GygUHD,I9zyEumkNRxIzJ9lhMe24gjeuA05krtaF8GygUHD,0tSt4SUsOj8fKBL2OwFTAz878S85snjiNnAx7n8z,I9zyEumkNRxIzJ9lhMe24gjeuA05krtaF8GygUHD,I9zyEumkNRxIzJ9lhMe24gjeuA05krtaF8GygUHD
G97yzpX8HPnbmrVEC0Aoz2si9mlAiCfZmduqw99n,BR0isoSnDlgTmIqukAORkXTz6C9ABpEWp1Yw4Fx6,BR0isoSnDlgTmIqukAORkXTz6C9ABpEWp1Yw4Fx6,hBG5vMBqkXoKVhe5nKFmfjAVyNoGHSr22VXcrkoN,BR0isoSnDlgTmIqukAORkXTz6C9ABpEWp1Yw4Fx6,BR0isoSnDlgTmIqukAORkXTz6C9ABpEWp1Yw4Fx6
MOx9AM3J6rnEQQJCSsWfT7wdOetSni3OV0mrNgho,0tSt4SUsOj8fKBL2OwFTAz878S85snjiNnAx7n8z,0tSt4SUsOj8fKBL2OwFTAz878S85snjiNnAx7n8z,G0PLr6xT9E96wJTJXQDNB728J4rHnKFKya5jIcwT,0tSt4SUsOj8fKBL2OwFTAz878S85snjiNnAx7n8z,0tSt4SUsOj8fKBL2OwFTAz878S85snjiNnAx7n8z
I9zyEumkNRxIzJ9lhMe24gjeuA05krtaF8GygUHD,hBG5vMBqkXoKVhe5nKFmfjAVyNoGHSr22VXcrkoN,hBG5vMBqkXoKVhe5nKFmfjAVyNoGHSr22VXcrkoN,G97yzpX8HPnbmrVEC0Aoz2si9mlAiCfZmduqw99n,hBG5vMBqkXoKVhe5nKFmfjAVyNoGHSr22VXcrkoN,G97yzpX8HPnbmrVEC0Aoz2si9mlAiCfZmduqw99n
BR0isoSnDlgTmIqukAORkXTz6C9ABpEWp1Yw4Fx6,G0PLr6xT9E96wJTJXQDNB728J4rHnKFKya5jIcwT,G0PLr6xT9E96wJTJXQDNB728J4rHnKFKya5jIcwT,MOx9AM3J6rnEQQJCSsWfT7wdOetSni3OV0mrNgho,G97yzpX8HPnbmrVEC0Aoz2si9mlAiCfZmduqw99n,MOx9AM3J6rnEQQJCSsWfT7wdOetSni3OV0mrNgho
0tSt4SUsOj8fKBL2OwFTAz878S85snjiNnAx7n8z,DboXcHUzjiTnEyfVzMA8hgefX2B7suIPftuPWSyq,DboXcHUzjiTnEyfVzMA8hgefX2B7suIPftuPWSyq,I9zyEumkNRxIzJ9lhMe24gjeuA05krtaF8GygUHD,MOx9AM3J6rnEQQJCSsWfT7wdOetSni3OV0mrNgho,I9zyEumkNRxIzJ9lhMe24gjeuA05krtaF8GygUHD
hBG5vMBqkXoKVhe5nKFmfjAVyNoGHSr22VXcrkoN,neo9uYRJVawyUm1nyXvQrJxwVqapvXp6gVg6kwxr,G97yzpX8HPnbmrVEC0Aoz2si9mlAiCfZmduqw99n,BR0isoSnDlgTmIqukAORkXTz6C9ABpEWp1Yw4Fx6,I9zyEumkNRxIzJ9lhMe24gjeuA05krtaF8GygUHD,BR0isoSnDlgTmIqukAORkXTz6C9ABpEWp1Yw4Fx6
G0PLr6xT9E96wJTJXQDNB728J4rHnKFKya5jIcwT,nOgJEtffp9e3P1qN9pqUrIZB0WQ9VIdptmx5wtia,MOx9AM3J6rnEQQJCSsWfT7wdOetSni3OV0mrNgho,0tSt4SUsOj8fKBL2OwFTAz878S85snjiNnAx7n8z,BR0isoSnDlgTmIqukAORkXTz6C9ABpEWp1Yw4Fx6,0tSt4SUsOj8fKBL2OwFTAz878S85snjiNnAx7n8z
DboXcHUzjiTnEyfVzMA8hgefX2B7suIPftuPWSyq,G97yzpX8HPnbmrVEC0Aoz2si9mlAiCfZmduqw99n,I9zyEumkNRxIzJ9lhMe24gjeuA05krtaF8GygUHD,hBG5vMBqkXoKVhe5nKFmfjAVyNoGHSr22VXcrkoN,0tSt4SUsOj8fKBL2OwFTAz878S85snjiNnAx7n8z,G97yzpX8HPnbmrVEC0Aoz2si9mlAiCfZmduqw99n
neo9uYRJVawyUm1nyXvQrJxwVqapvXp6gVg6kwxr,MOx9AM3J6rnEQQJCSsWfT7wdOetSni3OV0mrNgho,BR0isoSnDlgTmIqukAORkXTz6C9ABpEWp1Yw4Fx6,G0PLr6xT9E96wJTJXQDNB728J4rHnKFKya5jIcwT,hBG5vMBqkXoKVhe5nKFmfjAVyNoGHSr22VXcrkoN,MOx9AM3J6rnEQQJCSsWfT7wdOetSni3OV0mrNgho
G97yzpX8HPnbmrVEC0Aoz2si9mlAiCfZmduqw99n,I9zyEumkNRxIzJ9lhMe24gjeuA05krtaF8GygUHD,0tSt4SUsOj8fKBL2OwFTAz878S85snjiNnAx7n8z,G97yzpX8HPnbmrVEC0Aoz2si9mlAiCfZmduqw99n,G97yzpX8HPnbmrVEC0Aoz2si9mlAiCfZmduqw99n,I9zyEumkNRxIzJ9lhMe24gjeuA05krtaF8GygUHD
MOx9AM3J6rnEQQJCSsWfT7wdOetSni3OV0mrNgho,BR0isoSnDlgTmIqukAORkXTz6C9ABpEWp1Yw4Fx6,hBG5vMBqkXoKVhe5nKFmfjAVyNoGHSr22VXcrkoN,MOx9AM3J6rnEQQJCSsWfT7wdOetSni3OV0mrNgho,MOx9AM3J6rnEQQJCSsWfT7wdOetSni3OV0mrNgho,BR0isoSnDlgTmIqukAORkXTz6C9ABpEWp1Yw4Fx6
I9zyEumkNRxIzJ9lhMe24gjeuA05krtaF8GygUHD,0tSt4SUsOj8fKBL2OwFTAz878S85snjiNnAx7n8z,G0PLr6xT9E96wJTJXQDNB728J4rHnKFKya5jIcwT,I9zyEumkNRxIzJ9lhMe24gjeuA05krtaF8GygUHD,I9zyEumkNRxIzJ9lhMe24gjeuA05krtaF8GygUHD,0tSt4SUsOj8fKBL2OwFTAz878S85snjiNnAx7n8z
BR0isoSnDlgTmIqukAORkXTz6C9ABpEWp1Yw4Fx6,hBG5vMBqkXoKVhe5nKFmfjAVyNoGHSr22VXcrkoN,DboXcHUzjiTnEyfVzMA8hgefX2B7suIPftuPWSyq,BR0isoSnDlgTmIqukAORkXTz6C9ABpEWp1Yw4Fx6,BR0isoSnDlgTmIqukAORkXTz6C9ABpEWp1Yw4Fx6,G97yzpX8HPnbmrVEC0Aoz2si9mlAiCfZmduqw99n
0tSt4SUsOj8fKBL2OwFTAz878S85snjiNnAx7n8z,G0PLr6xT9E96wJTJXQDNB728J4rHnKFKya5jIcwT,G97yzpX8HPnbmrVEC0Aoz2si9mlAiCfZmduqw99n,0tSt4SUsOj8fKBL2OwFTAz878S85snjiNnAx7n8z,0tSt4SUsOj8fKBL2OwFTAz878S85snjiNnAx7n8z,MOx9AM3J6rnEQQJCSsWfT7wdOetSni3OV0mrNgho
hBG5vMBqkXoKVhe5nKFmfjAVyNoGHSr22VXcrkoN,DboXcHUzjiTnEyfVzMA8hgefX2B7suIPftuPWSyq,MOx9AM3J6rnEQQJCSsWfT7wdOetSni3OV0mrNgho,hBG5vMBqkXoKVhe5nKFmfjAVyNoGHSr22VXcrkoN,hBG5vMBqkXoKVhe5nKFmfjAVyNoGHSr22VXcrkoN,I9zyEumkNRxIzJ9lhMe24gjeuA05krtaF8GygUHD
G0PLr6xT9E96wJTJXQDNB728J4rHnKFKya5jIcwT,neo9uYRJVawyUm1nyXvQrJxwVqapvXp6gVg6kwxr,I9zyEumkNRxIzJ9lhMe24gjeuA05krtaF8GygUHD,G0PLr6xT9E96wJTJXQDNB728J4rHnKFKya5jIcwT,G97yzpX8HPnbmrVEC0Aoz2si9mlAiCfZmduqw99n,BR0isoSnDlgTmIqukAORkXTz6C9ABpEWp1Yw4Fx6
DboXcHUzjiTnEyfVzMA8hgefX2B7suIPftuPWSyq,nOgJEtffp9e3P1qN9pqUrIZB0WQ9VIdptmx5wtia,BR0isoSnDlgTmIqukAORkXTz6C9ABpEWp1Yw4Fx6,G97yzpX8HPnbmrVEC0Aoz2si9mlAiCfZmduqw99n,MOx9AM3J6rnEQQJCSsWfT7wdOetSni3OV0mrNgho,0tSt4SUsOj8fKBL2OwFTAz878S85snjiNnAx7n8z
neo9uYRJVawyUm1nyXvQrJxwVqapvXp6gVg6kwxr,G97yzpX8HPnbmrVEC0Aoz2si9mlAiCfZmduqw99n,0tSt4SUsOj8fKBL2OwFTAz878S85snjiNnAx7n8z,MOx9AM3J6rnEQQJCSsWfT7wdOetSni3OV0mrNgho,I9zyEumkNRxIzJ9lhMe24gjeuA05krtaF8GygUHD,G97yzpX8HPnbmrVEC0Aoz2si9mlAiCfZmduqw99n
G97yzpX8HPnbmrVEC0Aoz2si9mlAiCfZmduqw99n,MOx9AM3J6rnEQQJCSsWfT7wdOetSni3OV0mrNgho,hBG5vMBqkXoKVhe5nKFmfjAVyNoGHSr22VXcrkoN,I9zyEumkNRxIzJ9lhMe24gjeuA05krtaF8GygUHD,BR0isoSnDlgTmIqukAORkXTz6C9ABpEWp1Yw4Fx6,MOx9AM3J6rnEQQJCSsWfT7wdOetSni3OV0mrNgho
MOx9AM3J6rnEQQJCSsWfT7wdOetSni3OV0mrNgho,I9zyEumkNRxIzJ9lhMe24gjeuA05krtaF8GygUHD,G0PLr6xT9E96wJTJXQDNB728J4rHnKFKya5jIcwT,BR0isoSnDlgTmIqukAORkXTz6C9ABpEWp1Yw4Fx6,0tSt4SUsOj8fKBL2OwFTAz878S85snjiNnAx7n8z,I9zyEumkNRxIzJ9lhMe24gjeuA05krtaF8GygUHD
I9zyEumkNRxIzJ9lhMe24gjeuA05krtaF8GygUHD,BR0isoSnDlgTmIqukAORkXTz6C9ABpEWp1Yw4Fx6,DboXcHUzjiTnEyfVzMA8hgefX2B7suIPftuPWSyq,0tSt4SUsOj8fKBL2OwFTAz878S85snjiNnAx7n8z,hBG5vMBqkXoKVhe5nKFmfjAVyNoGHSr22VXcrkoN,BR0isoSnDlgTmIqukAORkXTz6C9ABpEWp1Yw4Fx6
BR0isoSnDlgTmIqukAORkXTz6C9ABpEWp1Yw4Fx6,0tSt4SUsOj8fKBL2OwFTAz878S85snjiNnAx7n8z,G97yzpX8HPnbmrVEC0Aoz2si9mlAiCfZmduqw99n,hBG5vMBqkXoKVhe5nKFmfjAVyNoGHSr22VXcrkoN,G97yzpX8HPnbmrVEC0Aoz2si9mlAiCfZmduqw99n,0tSt4SUsOj8fKBL2OwFTAz878S85snjiNnAx7n8z
0tSt4SUsOj8fKBL2OwFTAz878S85snjiNnAx7n8z,hBG5vMBqkXoKVhe5nKFmfjAVyNoGHSr22VXcrkoN,MOx9AM3J6rnEQQJCSsWfT7wdOetSni3OV0mrNgho,G0PLr6xT9E96wJTJXQDNB728J4rHnKFKya5jIcwT,MOx9AM3J6rnEQQJCSsWfT7wdOetSni3OV0mrNgho,G97yzpX8HPnbmrVEC0Aoz2si9mlAiCfZmduqw99n
hBG5vMBqkXoKVhe5nKFmfjAVyNoGHSr22VXcrkoN,G0PLr6xT9E96wJTJXQDNB728J4rHnKFKya5jIcwT,I9zyEumkNRxIzJ9lhMe24gjeuA05krtaF8GygUHD,G97yzpX8HPnbmrVEC0Aoz2si9mlAiCfZmduqw99n,I9zyEumkNRxIzJ9lhMe24gjeuA05krtaF8GygUHD,MOx9AM3J6rnEQQJCSsWfT7wdOetSni3OV0mrNgho
G0PLr6xT9E96wJTJXQDNB728J4rHnKFKya5jIcwT,DboXcHUzjiTnEyfVzMA8hgefX2B7suIPftuPWSyq,BR0isoSnDlgTmIqukAORkXTz6C9ABpEWp1Yw4Fx6,MOx9AM3J6rnEQQJCSsWfT7wdOetSni3OV0mrNgho,BR0isoSnDlgTmIqukAORkXTz6C9ABpEWp1Yw4Fx6,I9zyEumkNRxIzJ9lhMe24gjeuA05krtaF8GygUHD
DboXcHUzjiTnEyfVzMA8hgefX2B7suIPftuPWSyq,neo9uYRJVawyUm1nyXvQrJxwVqapvXp6gVg6kwxr,0tSt4SUsOj8fKBL2OwFTAz878S85snjiNnAx7n8z,I9zyEumkNRxIzJ9lhMe24gjeuA05krtaF8GygUHD,0tSt4SUsOj8fKBL2OwFTAz878S85snjiNnAx7n8z,BR0isoSnDlgTmIqukAORkXTz6C9ABpEWp1Yw4Fx6
neo9uYRJVawyUm1nyXvQrJxwVqapvXp6gVg6kwxr,nOgJEtffp9e3P1qN9pqUrIZB0WQ9VIdptmx5wtia,hBG5vMBqkXoKVhe5nKFmfjAVyNoGHSr22VXcrkoN,BR0isoSnDlgTmIqukAORkXTz6C9ABpEWp1Yw4Fx6,hBG5vMBqkXoKVhe5nKFmfjAVyNoGHSr22VXcrkoN,0tSt4SUsOj8fKBL2OwFTAz878S85snjiNnAx7n8z
G97yzpX8HPnbmrVEC0Aoz2si9mlAiCfZmduqw99n,G97yzpX8HPnbmrVEC0Aoz2si9mlAiCfZmduqw99n,G0PLr6xT9E96wJTJXQDNB728J4rHnKFKya5jIcwT,0tSt4SUsOj8fKBL2OwFTAz878S85snjiNnAx7n8z,G97yzpX8HPnbmrVEC0Aoz2si9mlAiCfZmduqw99n,G97yzpX8HPnbmrVEC0Aoz2si9mlAiCfZmduqw99n
MOx9AM3J6rnEQQJCSsWfT7wdOetSni3OV0mrNgho,MOx9AM3J6rnEQQJCSsWfT7wdOetSni3OV0mrNgho,DboXcHUzjiTnEyfVzMA8hgefX2B7suIPftuPWSyq,hBG5vMBqkXoKVhe5nKFmfjAVyNoGHSr22VXcrkoN,MOx9AM3J6rnEQQJCSsWfT7wdOetSni3OV0mrNgho,MOx9AM3J6rnEQQJCSsWfT7wdOetSni3OV0mrNgho
I9zyEumkNRxIzJ9lhMe24gjeuA05krtaF8GygUHD,I9zyEumkNRxIzJ9lhMe24gjeuA05krtaF8GygUHD,G97yzpX8HPnbmrVEC0Aoz2si9mlAiCfZmduqw99n,G0PLr6xT9E96wJTJXQDNB728J4rHnKFKya5jIcwT,I9zyEumkNRxIzJ9lhMe24gjeuA05krtaF8GygUHD,I9zyEumkNRxIzJ9lhMe24gjeuA05krtaF8GygUHD
BR0isoSnDlgTmIqukAORkXTz6C9ABpEWp1Yw4Fx6,BR0isoSnDlgTmIqukAORkXTz6C9ABpEWp1Yw4Fx6,MOx9AM3J6rnEQQJCSsWfT7wdOetSni3OV0mrNgho,G97yzpX8HPnbmrVEC0Aoz2si9mlAiCfZmduqw99n,BR0isoSnDlgTmIqukAORkXTz6C9ABpEWp1Yw4Fx6,BR0isoSnDlgTmIqukAORkXTz6C9ABpEWp1Yw4Fx6
0tSt4SUsOj8fKBL2OwFTAz878S85snjiNnAx7n8z,0tSt4SUsOj8fKBL2OwFTAz878S85snjiNnAx7n8z,I9zyEumkNRxIzJ9lhMe24gjeuA05krtaF8GygUHD,MOx9AM3J6rnEQQJCSsWfT7wdOetSni3OV0mrNgho,0tSt4SUsOj8fKBL2OwFTAz878S85snjiNnAx7n8z,0tSt4SUsOj8fKBL2OwFTAz878S85snjiNnAx7n8z
hBG5vMBqkXoKVhe5nKFmfjAVyNoGHSr22VXcrkoN,hBG5vMBqkXoKVhe5nKFmfjAVyNoGHSr22VXcrkoN,BR0isoSnDlgTmIqukAORkXTz6C9ABpEWp1Yw4Fx6,I9zyEumkNRxIzJ9lhMe24gjeuA05krtaF8GygUHD,hBG5vMBqkXoKVhe5nKFmfjAVyNoGHSr22VXcrkoN,G97yzpX8HPnbmrVEC0Aoz2si9mlAiCfZmduqw99n
G0PLr6xT9E96wJTJXQDNB728J4rHnKFKya5jIcwT,G0PLr6xT9E96wJTJXQDNB728J4rHnKFKya5jIcwT,0tSt4SUsOj8fKBL2OwFTAz878S85snjiNnAx7n8z,BR0isoSnDlgTmIqukAORkXTz6C9ABpEWp1Yw4Fx6,G97yzpX8HPnbmrVEC0Aoz2si9mlAiCfZmduqw99n,MOx9AM3J6rnEQQJCSsWfT7wdOetSni3OV0mrNgho
DboXcHUzjiTnEyfVzMA8hgefX2B7suIPftuPWSyq,DboXcHUzjiTnEyfVzMA8hgefX2B7suIPftuPWSyq,hBG5vMBqkXoKVhe5nKFmfjAVyNoGHSr22VXcrkoN,0tSt4SUsOj8fKBL2OwFTAz878S85snjiNnAx7n8z,MOx9AM3J6rnEQQJCSsWfT7wdOetSni3OV0mrNgho,I9zyEumkNRxIzJ9lhMe24gjeuA05krtaF8GygUHD
neo9uYRJVawyUm1nyXvQrJxwVqapvXp6gVg6kwxr,neo9uYRJVawyUm1nyXvQrJxwVqapvXp6gVg6kwxr,G0PLr6xT9E96wJTJXQDNB728J4rHnKFKya5jIcwT,hBG5vMBqkXoKVhe5nKFmfjAVyNoGHSr22VXcrkoN,I9zyEumkNRxIzJ9lhMe24gjeuA05krtaF8GygUHD,BR0isoSnDlgTmIqukAORkXTz6C9ABpEWp1Yw4Fx6
G97yzpX8HPnbmrVEC0Aoz2si9mlAiCfZmduqw99n,nOgJEtffp9e3P1qN9pqUrIZB0WQ9VIdptmx5wtia,DboXcHUzjiTnEyfVzMA8hgefX2B7suIPftuPWSyq,G0PLr6xT9E96wJTJXQDNB728J4rHnKFKya5jIcwT,BR0isoSnDlgTmIqukAORkXTz6C9ABpEWp1Yw4Fx6,0tSt4SUsOj8fKBL2OwFTAz878S85snjiNnAx7n8z
MOx9AM3J6rnEQQJCSsWfT7wdOetSni3OV0mrNgho,G97yzpX8HPnbmrVEC0Aoz2si9mlAiCfZmduqw99n,G97yzpX8HPnbmrVEC0Aoz2si9mlAiCfZmduqw99n,G97yzpX8HPnbmrVEC0Aoz2si9mlAiCfZmduqw99n,0tSt4SUsOj8fKBL2OwFTAz878S85snjiNnAx7n8z,G97yzpX8HPnbmrVEC0Aoz2si9mlAiCfZmduqw99n
I9zyEumkNRxIzJ9lhMe24gjeuA05krtaF8GygUHD,MOx9AM3J6rnEQQJCSsWfT7wdOetSni3OV0mrNgho,MOx9AM3J6rnEQQJCSsWfT7wdOetSni3OV0mrNgho,MOx9AM3J6rnEQQJCSsWfT7wdOetSni3OV0mrNgho,hBG5vMBqkXoKVhe5nKFmfjAVyNoGHSr22VXcrkoN,MOx9AM3J6rnEQQJCSsWfT7wdOetSni3OV0mrNgho
BR0isoSnDlgTmIqukAORkXTz6C9ABpEWp1Yw4Fx6,I9zyEumkNRxIzJ9lhMe24gjeuA05krtaF8GygUHD,I9zyEumkNRxIzJ9lhMe24gjeuA05krtaF8GygUHD,I9zyEumkNRxIzJ9lhMe24gjeuA05krtaF8GygUHD,G97yzpX8HPnbmrVEC0Aoz2si9mlAiCfZmduqw99n,I9zyEumkNRxIzJ9lhMe24gjeuA05krtaF8GygUHD
0tSt4SUsOj8fKBL2OwFTAz878S85snjiNnAx7n8z,BR0isoSnDlgTmIqukAORkXTz6C9ABpEWp1Yw4Fx6,BR0isoSnDlgTmIqukAORkXTz6C9ABpEWp1Yw4Fx6,BR0isoSnDlgTmIqukAORkXTz6C9ABpEWp1Yw4Fx6,MOx9AM3J6rnEQQJCSsWfT7wdOetSni3OV0mrNgho,BR0isoSnDlgTmIqukAORkXTz6C9ABpEWp1Yw4Fx6
hBG5vMBqkXoKVhe5nKFmfjAVyNoGHSr22VXcrkoN,0tSt4SUsOj8fKBL2OwFTAz878S85snjiNnAx7n8z,0tSt4SUsOj8fKBL2OwFTAz878S85snjiNnAx7n8z,0tSt4SUsOj8fKBL2OwFTAz878S85snjiNnAx7n8z,I9zyEumkNRxIzJ9lhMe24gjeuA05krtaF8GygUHD,0tSt4SUsOj8fKBL2OwFTAz878S85snjiNnAx7n8z
G0PLr6xT9E96wJTJXQDNB728J4rHnKFKya5jIcwT,hBG5vMBqkXoKVhe5nKFmfjAVyNoGHSr22VXcrkoN,hBG5vMBqkXoKVhe5nKFmfjAVyNoGHSr22VXcrkoN,hBG5vMBqkXoKVhe5nKFmfjAVyNoGHSr22VXcrkoN,BR0isoSnDlgTmIqukAORkXTz6C9ABpEWp1Yw4Fx6,G97yzpX8HPnbmrVEC0Aoz2si9mlAiCfZmduqw99n
DboXcHUzjiTnEyfVzMA8hgefX2B7suIPftuPWSyq,G0PLr6xT9E96wJTJXQDNB728J4rHnKFKya5jIcwT,G0PLr6xT9E96wJTJXQDNB728J4rHnKFKya5jIcwT,G0PLr6xT9E96wJTJXQDNB728J4rHnKFKya5jIcwT,0tSt4SUsOj8fKBL2OwFTAz878S85snjiNnAx7n8z,MOx9AM3J6rnEQQJCSsWfT7wdOetSni3OV0mrNgho
neo9uYRJVawyUm1nyXvQrJxwVqapvXp6gVg6kwxr,DboXcHUzjiTnEyfVzMA8hgefX2B7suIPftuPWSyq,DboXcHUzjiTnEyfVzMA8hgefX2B7suIPftuPWSyq,G97yzpX8HPnbmrVEC0Aoz2si9mlAiCfZmduqw99n,hBG5vMBqkXoKVhe5nKFmfjAVyNoGHSr22VXcrkoN,I9zyEumkNRxIzJ9lhMe24gjeuA05krtaF8GygUHD
G97yzpX8HPnbmrVEC0Aoz2si9mlAiCfZmduqw99n,neo9uYRJVawyUm1nyXvQrJxwVqapvXp6gVg6kwxr,G97yzpX8HPnbmrVEC0Aoz2si9mlAiCfZmduqw99n,MOx9AM3J6rnEQQJCSsWfT7wdOetSni3OV0mrNgho,G97yzpX8HPnbmrVEC0Aoz2si9mlAiCfZmduqw99n,BR0isoSnDlgTmIqukAORkXTz6C9ABpEWp1Yw4Fx6
MOx9AM3J6rnEQQJCSsWfT7wdOetSni3OV0mrNgho,nOgJEtffp9e3P1qN9pqUrIZB0WQ9VIdptmx5wtia,MOx9AM3J6rnEQQJCSsWfT7wdOetSni3OV0mrNgho,I9zyEumkNRxIzJ9lhMe24gjeuA05krtaF8GygUHD,MOx9AM3J6rnEQQJCSsWfT7wdOetSni3OV0mrNgho,0tSt4SUsOj8fKBL2OwFTAz878S85snjiNnAx7n8z
I9zyEumkNRxIzJ9lhMe24gjeuA05krtaF8GygUHD,G97yzpX8HPnbmrVEC0Aoz2si9mlAiCfZmduqw99n,I9zyEumkNRxIzJ9lhMe24gjeuA05krtaF8GygUHD,BR0isoSnDlgTmIqukAORkXTz6C9ABpEWp1Yw4Fx6,I9zyEumkNRxIzJ9lhMe24gjeuA05krtaF8GygUHD,G97yzpX8HPnbmrVEC0Aoz2si9mlAiCfZmduqw99n
BR0isoSnDlgTmIqukAORkXTz6C9ABpEWp1Yw4Fx6,MOx9AM3J6rnEQQJCSsWfT7wdOetSni3OV0mrNgho,BR0isoSnDlgTmIqukAORkXTz6C9ABpEWp1Yw4Fx6,0tSt4SUsOj8fKBL2OwFTAz878S85snjiNnAx7n8z,BR0isoSnDlgTmIqukAORkXTz6C9ABpEWp1Yw4Fx6,MOx9AM3J6rnEQQJCSsWfT7wdOetSni3OV0mrNgho
0tSt4SUsOj8fKBL2OwFTAz878S85snjiNnAx7n8z,I9zyEumkNRxIzJ9lhMe24gjeuA05krtaF8GygUHD,0tSt4SUsOj8fKBL2OwFTAz878S85snjiNnAx7n8z,hBG5vMBqkXoKVhe5nKFmfjAVyNoGHSr22VXcrkoN,0tSt4SUsOj8fKBL2OwFTAz878S85snjiNnAx7n8z,I9zyEumkNRxIzJ9lhMe24gjeuA05krtaF8GygUHD
hBG5vMBqkXoKVhe5nKFmfjAVyNoGHSr22VXcrkoN,BR0isoSnDlgTmIqukAORkXTz6C9ABpEWp1Yw4Fx6,hBG5vMBqkXoKVhe5nKFmfjAVyNoGHSr22VXcrkoN,G0PLr6xT9E96wJTJXQDNB728J4rHnKFKya5jIcwT,hBG5vMBqkXoKVhe5nKFmfjAVyNoGHSr22VXcrkoN,BR0isoSnDlgTmIqukAORkXTz6C9ABpEWp1Yw4Fx6
G0PLr6xT9E96wJTJXQDNB728J4rHnKFKya5jIcwT,0tSt4SUsOj8fKBL2OwFTAz878S85snjiNnAx7n8z,G0PLr6xT9E96wJTJXQDNB728J4rHnKFKya5jIcwT,G97yzpX8HPnbmrVEC0Aoz2si9mlAiCfZmduqw99n,G97yzpX8HPnbmrVEC0Aoz2si9mlAiCfZmduqw99n,0tSt4SUsOj8fKBL2OwFTAz878S85snjiNnAx7n8z
DboXcHUzjiTnEyfVzMA8hgefX2B7suIPftuPWSyq,hBG5vMBqkXoKVhe5nKFmfjAVyNoGHSr22VXcrkoN,DboXcHUzjiTnEyfVzMA8hgefX2B7suIPftuPWSyq,MOx9AM3J6rnEQQJCSsWfT7wdOetSni3OV0mrNgho,MOx9AM3J6rnEQQJCSsWfT7wdOetSni3OV0mrNgho,G97yzpX8HPnbmrVEC0Aoz2si9mlAiCfZmduqw99n
neo9uYRJVawyUm1nyXvQrJxwVqapvXp6gVg6kwxr,G0PLr6xT9E96wJTJXQDNB728J4rHnKFKya5jIcwT,G97yzpX8HPnbmrVEC0Aoz2si9mlAiCfZmduqw99n,I9zyEumkNRxIzJ9lhMe24gjeuA05krtaF8GygUHD,I9zyEumkNRxIzJ9lhMe24gjeuA05krtaF8GygUHD,MOx9AM3J6rnEQQJCSsWfT7wdOetSni3OV0mrNgho
G97yzpX8HPnbmrVEC0Aoz2si9mlAiCfZmduqw99n,DboXcHUzjiTnEyfVzMA8hgefX2B7suIPftuPWSyq,MOx9AM3J6rnEQQJCSsWfT7wdOetSni3OV0mrNgho,BR0isoSnDlgTmIqukAORkXTz6C9ABpEWp1Yw4Fx6,BR0isoSnDlgTmIqukAORkXTz6C9ABpEWp1Yw4Fx6,I9zyEumkNRxIzJ9lhMe24gjeuA05krtaF8GygUHD
MOx9AM3J6rnEQQJCSsWfT7wdOetSni3OV0mrNgho,neo9uYRJVawyUm1nyXvQrJxwVqapvXp6gVg6kwxr,I9zyEumkNRxIzJ9lhMe24gjeuA05krtaF8GygUHD,0tSt4SUsOj8fKBL2OwFTAz878S85snjiNnAx7n8z,0tSt4SUsOj8fKBL2OwFTAz878S85snjiNnAx7n8z,BR0isoSnDlgTmIqukAORkXTz6C9ABpEWp1Yw4Fx6
I9zyEumkNRxIzJ9lhMe24gjeuA05krtaF8GygUHD,nOgJEtffp9e3P1qN9pqUrIZB0WQ9VIdptmx5wtia,BR0isoSnDlgTmIqukAORkXTz6C9ABpEWp1Yw4Fx6,hBG5vMBqkXoKVhe5nKFmfjAVyNoGHSr22VXcrkoN,hBG5vMBqkXoKVhe5nKFmfjAVyNoGHSr22VXcrkoN,0tSt4SUsOj8fKBL2OwFTAz878S85snjiNnAx7n8z
BR0isoSnDlgTmIqukAORkXTz6C9ABpEWp1Yw4Fx6,G97yzpX8HPnbmrVEC0Aoz2si9mlAiCfZmduqw99n,0tSt4SUsOj8fKBL2OwFTAz878S85snjiNnAx7n8z,G0PLr6xT9E96wJTJXQDNB728J4rHnKFKya5jIcwT,G97yzpX8HPnbmrVEC0Aoz2si9mlAiCfZmduqw99n,G97yzpX8HPnbmrVEC0Aoz2si9mlAiCfZmduqw99n
0tSt4SUsOj8fKBL2OwFTAz878S85snjiNnAx7n8z,MOx9AM3J6rnEQQJCSsWfT7wdOetSni3OV0mrNgho,hBG5vMBqkXoKVhe5nKFmfjAVyNoGHSr22VXcrkoN,G97yzpX8HPnbmrVEC0Aoz2si9mlAiCfZmduqw99n,MOx9AM3J6rnEQQJCSsWfT7wdOetSni3OV0mrNgho,MOx9AM3J6rnEQQJCSsWfT7wdOetSni3OV0mrNgho
hBG5vMBqkXoKVhe5nKFmfjAVyNoGHSr22VXcrkoN,I9zyEumkNRxIzJ9lhMe24gjeuA05krtaF8GygUHD,G0PLr6xT9E96wJTJXQDNB728J4rHnKFKya5jIcwT,MOx9AM3J6rnEQQJCSsWfT7wdOetSni3OV0mrNgho,I9zyEumkNRxIzJ9lhMe24gjeuA05krtaF8GygUHD,I9zyEumkNRxIzJ9lhMe24gjeuA05krtaF8GygUHD
G0PLr6xT9E96wJTJXQDNB728J4rHnKFKya5jIcwT,BR0isoSnDlgTmIqukAORkXTz6C9ABpEWp1Yw4Fx6,DboXcHUzjiTnEyfVzMA8hgefX2B7suIPftuPWSyq,I9zyEumkNRxIzJ9lhMe24gjeuA05krtaF8GygUHD,BR0isoSnDlgTmIqukAORkXTz6C9ABpEWp1Yw4Fx6,BR0isoSnDlgTmIqukAORkXTz6C9ABpEWp1Yw4Fx6
DboXcHUzjiTnEyfVzMA8hgefX2B7suIPftuPWSyq,0tSt4SUsOj8fKBL2OwFTAz878S85snjiNnAx7n8z,G97yzpX8HPnbmrVEC0Aoz2si9mlAiCfZmduqw99n,BR0isoSnDlgTmIqukAORkXTz6C9ABpEWp1Yw4Fx6,0tSt4SUsOj8fKBL2OwFTAz878S85snjiNnAx7n8z,0tSt4SUsOj8fKBL2OwFTAz878S85snjiNnAx7n8z
neo9uYRJVawyUm1nyXvQrJxwVqapvXp6gVg6kwxr,hBG5vMBqkXoKVhe5nKFmfjAVyNoGHSr22VXcrkoN,MOx9AM3J6rnEQQJCSsWfT7wdOetSni3OV0mrNgho,0tSt4SUsOj8fKBL2OwFTAz878S85snjiNnAx7n8z,hBG5vMBqkXoKVhe5nKFmfjAVyNoGHSr22VXcrkoN,G97yzpX8HPnbmrVEC0Aoz2si9mlAiCfZmduqw99n
G97yzpX8HPnbmrVEC0Aoz2si9mlAiCfZmduqw99n,G0PLr6xT9E96wJTJXQDNB728J4rHnKFKya5jIcwT,I9zyEumkNRxIzJ9lhMe24gjeuA05krtaF8GygUHD,hBG5vMBqkXoKVhe5nKFmfjAVyNoGHSr22VXcrkoN,G97yzpX8HPnbmrVEC0Aoz2si9mlAiCfZmduqw99n,MOx9AM3J6rnEQQJCSsWfT7wdOetSni3OV0mrNgho
MOx9AM3J6rnEQQJCSsWfT7wdOetSni3OV0mrNgho,DboXcHUzjiTnEyfVzMA8hgefX2B7suIPftuPWSyq,BR0isoSnDlgTmIqukAORkXTz6C9ABpEWp1Yw4Fx6,G0PLr6xT9E96wJTJXQDNB728J4rHnKFKya5jIcwT,MOx9AM3J6rnEQQJCSsWfT7wdOetSni3OV0mrNgho,I9zyEumkNRxIzJ9lhMe24gjeuA05krtaF8GygUHD
I9zyEumkNRxIzJ9lhMe24gjeuA05krtaF8GygUHD,neo9uYRJVawyUm1nyXvQrJxwVqapvXp6gVg6kwxr,0tSt4SUsOj8fKBL2OwFTAz878S85snjiNnAx7n8z,G97yzpX8HPnbmrVEC0Aoz2si9mlAiCfZmduqw99n,I9zyEumkNRxIzJ9lhMe24gjeuA05krtaF8GygUHD,BR0isoSnDlgTmIqukAORkXTz6C9ABpEWp1Yw4Fx6
BR0isoSnDlgTmIqukAORkXTz6C9ABpEWp1Yw4Fx6,nOgJEtffp9e3P1qN9pqUrIZB0WQ9VIdptmx5wtia,hBG5vMBqkXoKVhe5nKFmfjAVyNoGHSr22VXcrkoN,MOx9AM3J6rnEQQJCSsWfT7wdOetSni3OV0mrNgho,BR0isoSnDlgTmIqukAORkXTz6C9ABpEWp1Yw4Fx6,0tSt4SUsOj8fKBL2OwFTAz878S85snjiNnAx7n8z
0tSt4SUsOj8fKBL2OwFTAz878S85snjiNnAx7n8z,G97yzpX8HPnbmrVEC0Aoz2si9mlAiCfZmduqw99n,G0PLr6xT9E96wJTJXQDNB728J4rHnKFKya5jIcwT,I9zyEumkNRxIzJ9lhMe24gjeuA05krtaF8GygUHD,0tSt4SUsOj8fKBL2OwFTAz878S85snjiNnAx7n8z,G97yzpX8HPnbmrVEC0Aoz2si9mlAiCfZmduqw99n
hBG5vMBqkXoKVhe5nKFmfjAVyNoGHSr22VXcrkoN,MOx9AM3J6rnEQQJCSsWfT7wdOetSni3OV0mrNgho,DboXcHUzjiTnEyfVzMA8hgefX2B7suIPftuPWSyq,BR0isoSnDlgTmIqukAORkXTz6C9ABpEWp1Yw4Fx6,hBG5vMBqkXoKVhe5nKFmfjAVyNoGHSr22VXcrkoN,MOx9AM3J6rnEQQJCSsWfT7wdOetSni3OV0mrNgho
G0PLr6xT9E96wJTJXQDNB728J4rHnKFKya5jIcwT,I9zyEumkNRxIzJ9lhMe24gjeuA05krtaF8GygUHD,G97yzpX8HPnbmrVEC0Aoz2si9mlAiCfZmduqw99n,0tSt4SUsOj8fKBL2OwFTAz878S85snjiNnAx7n8z,G97yzpX8HPnbmrVEC0Aoz2si9mlAiCfZmduqw99n,I9zyEumkNRxIzJ9lhMe24gjeuA05krtaF8GygUHD
DboXcHUzjiTnEyfVzMA8hgefX2B7suIPftuPWSyq,BR0isoSnDlgTmIqukAORkXTz6C9ABpEWp1Yw4Fx6,MOx9AM3J6rnEQQJCSsWfT7wdOetSni3OV0mrNgho,hBG5vMBqkXoKVhe5nKFmfjAVyNoGHSr22VXcrkoN,MOx9AM3J6rnEQQJCSsWfT7wdOetSni3OV0mrNgho,BR0isoSnDlgTmIqukAORkXTz6C9ABpEWp1Yw4Fx6
neo9uYRJVawyUm1nyXvQrJxwVqapvXp6gVg6kwxr,0tSt4SUsOj8fKBL2OwFTAz878S85snjiNnAx7n8z,I9zyEumkNRxIzJ9lhMe24gjeuA05krtaF8GygUHD,G0PLr6xT9E96wJTJXQDNB728J4rHnKFKya5jIcwT,I9zyEumkNRxIzJ9lhMe24gjeuA05krtaF8GygUHD,0tSt4SUsOj8fKBL2OwFTAz878S85snjiNnAx7n8z
G97yzpX8HPnbmrVEC0Aoz2si9mlAiCfZmduqw99n,hBG5vMBqkXoKVhe5nKFmfjAVyNoGHSr22VXcrkoN,BR0isoSnDlgTmIqukAORkXTz6C9ABpEWp1Yw4Fx6,G97yzpX8HPnbmrVEC0Aoz2si9mlAiCfZmduqw99n,BR0isoSnDlgTmIqukAORkXTz6C9ABpEWp1Yw4Fx6,G97yzpX8HPnbmrVEC0Aoz2si9mlAiCfZmduqw99n
MOx9AM3J6rnEQQJCSsWfT7wdOetSni3OV0mrNgho,G0PLr6xT9E96wJTJXQDNB728J4rHnKFKya5jIcwT,0tSt4SUsOj8fKBL2OwFTAz878S85snjiNnAx7n8z,MOx9AM3J6rnEQQJCSsWfT7wdOetSni3OV0mrNgho,0tSt4SUsOj8fKBL2OwFTAz878S85snjiNnAx7n8z,MOx9AM3J6rnEQQJCSsWfT7wdOetSni3OV0mrNgho
I9zyEumkNRxIzJ9lhMe24gjeuA05krtaF8GygUHD,DboXcHUzjiTnEyfVzMA8hgefX2B7suIPftuPWSyq,hBG5vMBqkXoKVhe5nKFmfjAVyNoGHSr22VXcrkoN,I9zyEumkNRxIzJ9lhMe24gjeuA05krtaF8GygUHD,hBG5vMBqkXoKVhe5nKFmfjAVyNoGHSr22VXcrkoN,I9zyEumkNRxIzJ9lhMe24gjeuA05krtaF8GygUHD
BR0isoSnDlgTmIqukAORkXTz6C9ABpEWp1Yw4Fx6,neo9uYRJVawyUm1nyXvQrJxwVqapvXp6gVg6kwxr,G0PLr6xT9E96wJTJXQDNB728J4rHnKFKya5jIcwT,BR0isoSnDlgTmIqukAORkXTz6C9ABpEWp1Yw4Fx6,G97yzpX8HPnbmrVEC0Aoz2si9mlAiCfZmduqw99n,BR0isoSnDlgTmIqukAORkXTz6C9ABpEWp1Yw4Fx6
0tSt4SUsOj8fKBL2OwFTAz878S85snjiNnAx7n8z,nOgJEtffp9e3P1qN9pqUrIZB0WQ9VIdptmx5wtia,DboXcHUzjiTnEyfVzMA8hgefX2B7suIPftuPWSyq,0tSt4SUsOj8fKBL2OwFTAz878S85snjiNnAx7n8z,MOx9AM3J6rnEQQJCSsWfT7wdOetSni3OV0mrNgho,0tSt4SUsOj8fKBL2OwFTAz878S85snjiNnAx7n8z
hBG5vMBqkXoKVhe5nKFmfjAVyNoGHSr22VXcrkoN,G97yzpX8HPnbmrVEC0Aoz2si9mlAiCfZmduqw99n,G97yzpX8HPnbmrVEC0Aoz2si9mlAiCfZmduqw99n,hBG5vMBqkXoKVhe5nKFmfjAVyNoGHSr22VXcrkoN,I9zyEumkNRxIzJ9lhMe24gjeuA05krtaF8GygUHD,G97yzpX8HPnbmrVEC0Aoz2si9mlAiCfZmduqw99n
G0PLr6xT9E96wJTJXQDNB728J4rHnKFKya5jIcwT,MOx9AM3J6rnEQQJCSsWfT7wdOetSni3OV0mrNgho,MOx9AM3J6rnEQQJCSsWfT7wdOetSni3OV0mrNgho,G0PLr6xT9E96wJTJXQDNB728J4rHnKFKya5jIcwT,BR0isoSnDlgTmIqukAORkXTz6C9ABpEWp1Yw4Fx6,MOx9AM3J6rnEQQJCSsWfT7wdOetSni3OV0mrNgho
DboXcHUzjiTnEyfVzMA8hgefX2B7suIPftuPWSyq,I9zyEumkNRxIzJ9lhMe24gjeuA05krtaF8GygUHD,I9zyEumkNRxIzJ9lhMe24gjeuA05krtaF8GygUHD,G97yzpX8HPnbmrVEC0Aoz2si9mlAiCfZmduqw99n,0tSt4SUsOj8fKBL2OwFTAz878S85snjiNnAx7n8z,I9zyEumkNRxIzJ9lhMe24gjeuA05krtaF8GygUHD
neo9uYRJVawyUm1nyXvQrJxwVqapvXp6gVg6kwxr,BR0isoSnDlgTmIqukAORkXTz6C9ABpEWp1Yw4Fx6,BR0isoSnDlgTmIqukAORkXTz6C9ABpEWp1Yw4Fx6,MOx9AM3J6rnEQQJCSsWfT7wdOetSni3OV0mrNgho,hBG5vMBqkXoKVhe5nKFmfjAVyNoGHSr22VXcrkoN,BR0isoSnDlgTmIqukAORkXTz6C9ABpEWp1Yw4Fx6
G97yzpX8HPnbmrVEC0Aoz2si9mlAiCfZmduqw99n,0tSt4SUsOj8fKBL2OwFTAz878S85snjiNnAx7n8z,0tSt4SUsOj8fKBL2OwFTAz878S85snjiNnAx7n8z,I9zyEumkNRxIzJ9lhMe24gjeuA05krtaF8GygUHD,G97yzpX8HPnbmrVEC0Aoz2si9mlAiCfZmduqw99n,0tSt4SUsOj8fKBL2OwFTAz878S85snjiNnAx7n8z
MOx9AM3J6rnEQQJCSsWfT7wdOetSni3OV0mrNgho,hBG5vMBqkXoKVhe5nKFmfjAVyNoGHSr22VXcrkoN,hBG5vMBqkXoKVhe5nKFmfjAVyNoGHSr22VXcrkoN,BR0isoSnDlgTmIqukAORkXTz6C9ABpEWp1Yw4Fx6,MOx9AM3J6rnEQQJCSsWfT7wdOetSni3OV0mrNgho,G97yzpX8HPnbmrVEC0Aoz2si9mlAiCfZmduqw99n
I9zyEumkNRxIzJ9lhMe24gjeuA05krtaF8GygUHD,G0PLr6xT9E96wJTJXQDNB728J4rHnKFKya5jIcwT,G0PLr6xT9E96wJTJXQDNB728J4rHnKFKya5jIcwT,0tSt4SUsOj8fKBL2OwFTAz878S85snjiNnAx7n8z,I9zyEumkNRxIzJ9lhMe24gjeuA05krtaF8GygUHD,MOx9AM3J6rnEQQJCSsWfT7wdOetSni3OV0mrNgho
BR0isoSnDlgTmIqukAORkXTz6C9ABpEWp1Yw4Fx6,DboXcHUzjiTnEyfVzMA8hgefX2B7suIPftuPWSyq,DboXcHUzjiTnEyfVzMA8hgefX2B7suIPftuPWSyq,hBG5vMBqkXoKVhe5nKFmfjAVyNoGHSr22VXcrkoN,BR0isoSnDlgTmIqukAORkXTz6C9ABpEWp1Yw4Fx6,I9zyEumkNRxIzJ9lhMe24gjeuA05krtaF8GygUHD
0tSt4SUsOj8fKBL2OwFTAz878S85snjiNnAx7n8z,neo9uYRJVawyUm1nyXvQrJxwVqapvXp6gVg6kwxr,G97yzpX8HPnbmrVEC0Aoz2si9mlAiCfZmduqw99n,G0PLr6xT9E96wJTJXQDNB728J4rHnKFKya5jIcwT,0tSt4SUsOj8fKBL2OwFTAz878S85snjiNnAx7n8z,BR0isoSnDlgTmIqukAORkXTz6C9ABpEWp1Yw4Fx6
hBG5vMBqkXoKVhe5nKFmfjAVyNoGHSr22VXcrkoN,nOgJEtffp9e3P1qN9pqUrIZB0WQ9VIdptmx5wtia,MOx9AM3J6rnEQQJCSsWfT7wdOetSni3OV0mrNgho,G97yzpX8HPnbmrVEC0Aoz2si9mlAiCfZmduqw99n,hBG5vMBqkXoKVhe5nKFmfjAVyNoGHSr22VXcrkoN,0tSt4SUsOj8fKBL2OwFTAz878S85snjiNnAx7n8z
G0PLr6xT9E96wJTJXQDNB728J4rHnKFKya5jIcwT,G97yzpX8HPnbmrVEC0Aoz2si9mlAiCfZmduqw99n,I9zyEumkNRxIzJ9lhMe24gjeuA05krtaF8GygUHD,MOx9AM3J6rnEQQJCSsWfT7wdOetSni3OV0mrNgho,G97yzpX8HPnbmrVEC0Aoz2si9mlAiCfZmduqw99n,G97yzpX8HPnbmrVEC0Aoz2si9mlAiCfZmduqw99n
DboXcHUzjiTnEyfVzMA8hgefX2B7suIPftuPWSyq,MOx9AM3J6rnEQQJCSsWfT7wdOetSni3OV0mrNgho,BR0isoSnDlgTmIqukAORkXTz6C9ABpEWp1Yw4Fx6,I9zyEumkNRxIzJ9lhMe24gjeuA05krtaF8GygUHD,MOx9AM3J6rnEQQJCSsWfT7wdOetSni3OV0mrNgho,MOx9AM3J6rnEQQJCSsWfT7wdOetSni3OV0mrNgho
neo9uYRJVawyUm1nyXvQrJxwVqapvXp6gVg6kwxr,I9zyEumkNRxIzJ9lhMe24gjeuA05krtaF8GygUHD,0tSt4SUsOj8fKBL2OwFTAz878S85snjiNnAx7n8z,BR0isoSnDlgTmIqukAORkXTz6C9ABpEWp1Yw4Fx6,I9zyEumkNRxIzJ9lhMe24gjeuA05krtaF8GygUHD,I9zyEumkNRxIzJ9lhMe24gjeuA05krtaF8GygUHD
G97yzpX8HPnbmrVEC0Aoz2si9mlAiCfZmduqw99n,BR0isoSnDlgTmIqukAORkXTz6C9ABpEWp1Yw4Fx6,hBG5vMBqkXoKVhe5nKFmfjAVyNoGHSr22VXcrkoN,0tSt4SUsOj8fKBL2OwFTAz878S85snjiNnAx7n8z,BR0isoSnDlgTmIqukAORkXTz6C9ABpEWp1Yw4Fx6,BR0isoSnDlgTmIqukAORkXTz6C9ABpEWp1Yw4Fx6
MOx9AM3J6rnEQQJCSsWfT7wdOetSni3OV0mrNgho,0tSt4SUsOj8fKBL2OwFTAz878S85snjiNnAx7n8z,G0PLr6xT9E96wJTJXQDNB728J4rHnKFKya5jIcwT,hBG5vMBqkXoKVhe5nKFmfjAVyNoGHSr22VXcrkoN,0tSt4SUsOj8fKBL2OwFTAz878S85snjiNnAx7n8z,0tSt4SUsOj8fKBL2OwFTAz878S85snjiNnAx7n8z
I9zyEumkNRxIzJ9lhMe24gjeuA05krtaF8GygUHD,hBG5vMBqkXoKVhe5nKFmfjAVyNoGHSr22VXcrkoN,DboXcHUzjiTnEyfVzMA8hgefX2B7suIPftuPWSyq,G0PLr6xT9E96wJTJXQDNB728J4rHnKFKya5jIcwT,hBG5vMBqkXoKVhe5nKFmfjAVyNoGHSr22VXcrkoN,G97yzpX8HPnbmrVEC0Aoz2si9mlAiCfZmduqw99n
BR0isoSnDlgTmIqukAORkXTz6C9ABpEWp1Yw4Fx6,G0PLr6xT9E96wJTJXQDNB728J4rHnKFKya5jIcwT,G97yzpX8HPnbmrVEC0Aoz2si9mlAiCfZmduqw99n,G97yzpX8HPnbmrVEC0Aoz2si9mlAiCfZmduqw99n,G97yzpX8HPnbmrVEC0Aoz2si9mlAiCfZmduqw99n,MOx9AM3J6rnEQQJCSsWfT7wdOetSni3OV0mrNgho
0tSt4SUsOj8fKBL2OwFTAz878S85snjiNnAx7n8z,DboXcHUzjiTnEyfVzMA8hgefX2B7suIPftuPWSyq,MOx9AM3J6rnEQQJCSsWfT7wdOetSni3OV0mrNgho,MOx9AM3J6rnEQQJCSsWfT7wdOetSni3OV0mrNgho,MOx9AM3J6rnEQQJCSsWfT7wdOetSni3OV0mrNgho,I9zyEumkNRxIzJ9lhMe24gjeuA05krtaF8GygUHD
hBG5vMBqkXoKVhe5nKFmfjAVyNoGHSr22VXcrkoN,neo9uYRJVawyUm1nyXvQrJxwVqapvXp6gVg6kwxr,I9zyEumkNRxIzJ9lhMe24gjeuA05krtaF8GygUHD,I9zyEumkNRxIzJ9lhMe24gjeuA05krtaF8GygUHD,I9zyEumkNRxIzJ9lhMe24gjeuA05krtaF8GygUHD,BR0isoSnDlgTmIqukAORkXTz6C9ABpEWp1Yw4Fx6
G0PLr6xT9E96wJTJXQDNB728J4rHnKFKya5jIcwT,nOgJEtffp9e3P1qN9pqUrIZB0WQ9VIdptmx5wtia,BR0isoSnDlgTmIqukAORkXTz6C9ABpEWp1Yw4Fx6,BR0isoSnDlgTmIqukAORkXTz6C9ABpEWp1Yw4Fx6,BR0isoSnDlgTmIqukAORkXTz6C9ABpEWp1Yw4Fx6,0tSt4SUsOj8fKBL2OwFTAz878S85snjiNnAx7n8z
DboXcHUzjiTnEyfVzMA8hgefX2B7suIPftuPWSyq,G97yzpX8HPnbmrVEC0Aoz2si9mlAiCfZmduqw99n,0tSt4SUsOj8fKBL2OwFTAz878S85snjiNnAx7n8z,0tSt4SUsOj8fKBL2OwFTAz878S85snjiNnAx7n8z,0tSt4SUsOj8fKBL2OwFTAz878S85snjiNnAx7n8z,G97yzpX8HPnbmrVEC0Aoz2si9mlAiCfZmduqw99n
neo9uYRJVawyUm1nyXvQrJxwVqapvXp6gVg6kwxr,MOx9AM3J6rnEQQJCSsWfT7wdOetSni3OV0mrNgho,hBG5vMBqkXoKVhe5nKFmfjAVyNoGHSr22VXcrkoN,hBG5vMBqkXoKVhe5nKFmfjAVyNoGHSr22VXcrkoN,hBG5vMBqkXoKVhe5nKFmfjAVyNoGHSr22VXcrkoN,MOx9AM3J6rnEQQJCSsWfT7wdOetSni3OV0mrNgho
G97yzpX8HPnbmrVEC0Aoz2si9mlAiCfZmduqw99n,I9zyEumkNRxIzJ9lhMe24gjeuA05krtaF8GygUHD,G0PLr6xT9E96wJTJXQDNB728J4rHnKFKya5jIcwT,G0PLr6xT9E96wJTJXQDNB728J4rHnKFKya5jIcwT,G97yzpX8HPnbmrVEC0Aoz2si9mlAiCfZmduqw99n,I9zyEumkNRxIzJ9lhMe24gjeuA05krtaF8GygUHD
MOx9AM3J6rnEQQJCSsWfT7wdOetSni3OV0mrNgho,BR0isoSnDlgTmIqukAORkXTz6C9ABpEWp1Yw4Fx6,DboXcHUzjiTnEyfVzMA8hgefX2B7suIPftuPWSyq,G97yzpX8HPnbmrVEC0Aoz2si9mlAiCfZmduqw99n,MOx9AM3J6rnEQQJCSsWfT7wdOetSni3OV0mrNgho,BR0isoSnDlgTmIqukAORkXTz6C9ABpEWp1Yw4Fx6
I9zyEumkNRxIzJ9lhMe24gjeuA05krtaF8GygUHD,0tSt4SUsOj8fKBL2OwFTAz878S85snjiNnAx7n8z,G97yzpX8HPnbmrVEC0Aoz2si9mlAiCfZmduqw99n,MOx9AM3J6rnEQQJCSsWfT7wdOetSni3OV0mrNgho,I9zyEumkNRxIzJ9lhMe24gjeuA05krtaF8GygUHD,0tSt4SUsOj8fKBL2OwFTAz878S85snjiNnAx7n8z
BR0isoSnDlgTmIqukAORkXTz6C9ABpEWp1Yw4Fx6,hBG5vMBqkXoKVhe5nKFmfjAVyNoGHSr22VXcrkoN,MOx9AM3J6rnEQQJCSsWfT7wdOetSni3OV0mrNgho,I9zyEumkNRxIzJ9lhMe24gjeuA05krtaF8GygUHD,BR0isoSnDlgTmIqukAORkXTz6C9ABpEWp1Yw4Fx6,G97yzpX8HPnbmrVEC0Aoz2si9mlAiCfZmduqw99n
0tSt4SUsOj8fKBL2OwFTAz878S85snjiNnAx7n8z,G0PLr6xT9E96wJTJXQDNB728J4rHnKFKya5jIcwT,I9zyEumkNRxIzJ9lhMe24gjeuA05krtaF8GygUHD,BR0isoSnDlgTmIqukAORkXTz6C9ABpEWp1Yw4Fx6,0tSt4SUsOj8fKBL2OwFTAz878S85snjiNnAx7n8z,MOx9AM3J6rnEQQJCSsWfT7wdOetSni3OV0mrNgho
hBG5vMBqkXoKVhe5nKFmfjAVyNoGHSr22VXcrkoN,DboXcHUzjiTnEyfVzMA8hgefX2B7suIPftuPWSyq,BR0isoSnDlgTmIqukAORkXTz6C9ABpEWp1Yw4Fx6,0tSt4SUsOj8fKBL2OwFTAz878S85snjiNnAx7n8z,hBG5vMBqkXoKVhe5nKFmfjAVyNoGHSr22VXcrkoN,I9zyEumkNRxIzJ9lhMe24gjeuA05krtaF8GygUHD
G0PLr6xT9E96wJTJXQDNB728J4rHnKFKya5jIcwT,neo9uYRJVawyUm1nyXvQrJxwVqapvXp6gVg6kwxr,0tSt4SUsOj8fKBL2OwFTAz878S85snjiNnAx7n8z,hBG5vMBqkXoKVhe5nKFmfjAVyNoGHSr22VXcrkoN,G97yzpX8HPnbmrVEC0Aoz2si9mlAiCfZmduqw99n,BR0isoSnDlgTmIqukAORkXTz6C9ABpEWp1Yw4Fx6
DboXcHUzjiTnEyfVzMA8hgefX2B7suIPftuPWSyq,nOgJEtffp9e3P1qN9pqUrIZB0WQ9VIdptmx5wtia,hBG5vMBqkXoKVhe5nKFmfjAVyNoGHSr22VXcrkoN,G0PLr6xT9E96wJTJXQDNB728J4rHnKFKya5jIcwT,MOx9AM3J6rnEQQJCSsWfT7wdOetSni3OV0mrNgho,0tSt4SUsOj8fKBL2OwFTAz878S85snjiNnAx7n8z
neo9uYRJVawyUm1nyXvQrJxwVqapvXp6gVg6kwxr,G97yzpX8HPnbmrVEC0Aoz2si9mlAiCfZmduqw99n,G0PLr6xT9E96wJTJXQDNB728J4rHnKFKya5jIcwT,G97yzpX8HPnbmrVEC0Aoz2si9mlAiCfZmduqw99n,I9zyEumkNRxIzJ9lhMe24gjeuA05krtaF8GygUHD,G97yzpX8HPnbmrVEC0Aoz2si9mlAiCfZmduqw99n
G97yzpX8HPnbmrVEC0Aoz2si9mlAiCfZmduqw99n,MOx9AM3J6rnEQQJCSsWfT7wdOetSni3OV0mrNgho,DboXcHUzjiTnEyfVzMA8hgefX2B7suIPftuPWSyq,MOx9AM3J6rnEQQJCSsWfT7wdOetSni3OV0mrNgho,BR0isoSnDlgTmIqukAORkXTz6C9ABpEWp1Yw4Fx6,MOx9AM3J6rnEQQJCSsWfT7wdOetSni3OV0mrNgho
MOx9AM3J6rnEQQJCSsWfT7wdOetSni3OV0mrNgho,I9zyEumkNRxIzJ9lhMe24gjeuA05krtaF8GygUHD,G97yzpX8HPnbmrVEC0Aoz2si9mlAiCfZmduqw99n,I9zyEumkNRxIzJ9lhMe24gjeuA05krtaF8GygUHD,0tSt4SUsOj8fKBL2OwFTAz878S85snjiNnAx7n8z,I9zyEumkNRxIzJ9lhMe24gjeuA05krtaF8GygUHD
I9zyEumkNRxIzJ9lhMe24gjeuA05krtaF8GygUHD,BR0isoSnDlgTmIqukAORkXTz6C9ABpEWp1Yw4Fx6,MOx9AM3J6rnEQQJCSsWfT7wdOetSni3OV0mrNgho,BR0isoSnDlgTmIqukAORkXTz6C9ABpEWp1Yw4Fx6,hBG5vMBqkXoKVhe5nKFmfjAVyNoGHSr22VXcrkoN,BR0isoSnDlgTmIqukAORkXTz6C9ABpEWp1Yw4Fx6
BR0isoSnDlgTmIqukAORkXTz6C9ABpEWp1Yw4Fx6,0tSt4SUsOj8fKBL2OwFTAz878S85snjiNnAx7n8z,I9zyEumkNRxIzJ9lhMe24gjeuA05krtaF8GygUHD,0tSt4SUsOj8fKBL2OwFTAz878S85snjiNnAx7n8z,G97yzpX8HPnbmrVEC0Aoz2si9mlAiCfZmduqw99n,0tSt4SUsOj8fKBL2OwFTAz878S85snjiNnAx7n8z
0tSt4SUsOj8fKBL2OwFTAz878S85snjiNnAx7n8z,hBG5vMBqkXoKVhe5nKFmfjAVyNoGHSr22VXcrkoN,BR0isoSnDlgTmIqukAORkXTz6C9ABpEWp1Yw4Fx6,hBG5vMBqkXoKVhe5nKFmfjAVyNoGHSr22VXcrkoN,MOx9AM3J6rnEQQJCSsWfT7wdOetSni3OV0mrNgho,G97yzpX8HPnbmrVEC0Aoz2si9mlAiCfZmduqw99n
hBG5vMBqkXoKVhe5nKFmfjAVyNoGHSr22VXcrkoN,G0PLr6xT9E96wJTJXQDNB728J4rHnKFKya5jIcwT,0tSt4SUsOj8fKBL2OwFTAz878S85snjiNnAx7n8z,G0PLr6xT9E96wJTJXQDNB728J4rHnKFKya5jIcwT,I9zyEumkNRxIzJ9lhMe24gjeuA05krtaF8GygUHD,MOx9AM3J6rnEQQJCSsWfT7wdOetSni3OV0mrNgho
G0PLr6xT9E96wJTJXQDNB728J4rHnKFKya5jIcwT,DboXcHUzjiTnEyfVzMA8hgefX2B7suIPftuPWSyq,hBG5vMBqkXoKVhe5nKFmfjAVyNoGHSr22VXcrkoN,G97yzpX8HPnbmrVEC0Aoz2si9mlAiCfZmduqw99n,BR0isoSnDlgTmIqukAORkXTz6C9ABpEWp1Yw4Fx6,I9zyEumkNRxIzJ9lhMe24gjeuA05krtaF8GygUHD
DboXcHUzjiTnEyfVzMA8hgefX2B7suIPftuPWSyq,neo9uYRJVawyUm1nyXvQrJxwVqapvXp6gVg6kwxr,G0PLr6xT9E96wJTJXQDNB728J4rHnKFKya5jIcwT,MOx9AM3J6rnEQQJCSsWfT7wdOetSni3OV0mrNgho,0tSt4SUsOj8fKBL2OwFTAz878S85snjiNnAx7n8z,BR0isoSnDlgTmIqukAORkXTz6C9ABpEWp1Yw4Fx6
neo9uYRJVawyUm1nyXvQrJxwVqapvXp6gVg6kwxr,nOgJEtffp9e3P1qN9pqUrIZB0WQ9VIdptmx5wtia,DboXcHUzjiTnEyfVzMA8hgefX2B7suIPftuPWSyq,I9zyEumkNRxIzJ9lhMe24gjeuA05krtaF8GygUHD,hBG5vMBqkXoKVhe5nKFmfjAVyNoGHSr22VXcrkoN,0tSt4SUsOj8fKBL2OwFTAz878S85snjiNnAx7n8z
G97yzpX8HPnbmrVEC0Aoz2si9mlAiCfZmduqw99n,G97yzpX8HPnbmrVEC0Aoz2si9mlAiCfZmduqw99n,G97yzpX8HPnbmrVEC0Aoz2si9mlAiCfZmduqw99n,BR0isoSnDlgTmIqukAORkXTz6C9ABpEWp1Yw4Fx6,G97yzpX8HPnbmrVEC0Aoz2si9mlAiCfZmduqw99n,G97yzpX8HPnbmrVEC0Aoz2si9mlAiCfZmduqw99n
MOx9AM3J6rnEQQJCSsWfT7wdOetSni3OV0mrNgho,MOx9AM3J6rnEQQJCSsWfT7wdOetSni3OV0mrNgho,MOx9AM3J6rnEQQJCSsWfT7wdOetSni3OV0mrNgho,0tSt4SUsOj8fKBL2OwFTAz878S85snjiNnAx7n8z,MOx9AM3J6rnEQQJCSsWfT7wdOetSni3OV0mrNgho,MOx9AM3J6rnEQQJCSsWfT7wdOetSni3OV0mrNgho
I9zyEumkNRxIzJ9lhMe24gjeuA05krtaF8GygUHD,I9zyEumkNRxIzJ9lhMe24gjeuA05krtaF8GygUHD,I9zyEumkNRxIzJ9lhMe24gjeuA05krtaF8GygUHD,hBG5vMBqkXoKVhe5nKFmfjAVyNoGHSr22VXcrkoN,I9zyEumkNRxIzJ9lhMe24gjeuA05krtaF8GygUHD,I9zyEumkNRxIzJ9lhMe24gjeuA05krtaF8GygUHD
BR0isoSnDlgTmIqukAORkXTz6C9ABpEWp1Yw4Fx6,BR0isoSnDlgTmIqukAORkXTz6C9ABpEWp1Yw4Fx6,BR0isoSnDlgTmIqukAORkXTz6C9ABpEWp1Yw4Fx6,G0PLr6xT9E96wJTJXQDNB728J4rHnKFKya5jIcwT,BR0isoSnDlgTmIqukAORkXTz6C9ABpEWp1Yw4Fx6,BR0isoSnDlgTmIqukAORkXTz6C9ABpEWp1Yw4Fx6
0tSt4SUsOj8fKBL2OwFTAz878S85snjiNnAx7n8z,0tSt4SUsOj8fKBL2OwFTAz878S85snjiNnAx7n8z,0tSt4SUsOj8fKBL2OwFTAz878S85snjiNnAx7n8z,G97yzpX8HPnbmrVEC0Aoz2si9mlAiCfZmduqw99n,0tSt4SUsOj8fKBL2OwFTAz878S85snjiNnAx7n8z,0tSt4SUsOj8fKBL2OwFTAz878S85snjiNnAx7n8z
hBG5vMBqkXoKVhe5nKFmfjAVyNoGHSr22VXcrkoN,hBG5vMBqkXoKVhe5nKFmfjAVyNoGHSr22VXcrkoN,hBG5vMBqkXoKVhe5nKFmfjAVyNoGHSr22VXcrkoN,MOx9AM3J6rnEQQJCSsWfT7wdOetSni3OV0mrNgho,hBG5vMBqkXoKVhe5nKFmfjAVyNoGHSr22VXcrkoN,G97yzpX8HPnbmrVEC0Aoz2si9mlAiCfZmduqw99n
G0PLr6xT9E96wJTJXQDNB728J4rHnKFKya5jIcwT,G0PLr6xT9E96wJTJXQDNB728J4rHnKFKya5jIcwT,G0PLr6xT9E96wJTJXQDNB728J4rHnKFKya5jIcwT,I9zyEumkNRxIzJ9lhMe24gjeuA05krtaF8GygUHD,G97yzpX8HPnbmrVEC0Aoz2si9mlAiCfZmduqw99n,MOx9AM3J6rnEQQJCSsWfT7wdOetSni3OV0mrNgho
DboXcHUzjiTnEyfVzMA8hgefX2B7suIPftuPWSyq,DboXcHUzjiTnEyfVzMA8hgefX2B7suIPftuPWSyq,DboXcHUzjiTnEyfVzMA8hgefX2B7suIPftuPWSyq,BR0isoSnDlgTmIqukAORkXTz6C9ABpEWp1Yw4Fx6,MOx9AM3J6rnEQQJCSsWfT7wdOetSni3OV0mrNgho,I9zyEumkNRxIzJ9lhMe24gjeuA05krtaF8GygUHD
neo9uYRJVawyUm1nyXvQrJxwVqapvXp6gVg6kwxr,neo9uYRJVawyUm1nyXvQrJxwVqapvXp6gVg6kwxr,G97yzpX8HPnbmrVEC0Aoz2si9mlAiCfZmduqw99n,0tSt4SUsOj8fKBL2OwFTAz878S85snjiNnAx7n8z,I9zyEumkNRxIzJ9lhMe24gjeuA05krtaF8GygUHD,BR0isoSnDlgTmIqukAORkXTz6C9ABpEWp1Yw4Fx6
G97yzpX8HPnbmrVEC0Aoz2si9mlAiCfZmduqw99n,nOgJEtffp9e3P1qN9pqUrIZB0WQ9VIdptmx5wtia,MOx9AM3J6rnEQQJCSsWfT7wdOetSni3OV0mrNgho,hBG5vMBqkXoKVhe5nKFmfjAVyNoGHSr22VXcrkoN,BR0isoSnDlgTmIqukAORkXTz6C9ABpEWp1Yw4Fx6,0tSt4SUsOj8fKBL2OwFTAz878S85snjiNnAx7n8z
MOx9AM3J6rnEQQJCSsWfT7wdOetSni3OV0mrNgho,G97yzpX8HPnbmrVEC0Aoz2si9mlAiCfZmduqw99n,I9zyEumkNRxIzJ9lhMe24gjeuA05krtaF8GygUHD,G0PLr6xT9E96wJTJXQDNB728J4rHnKFKya5jIcwT,0tSt4SUsOj8fKBL2OwFTAz878S85snjiNnAx7n8z,G97yzpX8HPnbmrVEC0Aoz2si9mlAiCfZmduqw99n
I9zyEumkNRxIzJ9lhMe24gjeuA05krtaF8GygUHD,MOx9AM3J6rnEQQJCSsWfT7wdOetSni3OV0mrNgho,BR0isoSnDlgTmIqukAORkXTz6C9ABpEWp1Yw4Fx6,G97yzpX8HPnbmrVEC0Aoz2si9mlAiCfZmduqw99n,hBG5vMBqkXoKVhe5nKFmfjAVyNoGHSr22VXcrkoN,MOx9AM3J6rnEQQJCSsWfT7wdOetSni3OV0mrNgho
BR0isoSnDlgTmIqukAORkXTz6C9ABpEWp1Yw4Fx6,I9zyEumkNRxIzJ9lhMe24gjeuA05krtaF8GygUHD,0tSt4SUsOj8fKBL2OwFTAz878S85snjiNnAx7n8z,MOx9AM3J6rnEQQJCSsWfT7wdOetSni3OV0mrNgho,G97yzpX8HPnbmrVEC0Aoz2si9mlAiCfZmduqw99n,I9zyEumkNRxIzJ9lhMe24gjeuA05krtaF8GygUHD
0tSt4SUsOj8fKBL2OwFTAz878S85snjiNnAx7n8z,BR0isoSnDlgTmIqukAORkXTz6C9ABpEWp1Yw4Fx6,hBG5vMBqkXoKVhe5nKFmfjAVyNoGHSr22VXcrkoN,I9zyEumkNRxIzJ9lhMe24gjeuA05krtaF8GygUHD,MOx9AM3J6rnEQQJCSsWfT7wdOetSni3OV0mrNgho,BR0isoSnDlgTmIqukAORkXTz6C9ABpEWp1Yw4Fx6
hBG5vMBqkXoKVhe5nKFmfjAVyNoGHSr22VXcrkoN,0tSt4SUsOj8fKBL2OwFTAz878S85snjiNnAx7n8z,G0PLr6xT9E96wJTJXQDNB728J4rHnKFKya5jIcwT,BR0isoSnDlgTmIqukAORkXTz6C9ABpEWp1Yw4Fx6,I9zyEumkNRxIzJ9lhMe24gjeuA05krtaF8GygUHD,0tSt4SUsOj8fKBL2OwFTAz878S85snjiNnAx7n8z
G0PLr6xT9E96wJTJXQDNB728J4rHnKFKya5jIcwT,hBG5vMBqkXoKVhe5nKFmfjAVyNoGHSr22VXcrkoN,DboXcHUzjiTnEyfVzMA8hgefX2B7suIPftuPWSyq,0tSt4SUsOj8fKBL2OwFTAz878S85snjiNnAx7n8z,BR0isoSnDlgTmIqukAORkXTz6C9ABpEWp1Yw4Fx6,G97yzpX8HPnbmrVEC0Aoz2si9mlAiCfZmduqw99n
DboXcHUzjiTnEyfVzMA8hgefX2B7suIPftuPWSyq,G0PLr6xT9E96wJTJXQDNB728J4rHnKFKya5jIcwT,G97yzpX8HPnbmrVEC0Aoz2si9mlAiCfZmduqw99n,hBG5vMBqkXoKVhe5nKFmfjAVyNoGHSr22VXcrkoN,0tSt4SUsOj8fKBL2OwFTAz878S85snjiNnAx7n8z,MOx9AM3J6rnEQQJCSsWfT7wdOetSni3OV0mrNgho
neo9uYRJVawyUm1nyXvQrJxwVqapvXp6gVg6kwxr,DboXcHUzjiTnEyfVzMA8hgefX2B7suIPftuPWSyq,MOx9AM3J6rnEQQJCSsWfT7wdOetSni3OV0mrNgho,G0PLr6xT9E96wJTJXQDNB728J4rHnKFKya5jIcwT,hBG5vMBqkXoKVhe5nKFmfjAVyNoGHSr22VXcrkoN,I9zyEumkNRxIzJ9lhMe24gjeuA05krtaF8GygUHD
G97yzpX8HPnbmrVEC0Aoz2si9mlAiCfZmduqw99n,neo9uYRJVawyUm1nyXvQrJxwVqapvXp6gVg6kwxr,I9zyEumkNRxIzJ9lhMe24gjeuA05krtaF8GygUHD,G97yzpX8HPnbmrVEC0Aoz2si9mlAiCfZmduqw99n,G97yzpX8HPnbmrVEC0Aoz2si9mlAiCfZmduqw99n,BR0isoSnDlgTmIqukAORkXTz6C9ABpEWp1Yw4Fx6
MOx9AM3J6rnEQQJCSsWfT7wdOetSni3OV0mrNgho,nOgJEtffp9e3P1qN9pqUrIZB0WQ9VIdptmx5wtia,BR0isoSnDlgTmIqukAORkXTz6C9ABpEWp1Yw4Fx6,MOx9AM3J6rnEQQJCSsWfT7wdOetSni3OV0mrNgho,MOx9AM3J6rnEQQJCSsWfT7wdOetSni3OV0mrNgho,0tSt4SUsOj8fKBL2OwFTAz878S85snjiNnAx7n8z
I9zyEumkNRxIzJ9lhMe24gjeuA05krtaF8GygUHD,G97yzpX8HPnbmrVEC0Aoz2si9mlAiCfZmduqw99n,0tSt4SUsOj8fKBL2OwFTAz878S85snjiNnAx7n8z,I9zyEumkNRxIzJ9lhMe24gjeuA05krtaF8GygUHD,I9zyEumkNRxIzJ9lhMe24gjeuA05krtaF8GygUHD,G97yzpX8HPnbmrVEC0Aoz2si9mlAiCfZmduqw99n
BR0isoSnDlgTmIqukAORkXTz6C9ABpEWp1Yw4Fx6,MOx9AM3J6rnEQQJCSsWfT7wdOetSni3OV0mrNgho,hBG5vMBqkXoKVhe5nKFmfjAVyNoGHSr22VXcrkoN,BR0isoSnDlgTmIqukAORkXTz6C9ABpEWp1Yw4Fx6,BR0isoSnDlgTmIqukAORkXTz6C9ABpEWp1Yw4Fx6,MOx9AM3J6rnEQQJCSsWfT7wdOetSni3OV0mrNgho
0tSt4SUsOj8fKBL2OwFTAz878S85snjiNnAx7n8z,I9zyEumkNRxIzJ9lhMe24gjeuA05krtaF8GygUHD,G0PLr6xT9E96wJTJXQDNB728J4rHnKFKya5jIcwT,0tSt4SUsOj8fKBL2OwFTAz878S85snjiNnAx7n8z,0tSt4SUsOj8fKBL2OwFTAz878S85snjiNnAx7n8z,I9zyEumkNRxIzJ9lhMe24gjeuA05krtaF8GygUHD
hBG5vMBqkXoKVhe5nKFmfjAVyNoGHSr22VXcrkoN,BR0isoSnDlgTmIqukAORkXTz6C9ABpEWp1Yw4Fx6,DboXcHUzjiTnEyfVzMA8hgefX2B7suIPftuPWSyq,hBG5vMBqkXoKVhe5nKFmfjAVyNoGHSr22VXcrkoN,hBG5vMBqkXoKVhe5nKFmfjAVyNoGHSr22VXcrkoN,BR0isoSnDlgTmIqukAORkXTz6C9ABpEWp1Yw4Fx6
G0PLr6xT9E96wJTJXQDNB728J4rHnKFKya5jIcwT,0tSt4SUsOj8fKBL2OwFTAz878S85snjiNnAx7n8z,G97yzpX8HPnbmrVEC0Aoz2si9mlAiCfZmduqw99n,G0PLr6xT9E96wJTJXQDNB728J4rHnKFKya5jIcwT,G97yzpX8HPnbmrVEC0Aoz2si9mlAiCfZmduqw99n,0tSt4SUsOj8fKBL2OwFTAz878S85snjiNnAx7n8z
DboXcHUzjiTnEyfVzMA8hgefX2B7suIPftuPWSyq,hBG5vMBqkXoKVhe5nKFmfjAVyNoGHSr22VXcrkoN,MOx9AM3J6rnEQQJCSsWfT7wdOetSni3OV0mrNgho,G97yzpX8HPnbmrVEC0Aoz2si9mlAiCfZmduqw99n,MOx9AM3J6rnEQQJCSsWfT7wdOetSni3OV0mrNgho,G97yzpX8HPnbmrVEC0Aoz2si9mlAiCfZmduqw99n
neo9uYRJVawyUm1nyXvQrJxwVqapvXp6gVg6kwxr,G0PLr6xT9E96wJTJXQDNB728J4rHnKFKya5jIcwT,I9zyEumkNRxIzJ9lhMe24gjeuA05krtaF8GygUHD,MOx9AM3J6rnEQQJCSsWfT7wdOetSni3OV0mrNgho,I9zyEumkNRxIzJ9lhMe24gjeuA05krtaF8GygUHD,MOx9AM3J6rnEQQJCSsWfT7wdOetSni3OV0mrNgho
G97yzpX8HPnbmrVEC0Aoz2si9mlAiCfZmduqw99n,DboXcHUzjiTnEyfVzMA8hgefX2B7suIPftuPWSyq,BR0isoSnDlgTmIqukAORkXTz6C9ABpEWp1Yw4Fx6,I9zyEumkNRxIzJ9lhMe24gjeuA05krtaF8GygUHD,BR0isoSnDlgTmIqukAORkXTz6C9ABpEWp1Yw4Fx6,I9zyEumkNRxIzJ9lhMe24gjeuA05krtaF8GygUHD
MOx9AM3J6rnEQQJCSsWfT7wdOetSni3OV0mrNgho,neo9uYRJVawyUm1nyXvQrJxwVqapvXp6gVg6kwxr,0tSt4SUsOj8fKBL2OwFTAz878S85snjiNnAx7n8z,BR0isoSnDlgTmIqukAORkXTz6C9ABpEWp1Yw4Fx6,0tSt4SUsOj8fKBL2OwFTAz878S85snjiNnAx7n8z,BR0isoSnDlgTmIqukAORkXTz6C9ABpEWp1Yw4Fx6
I9zyEumkNRxIzJ9lhMe24gjeuA05krtaF8GygUHD,nOgJEtffp9e3P1qN9pqUrIZB0WQ9VIdptmx5wtia,hBG5vMBqkXoKVhe5nKFmfjAVyNoGHSr22VXcrkoN,0tSt4SUsOj8fKBL2OwFTAz878S85snjiNnAx7n8z,hBG5vMBqkXoKVhe5nKFmfjAVyNoGHSr22VXcrkoN,0tSt4SUsOj8fKBL2OwFTAz878S85snjiNnAx7n8z
BR0isoSnDlgTmIqukAORkXTz6C9ABpEWp1Yw4Fx6,G97yzpX8HPnbmrVEC0Aoz2si9mlAiCfZmduqw99n,G0PLr6xT9E96wJTJXQDNB728J4rHnKFKya5jIcwT,hBG5vMBqkXoKVhe5nKFmfjAVyNoGHSr22VXcrkoN,G97yzpX8HPnbmrVEC0Aoz2si9mlAiCfZmduqw99n,G97yzpX8HPnbmrVEC0Aoz2si9mlAiCfZmduqw99n
0tSt4SUsOj8fKBL2OwFTAz878S85snjiNnAx7n8z,MOx9AM3J6rnEQQJCSsWfT7wdOetSni3OV0mrNgho,DboXcHUzjiTnEyfVzMA8hgefX2B7suIPftuPWSyq,G0PLr6xT9E96wJTJXQDNB728J4rHnKFKya5jIcwT,MOx9AM3J6rnEQQJCSsWfT7wdOetSni3OV0mrNgho,MOx9AM3J6rnEQQJCSsWfT7wdOetSni3OV0mrNgho
hBG5vMBqkXoKVhe5nKFmfjAVyNoGHSr22VXcrkoN,I9zyEumkNRxIzJ9lhMe24gjeuA05krtaF8GygUHD,G97yzpX8HPnbmrVEC0Aoz2si9mlAiCfZmduqw99n,G97yzpX8HPnbmrVEC0Aoz2si9mlAiCfZmduqw99n,I9zyEumkNRxIzJ9lhMe24gjeuA05krtaF8GygUHD,I9zyEumkNRxIzJ9lhMe24gjeuA05krtaF8GygUHD
G0PLr6xT9E96wJTJXQDNB728J4rHnKFKya5jIcwT,BR0isoSnDlgTmIqukAORkXTz6C9ABpEWp1Yw4Fx6,MOx9AM3J6rnEQQJCSsWfT7wdOetSni3OV0mrNgho,MOx9AM3J6rnEQQJCSsWfT7wdOetSni3OV0mrNgho,BR0isoSnDlgTmIqukAORkXTz6C9ABpEWp1Yw4Fx6,BR0isoSnDlgTmIqukAORkXTz6C9ABpEWp1Yw4Fx6
DboXcHUzjiTnEyfVzMA8hgefX2B7suIPftuPWSyq,0tSt4SUsOj8fKBL2OwFTAz878S85snjiNnAx7n8z,I9zyEumkNRxIzJ9lhMe24gjeuA05krtaF8GygUHD,I9zyEumkNRxIzJ9lhMe24gjeuA05krtaF8GygUHD,0tSt4SUsOj8fKBL2OwFTAz878S85snjiNnAx7n8z,0tSt4SUsOj8fKBL2OwFTAz878S85snjiNnAx7n8z
neo9uYRJVawyUm1nyXvQrJxwVqapvXp6gVg6kwxr,hBG5vMBqkXoKVhe5nKFmfjAVyNoGHSr22VXcrkoN,BR0isoSnDlgTmIqukAORkXTz6C9ABpEWp1Yw4Fx6,BR0isoSnDlgTmIqukAORkXTz6C9ABpEWp1Yw4Fx6,hBG5vMBqkXoKVhe5nKFmfjAVyNoGHSr22VXcrkoN,G97yzpX8HPnbmrVEC0Aoz2si9mlAiCfZmduqw99n
G97yzpX8HPnbmrVEC0Aoz2si9mlAiCfZmduqw99n,G0PLr6xT9E96wJTJXQDNB728J4rHnKFKya5jIcwT,0tSt4SUsOj8fKBL2OwFTAz878S85snjiNnAx7n8z,0tSt4SUsOj8fKBL2OwFTAz878S85snjiNnAx7n8z,G97yzpX8HPnbmrVEC0Aoz2si9mlAiCfZmduqw99n,MOx9AM3J6rnEQQJCSsWfT7wdOetSni3OV0mrNgho
MOx9AM3J6rnEQQJCSsWfT7wdOetSni3OV0mrNgho,DboXcHUzjiTnEyfVzMA8hgefX2B7suIPftuPWSyq,hBG5vMBqkXoKVhe5nKFmfjAVyNoGHSr22VXcrkoN,hBG5vMBqkXoKVhe5nKFmfjAVyNoGHSr22VXcrkoN,MOx9AM3J6rnEQQJCSsWfT7wdOetSni3OV0mrNgho,I9zyEumkNRxIzJ9lhMe24gjeuA05krtaF8GygUHD
I9zyEumkNRxIzJ9lhMe24gjeuA05krtaF8GygUHD,neo9uYRJVawyUm1nyXvQrJxwVqapvXp6gVg6kwxr,G0PLr6xT9E96wJTJXQDNB728J4rHnKFKya5jIcwT,G0PLr6xT9E96wJTJXQDNB728J4rHnKFKya5jIcwT,I9zyEumkNRxIzJ9lhMe24gjeuA05krtaF8GygUHD,BR0isoSnDlgTmIqukAORkXTz6C9ABpEWp1Yw4Fx6
BR0isoSnDlgTmIqukAORkXTz6C9ABpEWp1Yw4Fx6,nOgJEtffp9e3P1qN9pqUrIZB0WQ9VIdptmx5wtia,DboXcHUzjiTnEyfVzMA8hgefX2B7suIPftuPWSyq,G97yzpX8HPnbmrVEC0Aoz2si9mlAiCfZmduqw99n,BR0isoSnDlgTmIqukAORkXTz6C9ABpEWp1Yw4Fx6,0tSt4SUsOj8fKBL2OwFTAz878S85snjiNnAx7n8z
0tSt4SUsOj8fKBL2OwFTAz878S85snjiNnAx7n8z,G97yzpX8HPnbmrVEC0Aoz2si9mlAiCfZmduqw99n,G97yzpX8HPnbmrVEC0Aoz2si9mlAiCfZmduqw99n,MOx9AM3J6rnEQQJCSsWfT7wdOetSni3OV0mrNgho,0tSt4SUsOj8fKBL2OwFTAz878S85snjiNnAx7n8z,G97yzpX8HPnbmrVEC0Aoz2si9mlAiCfZmduqw99n
hBG5vMBqkXoKVhe5nKFmfjAVyNoGHSr22VXcrkoN,MOx9AM3J6rnEQQJCSsWfT7wdOetSni3OV0mrNgho,MOx9AM3J6rnEQQJCSsWfT7wdOetSni3OV0mrNgho,I9zyEumkNRxIzJ9lhMe24gjeuA05krtaF8GygUHD,hBG5vMBqkXoKVhe5nKFmfjAVyNoGHSr22VXcrkoN,MOx9AM3J6rnEQQJCSsWfT7wdOetSni3OV0mrNgho
G0PLr6xT9E96wJTJXQDNB728J4rHnKFKya5jIcwT,I9zyEumkNRxIzJ9lhMe24gjeuA05krtaF8GygUHD,I9zyEumkNRxIzJ9lhMe24gjeuA05krtaF8GygUHD,BR0isoSnDlgTmIqukAORkXTz6C9ABpEWp1Yw4Fx6,G97yzpX8HPnbmrVEC0Aoz2si9mlAiCfZmduqw99n,I9zyEumkNRxIzJ9lhMe24gjeuA05krtaF8GygUHD
DboXcHUzjiTnEyfVzMA8hgefX2B7suIPftuPWSyq,BR0isoSnDlgTmIqukAORkXTz6C9ABpEWp1Yw4Fx6,BR0isoSnDlgTmIqukAORkXTz6C9ABpEWp1Yw4Fx6,0tSt4SUsOj8fKBL2OwFTAz878S85snjiNnAx7n8z,MOx9AM3J6rnEQQJCSsWfT7wdOetSni3OV0mrNgho,BR0isoSnDlgTmIqukAORkXTz6C9ABpEWp1Yw4Fx6
neo9uYRJVawyUm1nyXvQrJxwVqapvXp6gVg6kwxr,0tSt4SUsOj8fKBL2OwFTAz878S85snjiNnAx7n8z,0tSt4SUsOj8fKBL2OwFTAz878S85snjiNnAx7n8z,hBG5vMBqkXoKVhe5nKFmfjAVyNoGHSr22VXcrkoN,I9zyEumkNRxIzJ9lhMe24gjeuA05krtaF8GygUHD,0tSt4SUsOj8fKBL2OwFTAz878S85snjiNnAx7n8z
G97yzpX8HPnbmrVEC0Aoz2si9mlAiCfZmduqw99n,hBG5vMBqkXoKVhe5nKFmfjAVyNoGHSr22VXcrkoN,hBG5vMBqkXoKVhe5nKFmfjAVyNoGHSr22VXcrkoN,G0PLr6xT9E96wJTJXQDNB728J4rHnKFKya5jIcwT,BR0isoSnDlgTmIqukAORkXTz6C9ABpEWp1Yw4Fx6,G97yzpX8HPnbmrVEC0Aoz2si9mlAiCfZmduqw99n
MOx9AM3J6rnEQQJCSsWfT7wdOetSni3OV0mrNgho,G0PLr6xT9E96wJTJXQDNB728J4rHnKFKya5jIcwT,G0PLr6xT9E96wJTJXQDNB728J4rHnKFKya5jIcwT,G97yzpX8HPnbmrVEC0Aoz2si9mlAiCfZmduqw99n,0tSt4SUsOj8fKBL2OwFTAz878S85snjiNnAx7n8z,MOx9AM3J6rnEQQJCSsWfT7wdOetSni3OV0mrNgho
I9zyEumkNRxIzJ9lhMe24gjeuA05krtaF8GygUHD,DboXcHUzjiTnEyfVzMA8hgefX2B7suIPftuPWSyq,DboXcHUzjiTnEyfVzMA8hgefX2B7suIPftuPWSyq,MOx9AM3J6rnEQQJCSsWfT7wdOetSni3OV0mrNgho,hBG5vMBqkXoKVhe5nKFmfjAVyNoGHSr22VXcrkoN,I9zyEumkNRxIzJ9lhMe24gjeuA05krtaF8GygUHD
BR0isoSnDlgTmIqukAORkXTz6C9ABpEWp1Yw4Fx6,neo9uYRJVawyUm1nyXvQrJxwVqapvXp6gVg6kwxr,G97yzpX8HPnbmrVEC0Aoz2si9mlAiCfZmduqw99n,I9zyEumkNRxIzJ9lhMe24gjeuA05krtaF8GygUHD,G97yzpX8HPnbmrVEC0Aoz2si9mlAiCfZmduqw99n,BR0isoSnDlgTmIqukAORkXTz6C9ABpEWp1Yw4Fx6
0tSt4SUsOj8fKBL2OwFTAz878S85snjiNnAx7n8z,nOgJEtffp9e3P1qN9pqUrIZB0WQ9VIdptmx5wtia,MOx9AM3J6rnEQQJCSsWfT7wdOetSni3OV0mrNgho,BR0isoSnDlgTmIqukAORkXTz6C9ABpEWp1Yw4Fx6,MOx9AM3J6rnEQQJCSsWfT7wdOetSni3OV0mrNgho,0tSt4SUsOj8fKBL2OwFTAz878S85snjiNnAx7n8z
hBG5vMBqkXoKVhe5nKFmfjAVyNoGHSr22VXcrkoN,G97yzpX8HPnbmrVEC0Aoz2si9mlAiCfZmduqw99n,I9zyEumkNRxIzJ9lhMe24gjeuA05krtaF8GygUHD,0tSt4SUsOj8fKBL2OwFTAz878S85snjiNnAx7n8z,I9zyEumkNRxIzJ9lhMe24gjeuA05krtaF8GygUHD,G97yzpX8HPnbmrVEC0Aoz2si9mlAiCfZmduqw99n
G0PLr6xT9E96wJTJXQDNB728J4rHnKFKya5jIcwT,MOx9AM3J6rnEQQJCSsWfT7wdOetSni3OV0mrNgho,BR0isoSnDlgTmIqukAORkXTz6C9ABpEWp1Yw4Fx6,hBG5vMBqkXoKVhe5nKFmfjAVyNoGHSr22VXcrkoN,BR0isoSnDlgTmIqukAORkXTz6C9ABpEWp1Yw4Fx6,MOx9AM3J6rnEQQJCSsWfT7wdOetSni3OV0mrNgho
DboXcHUzjiTnEyfVzMA8hgefX2B7suIPftuPWSyq,I9zyEumkNRxIzJ9lhMe24gjeuA05krtaF8GygUHD,0tSt4SUsOj8fKBL2OwFTAz878S85snjiNnAx7n8z,G0PLr6xT9E96wJTJXQDNB728J4rHnKFKya5jIcwT,0tSt4SUsOj8fKBL2OwFTAz878S85snjiNnAx7n8z,I9zyEumkNRxIzJ9lhMe24gjeuA05krtaF8GygUHD
neo9uYRJVawyUm1nyXvQrJxwVqapvXp6gVg6kwxr,BR0isoSnDlgTmIqukAORkXTz6C9ABpEWp1Yw4Fx6,hBG5vMBqkXoKVhe5nKFmfjAVyNoGHSr22VXcrkoN,G97yzpX8HPnbmrVEC0Aoz2si9mlAiCfZmduqw99n,hBG5vMBqkXoKVhe5nKFmfjAVyNoGHSr22VXcrkoN,BR0isoSnDlgTmIqukAORkXTz6C9ABpEWp1Yw4Fx6
G97yzpX8HPnbmrVEC0Aoz2si9mlAiCfZmduqw99n,0tSt4SUsOj8fKBL2OwFTAz878S85snjiNnAx7n8z,G0PLr6xT9E96wJTJXQDNB728J4rHnKFKya5jIcwT,MOx9AM3J6rnEQQJCSsWfT7wdOetSni3OV0mrNgho,G97yzpX8HPnbmrVEC0Aoz2si9mlAiCfZmduqw99n,0tSt4SUsOj8fKBL2OwFTAz878S85snjiNnAx7n8z
MOx9AM3J6rnEQQJCSsWfT7wdOetSni3OV0mrNgho,hBG5vMBqkXoKVhe5nKFmfjAVyNoGHSr22VXcrkoN,DboXcHUzjiTnEyfVzMA8hgefX2B7suIPftuPWSyq,I9zyEumkNRxIzJ9lhMe24gjeuA05krtaF8GygUHD,MOx9AM3J6rnEQQJCSsWfT7wdOetSni3OV0mrNgho,G97yzpX8HPnbmrVEC0Aoz2si9mlAiCfZmduqw99n
I9zyEumkNRxIzJ9lhMe24gjeuA05krtaF8GygUHD,G0PLr6xT9E96wJTJXQDNB728J4rHnKFKya5jIcwT,G97yzpX8HPnbmrVEC0Aoz2si9mlAiCfZmduqw99n,BR0isoSnDlgTmIqukAORkXTz6C9ABpEWp1Yw4Fx6,I9zyEumkNRxIzJ9lhMe24gjeuA05krtaF8GygUHD,MOx9AM3J6rnEQQJCSsWfT7wdOetSni3OV0mrNgho
BR0isoSnDlgTmIqukAORkXTz6C9ABpEWp1Yw4Fx6,DboXcHUzjiTnEyfVzMA8hgefX2B7suIPftuPWSyq,MOx9AM3J6rnEQQJCSsWfT7wdOetSni3OV0mrNgho,0tSt4SUsOj8fKBL2OwFTAz878S85snjiNnAx7n8z,BR0isoSnDlgTmIqukAORkXTz6C9ABpEWp1Yw4Fx6,I9zyEumkNRxIzJ9lhMe24gjeuA05krtaF8GygUHD
0tSt4SUsOj8fKBL2OwFTAz878S85snjiNnAx7n8z,neo9uYRJVawyUm1nyXvQrJxwVqapvXp6gVg6kwxr,I9zyEumkNRxIzJ9lhMe24gjeuA05krtaF8GygUHD,hBG5vMBqkXoKVhe5nKFmfjAVyNoGHSr22VXcrkoN,0tSt4SUsOj8fKBL2OwFTAz878S85snjiNnAx7n8z,BR0isoSnDlgTmIqukAORkXTz6C9ABpEWp1Yw4Fx6
hBG5vMBqkXoKVhe5nKFmfjAVyNoGHSr22VXcrkoN,nOgJEtffp9e3P1qN9pqUrIZB0WQ9VIdptmx5wtia,BR0isoSnDlgTmIqukAORkXTz6C9ABpEWp1Yw4Fx6,G0PLr6xT9E96wJTJXQDNB728J4rHnKFKya5jIcwT,hBG5vMBqkXoKVhe5nKFmfjAVyNoGHSr22VXcrkoN,0tSt4SUsOj8fKBL2OwFTAz878S85snjiNnAx7n8z
G0PLr6xT9E96wJTJXQDNB728J4rHnKFKya5jIcwT,G97yzpX8HPnbmrVEC0Aoz2si9mlAiCfZmduqw99n,0tSt4SUsOj8fKBL2OwFTAz878S85snjiNnAx7n8z,G97yzpX8HPnbmrVEC0Aoz2si9mlAiCfZmduqw99n,G97yzpX8HPnbmrVEC0Aoz2si9mlAiCfZmduqw99n,G97yzpX8HPnbmrVEC0Aoz2si9mlAiCfZmduqw99n
DboXcHUzjiTnEyfVzMA8hgefX2B7suIPftuPWSyq,MOx9AM3J6rnEQQJCSsWfT7wdOetSni3OV0mrNgho,hBG5vMBqkXoKVhe5nKFmfjAVyNoGHSr22VXcrkoN,MOx9AM3J6rnEQQJCSsWfT7wdOetSni3OV0mrNgho,MOx9AM3J6rnEQQJCSsWfT7wdOetSni3OV0mrNgho,MOx9AM3J6rnEQQJCSsWfT7wdOetSni3OV0mrNgho
neo9uYRJVawyUm1nyXvQrJxwVqapvXp6gVg6kwxr,I9zyEumkNRxIzJ9lhMe24gjeuA05krtaF8GygUHD,G0PLr6xT9E96wJTJXQDNB728J4rHnKFKya5jIcwT,I9zyEumkNRxIzJ9lhMe24gjeuA05krtaF8GygUHD,I9zyEumkNRxIzJ9lhMe24gjeuA05krtaF8GygUHD,I9zyEumkNRxIzJ9lhMe24gjeuA05krtaF8GygUHD
G97yzpX8HPnbmrVEC0Aoz2si9mlAiCfZmduqw99n,BR0isoSnDlgTmIqukAORkXTz6C9ABpEWp1Yw4Fx6,DboXcHUzjiTnEyfVzMA8hgefX2B7suIPftuPWSyq,BR0isoSnDlgTmIqukAORkXTz6C9ABpEWp1Yw4Fx6,BR0isoSnDlgTmIqukAORkXTz6C9ABpEWp1Yw4Fx6,BR0isoSnDlgTmIqukAORkXTz6C9ABpEWp1Yw4Fx6
MOx9AM3J6rnEQQJCSsWfT7wdOetSni3OV0mrNgho,0tSt4SUsOj8fKBL2OwFTAz878S85snjiNnAx7n8z,G97yzpX8HPnbmrVEC0Aoz2si9mlAiCfZmduqw99n,0tSt4SUsOj8fKBL2OwFTAz878S85snjiNnAx7n8z,0tSt4SUsOj8fKBL2OwFTAz878S85snjiNnAx7n8z,0tSt4SUsOj8fKBL2OwFTAz878S85snjiNnAx7n8z
I9zyEumkNRxIzJ9lhMe24gjeuA05krtaF8GygUHD,hBG5vMBqkXoKVhe5nKFmfjAVyNoGHSr22VXcrkoN,MOx9AM3J6rnEQQJCSsWfT7wdOetSni3OV0mrNgho,hBG5vMBqkXoKVhe5nKFmfjAVyNoGHSr22VXcrkoN,hBG5vMBqkXoKVhe5nKFmfjAVyNoGHSr22VXcrkoN,G97yzpX8HPnbmrVEC0Aoz2si9mlAiCfZmduqw99n
BR0isoSnDlgTmIqukAORkXTz6C9ABpEWp1Yw4Fx6,G0PLr6xT9E96wJTJXQDNB728J4rHnKFKya5jIcwT,I9zyEumkNRxIzJ9lhMe24gjeuA05krtaF8GygUHD,G0PLr6xT9E96wJTJXQDNB728J4rHnKFKya5jIcwT,G97yzpX8HPnbmrVEC0Aoz2si9mlAiCfZmduqw99n,MOx9AM3J6rnEQQJCSsWfT7wdOetSni3OV0mrNgho
0tSt4SUsOj8fKBL2OwFTAz878S85snjiNnAx7n8z,DboXcHUzjiTnEyfVzMA8hgefX2B7suIPftuPWSyq,BR0isoSnDlgTmIqukAORkXTz6C9ABpEWp1Yw4Fx6,G97yzpX8HPnbmrVEC0Aoz2si9mlAiCfZmduqw99n,MOx9AM3J6rnEQQJCSsWfT7wdOetSni3OV0mrNgho,I9zyEumkNRxIzJ9lhMe24gjeuA05krtaF8GygUHD
hBG5vMBqkXoKVhe5nKFmfjAVyNoGHSr22VXcrkoN,neo9uYRJVawyUm1nyXvQrJxwVqapvXp6gVg6kwxr,0tSt4SUsOj8fKBL2OwFTAz878S85snjiNnAx7n8z,MOx9AM3J6rnEQQJCSsWfT7wdOetSni3OV0mrNgho,I9zyEumkNRxIzJ9lhMe24gjeuA05krtaF8GygUHD,BR0isoSnDlgTmIqukAORkXTz6C9ABpEWp1Yw4Fx6
G0PLr6xT9E96wJTJXQDNB728J4rHnKFKya5jIcwT,nOgJEtffp9e3P1qN9pqUrIZB0WQ9VIdptmx5wtia,hBG5vMBqkXoKVhe5nKFmfjAVyNoGHSr22VXcrkoN,I9zyEumkNRxIzJ9lhMe24gjeuA05krtaF8GygUHD,BR0isoSnDlgTmIqukAORkXTz6C9ABpEWp1Yw4Fx6,0tSt4SUsOj8fKBL2OwFTAz878S85snjiNnAx7n8z
DboXcHUzjiTnEyfVzMA8hgefX2B7suIPftuPWSyq,G97yzpX8HPnbmrVEC0Aoz2si9mlAiCfZmduqw99n,G0PLr6xT9E96wJTJXQDNB728J4rHnKFKya5jIcwT,BR0isoSnDlgTmIqukAORkXTz6C9ABpEWp1Yw4Fx6,0tSt4SUsOj8fKBL2OwFTAz878S85snjiNnAx7n8z,G97yzpX8HPnbmrVEC0Aoz2si9mlAiCfZmduqw99n
neo9uYRJVawyUm1nyXvQrJxwVqapvXp6gVg6kwxr,MOx9AM3J6rnEQQJCSsWfT7wdOetSni3OV0mrNgho,DboXcHUzjiTnEyfVzMA8hgefX2B7suIPftuPWSyq,0tSt4SUsOj8fKBL2OwFTAz878S85snjiNnAx7n8z,hBG5vMBqkXoKVhe5nKFmfjAVyNoGHSr22VXcrkoN,MOx9AM3J6rnEQQJCSsWfT7wdOetSni3OV0mrNgho
G97yzpX8HPnbmrVEC0Aoz2si9mlAiCfZmduqw99n,I9zyEumkNRxIzJ9lhMe24gjeuA05krtaF8GygUHD,G97yzpX8HPnbmrVEC0Aoz2si9mlAiCfZmduqw99n,hBG5vMBqkXoKVhe5nKFmfjAVyNoGHSr22VXcrkoN,G97yzpX8HPnbmrVEC0Aoz2si9mlAiCfZmduqw99n,I9zyEumkNRxIzJ9lhMe24gjeuA05krtaF8GygUHD
MOx9AM3J6rnEQQJCSsWfT7wdOetSni3OV0mrNgho,BR0isoSnDlgTmIqukAORkXTz6C9ABpEWp1Yw4Fx6,MOx9AM3J6rnEQQJCSsWfT7wdOetSni3OV0mrNgho,G0PLr6xT9E96wJTJXQDNB728J4rHnKFKya5jIcwT,MOx9AM3J6rnEQQJCSsWfT7wdOetSni3OV0mrNgho,BR0isoSnDlgTmIqukAORkXTz6C9ABpEWp1Yw4Fx6
I9zyEumkNRxIzJ9lhMe24gjeuA05krtaF8GygUHD,0tSt4SUsOj8fKBL2OwFTAz878S85snjiNnAx7n8z,I9zyEumkNRxIzJ9lhMe24gjeuA05krtaF8GygUHD,G97yzpX8HPnbmrVEC0Aoz2si9mlAiCfZmduqw99n,I9zyEumkNRxIzJ9lhMe24gjeuA05krtaF8GygUHD,0tSt4SUsOj8fKBL2OwFTAz878S85snjiNnAx7n8z
BR0isoSnDlgTmIqukAORkXTz6C9ABpEWp1Yw4Fx6,hBG5vMBqkXoKVhe5nKFmfjAVyNoGHSr22VXcrkoN,BR0isoSnDlgTmIqukAORkXTz6C9ABpEWp1Yw4Fx6,MOx9AM3J6rnEQQJCSsWfT7wdOetSni3OV0mrNgho,BR0isoSnDlgTmIqukAORkXTz6C9ABpEWp1Yw4Fx6,G97yzpX8HPnbmrVEC0Aoz2si9mlAiCfZmduqw99n
0tSt4SUsOj8fKBL2OwFTAz878S85snjiNnAx7n8z,G0PLr6xT9E96wJTJXQDNB728J4rHnKFKya5jIcwT,0tSt4SUsOj8fKBL2OwFTAz878S85snjiNnAx7n8z,I9zyEumkNRxIzJ9lhMe24gjeuA05krtaF8GygUHD,0tSt4SUsOj8fKBL2OwFTAz878S85snjiNnAx7n8z,MOx9AM3J6rnEQQJCSsWfT7wdOetSni3OV0mrNgho
hBG5vMBqkXoKVhe5nKFmfjAVyNoGHSr22VXcrkoN,DboXcHUzjiTnEyfVzMA8hgefX2B7suIPftuPWSyq,hBG5vMBqkXoKVhe5nKFmfjAVyNoGHSr22VXcrkoN,BR0isoSnDlgTmIqukAORkXTz6C9ABpEWp1Yw4Fx6,hBG5vMBqkXoKVhe5nKFmfjAVyNoGHSr22VXcrkoN,I9zyEumkNRxIzJ9lhMe24gjeuA05krtaF8GygUHD
G0PLr6xT9E96wJTJXQDNB728J4rHnKFKya5jIcwT,neo9uYRJVawyUm1nyXvQrJxwVqapvXp6gVg6kwxr,G0PLr6xT9E96wJTJXQDNB728J4rHnKFKya5jIcwT,0tSt4SUsOj8fKBL2OwFTAz878S85snjiNnAx7n8z,G97yzpX8HPnbmrVEC0Aoz2si9mlAiCfZmduqw99n,BR0isoSnDlgTmIqukAORkXTz6C9ABpEWp1Yw4Fx6
DboXcHUzjiTnEyfVzMA8hgefX2B7suIPftuPWSyq,nOgJEtffp9e3P1qN9pqUrIZB0WQ9VIdptmx5wtia,DboXcHUzjiTnEyfVzMA8hgefX2B7suIPftuPWSyq,hBG5vMBqkXoKVhe5nKFmfjAVyNoGHSr22VXcrkoN,MOx9AM3J6rnEQQJCSsWfT7wdOetSni3OV0mrNgho,0tSt4SUsOj8fKBL2OwFTAz878S85snjiNnAx7n8z
neo9uYRJVawyUm1nyXvQrJxwVqapvXp6gVg6kwxr,G97yzpX8HPnbmrVEC0Aoz2si9mlAiCfZmduqw99n,G97yzpX8HPnbmrVEC0Aoz2si9mlAiCfZmduqw99n,G0PLr6xT9E96wJTJXQDNB728J4rHnKFKya5jIcwT,I9zyEumkNRxIzJ9lhMe24gjeuA05krtaF8GygUHD,G97yzpX8HPnbmrVEC0Aoz2si9mlAiCfZmduqw99n
G97yzpX8HPnbmrVEC0Aoz2si9mlAiCfZmduqw99n,MOx9AM3J6rnEQQJCSsWfT7wdOetSni3OV0mrNgho,MOx9AM3J6rnEQQJCSsWfT7wdOetSni3OV0mrNgho,G97yzpX8HPnbmrVEC0Aoz2si9mlAiCfZmduqw99n,BR0isoSnDlgTmIqukAORkXTz6C9ABpEWp1Yw4Fx6,MOx9AM3J6rnEQQJCSsWfT7wdOetSni3OV0mrNgho
MOx9AM3J6rnEQQJCSsWfT7wdOetSni3OV0mrNgho,I9zyEumkNRxIzJ9lhMe24gjeuA05krtaF8GygUHD,I9zyEumkNRxIzJ9lhMe24gjeuA05krtaF8GygUHD,MOx9AM3J6rnEQQJCSsWfT7wdOetSni3OV0mrNgho,0tSt4SUsOj8fKBL2OwFTAz878S85snjiNnAx7n8z,I9zyEumkNRxIzJ9lhMe24gjeuA05krtaF8GygUHD
I9zyEumkNRxIzJ9lhMe24gjeuA05krtaF8GygUHD,BR0isoSnDlgTmIqukAORkXTz6C9ABpEWp1Yw4Fx6,BR0isoSnDlgTmIqukAORkXTz6C9ABpEWp1Yw4Fx6,I9zyEumkNRxIzJ9lhMe24gjeuA05krtaF8GygUHD,hBG5vMBqkXoKVhe5nKFmfjAVyNoGHSr22VXcrkoN,BR0isoSnDlgTmIqukAORkXTz6C9ABpEWp1Yw4Fx6
BR0isoSnDlgTmIqukAORkXTz6C9ABpEWp1Yw4Fx6,0tSt4SUsOj8fKBL2OwFTAz878S85snjiNnAx7n8z,0tSt4SUsOj8fKBL2OwFTAz878S85snjiNnAx7n8z,BR0isoSnDlgTmIqukAORkXTz6C9ABpEWp1Yw4Fx6,G97yzpX8HPnbmrVEC0Aoz2si9mlAiCfZmduqw99n,0tSt4SUsOj8fKBL2OwFTAz878S85snjiNnAx7n8z
0tSt4SUsOj8fKBL2OwFTAz878S85snjiNnAx7n8z,hBG5vMBqkXoKVhe5nKFmfjAVyNoGHSr22VXcrkoN,hBG5vMBqkXoKVhe5nKFmfjAVyNoGHSr22VXcrkoN,0tSt4SUsOj8fKBL2OwFTAz878S85snjiNnAx7n8z,MOx9AM3J6rnEQQJCSsWfT7wdOetSni3OV0mrNgho,G97yzpX8HPnbmrVEC0Aoz2si9mlAiCfZmduqw99n
hBG5vMBqkXoKVhe5nKFmfjAVyNoGHSr22VXcrkoN,G0PLr6xT9E96wJTJXQDNB728J4rHnKFKya5jIcwT,G0PLr6xT9E96wJTJXQDNB728J4rHnKFKya5jIcwT,hBG5vMBqkXoKVhe5nKFmfjAVyNoGHSr22VXcrkoN,I9zyEumkNRxIzJ9lhMe24gjeuA05krtaF8GygUHD,MOx9AM3J6rnEQQJCSsWfT7wdOetSni3OV0mrNgho
G0PLr6xT9E96wJTJXQDNB728J4rHnKFKya5jIcwT,DboXcHUzjiTnEyfVzMA8hgefX2B7suIPftuPWSyq,DboXcHUzjiTnEyfVzMA8hgefX2B7suIPftuPWSyq,G0PLr6xT9E96wJTJXQDNB728J4rHnKFKya5jIcwT,BR0isoSnDlgTmIqukAORkXTz6C9ABpEWp1Yw4Fx6,I9zyEumkNRxIzJ9lhMe24gjeuA05krtaF8GygUHD
DboXcHUzjiTnEyfVzMA8hgefX2B7suIPftuPWSyq,neo9uYRJVawyUm1nyXvQrJxwVqapvXp6gVg6kwxr,G97yzpX8HPnbmrVEC0Aoz2si9mlAiCfZmduqw99n,G97yzpX8HPnbmrVEC0Aoz2si9mlAiCfZmduqw99n,0tSt4SUsOj8fKBL2OwFTAz878S85snjiNnAx7n8z,BR0isoSnDlgTmIqukAORkXTz6C9ABpEWp1Yw4Fx6
neo9uYRJVawyUm1nyXvQrJxwVqapvXp6gVg6kwxr,nOgJEtffp9e3P1qN9pqUrIZB0WQ9VIdptmx5wtia,MOx9AM3J6rnEQQJCSsWfT7wdOetSni3OV0mrNgho,MOx9AM3J6rnEQQJCSsWfT7wdOetSni3OV0mrNgho,hBG5vMBqkXoKVhe5nKFmfjAVyNoGHSr22VXcrkoN,0tSt4SUsOj8fKBL2OwFTAz878S85snjiNnAx7n8z
G97yzpX8HPnbmrVEC0Aoz2si9mlAiCfZmduqw99n,G97yzpX8HPnbmrVEC0Aoz2si9mlAiCfZmduqw99n,I9zyEumkNRxIzJ9lhMe24gjeuA05krtaF8GygUHD,I9zyEumkNRxIzJ9lhMe24gjeuA05krtaF8GygUHD,G97yzpX8HPnbmrVEC0Aoz2si9mlAiCfZmduqw99n,G97yzpX8HPnbmrVEC0Aoz2si9mlAiCfZmduqw99n
MOx9AM3J6rnEQQJCSsWfT7wdOetSni3OV0mrNgho,MOx9AM3J6rnEQQJCSsWfT7wdOetSni3OV0mrNgho,BR0isoSnDlgTmIqukAORkXTz6C9ABpEWp1Yw4Fx6,BR0isoSnDlgTmIqukAORkXTz6C9ABpEWp1Yw4Fx6,MOx9AM3J6rnEQQJCSsWfT7wdOetSni3OV0mrNgho,MOx9AM3J6rnEQQJCSsWfT7wdOetSni3OV0mrNgho
I9zyEumkNRxIzJ9lhMe24gjeuA05krtaF8GygUHD,I9zyEumkNRxIzJ9lhMe24gjeuA05krtaF8GygUHD,0tSt4SUsOj8fKBL2OwFTAz878S85snjiNnAx7n8z,0tSt4SUsOj8fKBL2OwFTAz878S85snjiNnAx7n8z,I9zyEumkNRxIzJ9lhMe24gjeuA05krtaF8GygUHD,I9zyEumkNRxIzJ9lhMe24gjeuA05krtaF8GygUHD
BR0isoSnDlgTmIqukAORkXTz6C9ABpEWp1Yw4Fx6,BR0isoSnDlgTmIqukAORkXTz6C9ABpEWp1Yw4Fx6,hBG5vMBqkXoKVhe5nKFmfjAVyNoGHSr22VXcrkoN,hBG5vMBqkXoKVhe5nKFmfjAVyNoGHSr22VXcrkoN,BR0isoSnDlgTmIqukAORkXTz6C9ABpEWp1Yw4Fx6,BR0isoSnDlgTmIqukAORkXTz6C9ABpEWp1Yw4Fx6
0tSt4SUsOj8fKBL2OwFTAz878S85snjiNnAx7n8z,0tSt4SUsOj8fKBL2OwFTAz878S85snjiNnAx7n8z,G0PLr6xT9E96wJTJXQDNB728J4rHnKFKya5jIcwT,G0PLr6xT9E96wJTJXQDNB728J4rHnKFKya5jIcwT,0tSt4SUsOj8fKBL2OwFTAz878S85snjiNnAx7n8z,0tSt4SUsOj8fKBL2OwFTAz878S85snjiNnAx7n8z
hBG5vMBqkXoKVhe5nKFmfjAVyNoGHSr22VXcrkoN,hBG5vMBqkXoKVhe5nKFmfjAVyNoGHSr22VXcrkoN,DboXcHUzjiTnEyfVzMA8hgefX2B7suIPftuPWSyq,G97yzpX8HPnbmrVEC0Aoz2si9mlAiCfZmduqw99n,hBG5vMBqkXoKVhe5nKFmfjAVyNoGHSr22VXcrkoN,G97yzpX8HPnbmrVEC0Aoz2si9mlAiCfZmduqw99n
G0PLr6xT9E96wJTJXQDNB728J4rHnKFKya5jIcwT,G0PLr6xT9E96wJTJXQDNB728J4rHnKFKya5jIcwT,G97yzpX8HPnbmrVEC0Aoz2si9mlAiCfZmduqw99n,MOx9AM3J6rnEQQJCSsWfT7wdOetSni3OV0mrNgho,G97yzpX8HPnbmrVEC0Aoz2si9mlAiCfZmduqw99n,MOx9AM3J6rnEQQJCSsWfT7wdOetSni3OV0mrNgho
DboXcHUzjiTnEyfVzMA8hgefX2B7suIPftuPWSyq,DboXcHUzjiTnEyfVzMA8hgefX2B7suIPftuPWSyq,MOx9AM3J6rnEQQJCSsWfT7wdOetSni3OV0mrNgho,I9zyEumkNRxIzJ9lhMe24gjeuA05krtaF8GygUHD,MOx9AM3J6rnEQQJCSsWfT7wdOetSni3OV0mrNgho,I9zyEumkNRxIzJ9lhMe24gjeuA05krtaF8GygUHD
neo9uYRJVawyUm1nyXvQrJxwVqapvXp6gVg6kwxr,neo9uYRJVawyUm1nyXvQrJxwVqapvXp6gVg6kwxr,I9zyEumkNRxIzJ9lhMe24gjeuA05krtaF8GygUHD,BR0isoSnDlgTmIqukAORkXTz6C9ABpEWp1Yw4Fx6,I9zyEumkNRxIzJ9lhMe24gjeuA05krtaF8GygUHD,BR0isoSnDlgTmIqukAORkXTz6C9ABpEWp1Yw4Fx6
G97yzpX8HPnbmrVEC0Aoz2si9mlAiCfZmduqw99n,nOgJEtffp9e3P1qN9pqUrIZB0WQ9VIdptmx5wtia,BR0isoSnDlgTmIqukAORkXTz6C9ABpEWp1Yw4Fx6,0tSt4SUsOj8fKBL2OwFTAz878S85snjiNnAx7n8z,BR0isoSnDlgTmIqukAORkXTz6C9ABpEWp1Yw4Fx6,0tSt4SUsOj8fKBL2OwFTAz878S85snjiNnAx7n8z
MOx9AM3J6rnEQQJCSsWfT7wdOetSni3OV0mrNgho,G97yzpX8HPnbmrVEC0Aoz2si9mlAiCfZmduqw99n,0tSt4SUsOj8fKBL2OwFTAz878S85snjiNnAx7n8z,hBG5vMBqkXoKVhe5nKFmfjAVyNoGHSr22VXcrkoN,0tSt4SUsOj8fKBL2OwFTAz878S85snjiNnAx7n8z,G97yzpX8HPnbmrVEC0Aoz2si9mlAiCfZmduqw99n
I9zyEumkNRxIzJ9lhMe24gjeuA05krtaF8GygUHD,MOx9AM3J6rnEQQJCSsWfT7wdOetSni3OV0mrNgho,hBG5vMBqkXoKVhe5nKFmfjAVyNoGHSr22VXcrkoN,G0PLr6xT9E96wJTJXQDNB728J4rHnKFKya5jIcwT,hBG5vMBqkXoKVhe5nKFmfjAVyNoGHSr22VXcrkoN,MOx9AM3J6rnEQQJCSsWfT7wdOetSni3OV0mrNgho
BR0isoSnDlgTmIqukAORkXTz6C9ABpEWp1Yw4Fx6,I9zyEumkNRxIzJ9lhMe24gjeuA05krtaF8GygUHD,G0PLr6xT9E96wJTJXQDNB728J4rHnKFKya5jIcwT,G97yzpX8HPnbmrVEC0Aoz2si9mlAiCfZmduqw99n,G97yzpX8HPnbmrVEC0Aoz2si9mlAiCfZmduqw99n,I9zyEumkNRxIzJ9lhMe24gjeuA05krtaF8GygUHD
0tSt4SUsOj8fKBL2OwFTAz878S85snjiNnAx7n8z,BR0isoSnDlgTmIqukAORkXTz6C9ABpEWp1Yw4Fx6,DboXcHUzjiTnEyfVzMA8hgefX2B7suIPftuPWSyq,MOx9AM3J6rnEQQJCSsWfT7wdOetSni3OV0mrNgho,MOx9AM3J6rnEQQJCSsWfT7wdOetSni3OV0mrNgho,BR0isoSnDlgTmIqukAORkXTz6C9ABpEWp1Yw4Fx6
hBG5vMBqkXoKVhe5nKFmfjAVyNoGHSr22VXcrkoN,0tSt4SUsOj8fKBL2OwFTAz878S85snjiNnAx7n8z,G97yzpX8HPnbmrVEC0Aoz2si9mlAiCfZmduqw99n,I9zyEumkNRxIzJ9lhMe24gjeuA05krtaF8GygUHD,I9zyEumkNRxIzJ9lhMe24gjeuA05krtaF8GygUHD,0tSt4SUsOj8fKBL2OwFTAz878S85snjiNnAx7n8z
G0PLr6xT9E96wJTJXQDNB728J4rHnKFKya5jIcwT,hBG5vMBqkXoKVhe5nKFmfjAVyNoGHSr22VXcrkoN,MOx9AM3J6rnEQQJCSsWfT7wdOetSni3OV0mrNgho,BR0isoSnDlgTmIqukAORkXTz6C9ABpEWp1Yw4Fx6,BR0isoSnDlgTmIqukAORkXTz6C9ABpEWp1Yw4Fx6,G97yzpX8HPnbmrVEC0Aoz2si9mlAiCfZmduqw99n
DboXcHUzjiTnEyfVzMA8hgefX2B7suIPftuPWSyq,G0PLr6xT9E96wJTJXQDNB728J4rHnKFKya5jIcwT,I9zyEumkNRxIzJ9lhMe24gjeuA05krtaF8GygUHD,0tSt4SUsOj8fKBL2OwFTAz878S85snjiNnAx7n8z,0tSt4SUsOj8fKBL2OwFTAz878S85snjiNnAx7n8z,MOx9AM3J6rnEQQJCSsWfT7wdOetSni3OV0mrNgho
neo9uYRJVawyUm1nyXvQrJxwVqapvXp6gVg6kwxr,DboXcHUzjiTnEyfVzMA8hgefX2B7suIPftuPWSyq,BR0isoSnDlgTmIqukAORkXTz6C9ABpEWp1Yw4Fx6,hBG5vMBqkXoKVhe5nKFmfjAVyNoGHSr22VXcrkoN,hBG5vMBqkXoKVhe5nKFmfjAVyNoGHSr22VXcrkoN,I9zyEumkNRxIzJ9lhMe24gjeuA05krtaF8GygUHD
G97yzpX8HPnbmrVEC0Aoz2si9mlAiCfZmduqw99n,neo9uYRJVawyUm1nyXvQrJxwVqapvXp6gVg6kwxr,0tSt4SUsOj8fKBL2OwFTAz878S85snjiNnAx7n8z,G0PLr6xT9E96wJTJXQDNB728J4rHnKFKya5jIcwT,G97yzpX8HPnbmrVEC0Aoz2si9mlAiCfZmduqw99n,BR0isoSnDlgTmIqukAORkXTz6C9ABpEWp1Yw4Fx6
MOx9AM3J6rnEQQJCSsWfT7wdOetSni3OV0mrNgho,nOgJEtffp9e3P1qN9pqUrIZB0WQ9VIdptmx5wtia,hBG5vMBqkXoKVhe5nKFmfjAVyNoGHSr22VXcrkoN,G97yzpX8HPnbmrVEC0Aoz2si9mlAiCfZmduqw99n,MOx9AM3J6rnEQQJCSsWfT7wdOetSni3OV0mrNgho,0tSt4SUsOj8fKBL2OwFTAz878S85snjiNnAx7n8z
I9zyEumkNRxIzJ9lhMe24gjeuA05krtaF8GygUHD,G97yzpX8HPnbmrVEC0Aoz2si9mlAiCfZmduqw99n,G0PLr6xT9E96wJTJXQDNB728J4rHnKFKya5jIcwT,MOx9AM3J6rnEQQJCSsWfT7wdOetSni3OV0mrNgho,I9zyEumkNRxIzJ9lhMe24gjeuA05krtaF8GygUHD,G97yzpX8HPnbmrVEC0Aoz2si9mlAiCfZmduqw99n
BR0isoSnDlgTmIqukAORkXTz6C9ABpEWp1Yw4Fx6,MOx9AM3J6rnEQQJCSsWfT7wdOetSni3OV0mrNgho,DboXcHUzjiTnEyfVzMA8hgefX2B7suIPftuPWSyq,I9zyEumkNRxIzJ9lhMe24gjeuA05krtaF8GygUHD,BR0isoSnDlgTmIqukAORkXTz6C9ABpEWp1Yw4Fx6,MOx9AM3J6rnEQQJCSsWfT7wdOetSni3OV0mrNgho
0tSt4SUsOj8fKBL2OwFTAz878S85snjiNnAx7n8z,I9zyEumkNRxIzJ9lhMe24gjeuA05krtaF8GygUHD,G97yzpX8HPnbmrVEC0Aoz2si9mlAiCfZmduqw99n,BR0isoSnDlgTmIqukAORkXTz6C9ABpEWp1Yw4Fx6,0tSt4SUsOj8fKBL2OwFTAz878S85snjiNnAx7n8z,I9zyEumkNRxIzJ9lhMe24gjeuA05krtaF8GygUHD
hBG5vMBqkXoKVhe5nKFmfjAVyNoGHSr22VXcrkoN,BR0isoSnDlgTmIqukAORkXTz6C9ABpEWp1Yw4Fx6,MOx9AM3J6rnEQQJCSsWfT7wdOetSni3OV0mrNgho,0tSt4SUsOj8fKBL2OwFTAz878S85snjiNnAx7n8z,hBG5vMBqkXoKVhe5nKFmfjAVyNoGHSr22VXcrkoN,BR0isoSnDlgTmIqukAORkXTz6C9ABpEWp1Yw4Fx6
G0PLr6xT9E96wJTJXQDNB728J4rHnKFKya5jIcwT,0tSt4SUsOj8fKBL2OwFTAz878S85snjiNnAx7n8z,I9zyEumkNRxIzJ9lhMe24gjeuA05krtaF8GygUHD,hBG5vMBqkXoKVhe5nKFmfjAVyNoGHSr22VXcrkoN,G97yzpX8HPnbmrVEC0Aoz2si9mlAiCfZmduqw99n,0tSt4SUsOj8fKBL2OwFTAz878S85snjiNnAx7n8z
DboXcHUzjiTnEyfVzMA8hgefX2B7suIPftuPWSyq,hBG5vMBqkXoKVhe5nKFmfjAVyNoGHSr22VXcrkoN,BR0isoSnDlgTmIqukAORkXTz6C9ABpEWp1Yw4Fx6,G0PLr6xT9E96wJTJXQDNB728J4rHnKFKya5jIcwT,MOx9AM3J6rnEQQJCSsWfT7wdOetSni3OV0mrNgho,G97yzpX8HPnbmrVEC0Aoz2si9mlAiCfZmduqw99n
neo9uYRJVawyUm1nyXvQrJxwVqapvXp6gVg6kwxr,G0PLr6xT9E96wJTJXQDNB728J4rHnKFKya5jIcwT,0tSt4SUsOj8fKBL2OwFTAz878S85snjiNnAx7n8z,G97yzpX8HPnbmrVEC0Aoz2si9mlAiCfZmduqw99n,I9zyEumkNRxIzJ9lhMe24gjeuA05krtaF8GygUHD,MOx9AM3J6rnEQQJCSsWfT7wdOetSni3OV0mrNgho
G97yzpX8HPnbmrVEC0Aoz2si9mlAiCfZmduqw99n,DboXcHUzjiTnEyfVzMA8hgefX2B7suIPftuPWSyq,hBG5vMBqkXoKVhe5nKFmfjAVyNoGHSr22VXcrkoN,MOx9AM3J6rnEQQJCSsWfT7wdOetSni3OV0mrNgho,BR0isoSnDlgTmIqukAORkXTz6C9ABpEWp1Yw4Fx6,I9zyEumkNRxIzJ9lhMe24gjeuA05krtaF8GygUHD
MOx9AM3J6rnEQQJCSsWfT7wdOetSni3OV0mrNgho,neo9uYRJVawyUm1nyXvQrJxwVqapvXp6gVg6kwxr,G0PLr6xT9E96wJTJXQDNB728J4rHnKFKya5jIcwT,I9zyEumkNRxIzJ9lhMe24gjeuA05krtaF8GygUHD,0tSt4SUsOj8fKBL2OwFTAz878S85snjiNnAx7n8z,BR0isoSnDlgTmIqukAORkXTz6C9ABpEWp1Yw4Fx6
I9zyEumkNRxIzJ9lhMe24gjeuA05krtaF8GygUHD,nOgJEtffp9e3P1qN9pqUrIZB0WQ9VIdptmx5wtia,DboXcHUzjiTnEyfVzMA8hgefX2B7suIPftuPWSyq,BR0isoSnDlgTmIqukAORkXTz6C9ABpEWp1Yw4Fx6,hBG5vMBqkXoKVhe5nKFmfjAVyNoGHSr22VXcrkoN,0tSt4SUsOj8fKBL2OwFTAz878S85snjiNnAx7n8z
BR0isoSnDlgTmIqukAORkXTz6C9ABpEWp1Yw4Fx6,G97yzpX8HPnbmrVEC0Aoz2si9mlAiCfZmduqw99n,G97yzpX8HPnbmrVEC0Aoz2si9mlAiCfZmduqw99n,0tSt4SUsOj8fKBL2OwFTAz878S85snjiNnAx7n8z,G97yzpX8HPnbmrVEC0Aoz2si9mlAiCfZmduqw99n,G97yzpX8HPnbmrVEC0Aoz2si9mlAiCfZmduqw99n
0tSt4SUsOj8fKBL2OwFTAz878S85snjiNnAx7n8z,MOx9AM3J6rnEQQJCSsWfT7wdOetSni3OV0mrNgho,MOx9AM3J6rnEQQJCSsWfT7wdOetSni3OV0mrNgho,hBG5vMBqkXoKVhe5nKFmfjAVyNoGHSr22VXcrkoN,MOx9AM3J6rnEQQJCSsWfT7wdOetSni3OV0mrNgho,MOx9AM3J6rnEQQJCSsWfT7wdOetSni3OV0mrNgho
hBG5vMBqkXoKVhe5nKFmfjAVyNoGHSr22VXcrkoN,I9zyEumkNRxIzJ9lhMe24gjeuA05krtaF8GygUHD,I9zyEumkNRxIzJ9lhMe24gjeuA05krtaF8GygUHD,G0PLr6xT9E96wJTJXQDNB728J4rHnKFKya5jIcwT,I9zyEumkNRxIzJ9lhMe24gjeuA05krtaF8GygUHD,I9zyEumkNRxIzJ9lhMe24gjeuA05krtaF8GygUHD
G0PLr6xT9E96wJTJXQDNB728J4rHnKFKya5jIcwT,BR0isoSnDlgTmIqukAORkXTz6C9ABpEWp1Yw4Fx6,BR0isoSnDlgTmIqukAORkXTz6C9ABpEWp1Yw4Fx6,G97yzpX8HPnbmrVEC0Aoz2si9mlAiCfZmduqw99n,BR0isoSnDlgTmIqukAORkXTz6C9ABpEWp1Yw4Fx6,BR0isoSnDlgTmIqukAORkXTz6C9ABpEWp1Yw4Fx6
DboXcHUzjiTnEyfVzMA8hgefX2B7suIPftuPWSyq,0tSt4SUsOj8fKBL2OwFTAz878S85snjiNnAx7n8z,0tSt4SUsOj8fKBL2OwFTAz878S85snjiNnAx7n8z,MOx9AM3J6rnEQQJCSsWfT7wdOetSni3OV0mrNgho,0tSt4SUsOj8fKBL2OwFTAz878S85snjiNnAx7n8z,0tSt4SUsOj8fKBL2OwFTAz878S85snjiNnAx7n8z
neo9uYRJVawyUm1nyXvQrJxwVqapvXp6gVg6kwxr,hBG5vMBqkXoKVhe5nKFmfjAVyNoGHSr22VXcrkoN,hBG5vMBqkXoKVhe5nKFmfjAVyNoGHSr22VXcrkoN,I9zyEumkNRxIzJ9lhMe24gjeuA05krtaF8GygUHD,hBG5vMBqkXoKVhe5nKFmfjAVyNoGHSr22VXcrkoN,G97yzpX8HPnbmrVEC0Aoz2si9mlAiCfZmduqw99n
G97yzpX8HPnbmrVEC0Aoz2si9mlAiCfZmduqw99n,G0PLr6xT9E96wJTJXQDNB728J4rHnKFKya5jIcwT,G0PLr6xT9E96wJTJXQDNB728J4rHnKFKya5jIcwT,BR0isoSnDlgTmIqukAORkXTz6C9ABpEWp1Yw4Fx6,G97yzpX8HPnbmrVEC0Aoz2si9mlAiCfZmduqw99n,MOx9AM3J6rnEQQJCSsWfT7wdOetSni3OV0mrNgho
MOx9AM3J6rnEQQJCSsWfT7wdOetSni3OV0mrNgho,DboXcHUzjiTnEyfVzMA8hgefX2B7suIPftuPWSyq,DboXcHUzjiTnEyfVzMA8hgefX2B7suIPftuPWSyq,0tSt4SUsOj8fKBL2OwFTAz878S85snjiNnAx7n8z,MOx9AM3J6rnEQQJCSsWfT7wdOetSni3OV0mrNgho,I9zyEumkNRxIzJ9lhMe24gjeuA05krtaF8GygUHD
I9zyEumkNRxIzJ9lhMe24gjeuA05krtaF8GygUHD,neo9uYRJVawyUm1nyXvQrJxwVqapvXp6gVg6kwxr,G97yzpX8HPnbmrVEC0Aoz2si9mlAiCfZmduqw99n,hBG5vMBqkXoKVhe5nKFmfjAVyNoGHSr22VXcrkoN,I9zyEumkNRxIzJ9lhMe24gjeuA05krtaF8GygUHD,BR0isoSnDlgTmIqukAORkXTz6C9ABpEWp1Yw4Fx6
BR0isoSnDlgTmIqukAORkXTz6C9ABpEWp1Yw4Fx6,nOgJEtffp9e3P1qN9pqUrIZB0WQ9VIdptmx5wtia,MOx9AM3J6rnEQQJCSsWfT7wdOetSni3OV0mrNgho,G0PLr6xT9E96wJTJXQDNB728J4rHnKFKya5jIcwT,BR0isoSnDlgTmIqukAORkXTz6C9ABpEWp1Yw4Fx6,0tSt4SUsOj8fKBL2OwFTAz878S85snjiNnAx7n8z
0tSt4SUsOj8fKBL2OwFTAz878S85snjiNnAx7n8z,G97yzpX8HPnbmrVEC0Aoz2si9mlAiCfZmduqw99n,I9zyEumkNRxIzJ9lhMe24gjeuA05krtaF8GygUHD,G97yzpX8HPnbmrVEC0Aoz2si9mlAiCfZmduqw99n,0tSt4SUsOj8fKBL2OwFTAz878S85snjiNnAx7n8z,G97yzpX8HPnbmrVEC0Aoz2si9mlAiCfZmduqw99n
hBG5vMBqkXoKVhe5nKFmfjAVyNoGHSr22VXcrkoN,MOx9AM3J6rnEQQJCSsWfT7wdOetSni3OV0mrNgho,BR0isoSnDlgTmIqukAORkXTz6C9ABpEWp1Yw4Fx6,MOx9AM3J6rnEQQJCSsWfT7wdOetSni3OV0mrNgho,hBG5vMBqkXoKVhe5nKFmfjAVyNoGHSr22VXcrkoN,MOx9AM3J6rnEQQJCSsWfT7wdOetSni3OV0mrNgho
G0PLr6xT9E96wJTJXQDNB728J4rHnKFKya5jIcwT,I9zyEumkNRxIzJ9lhMe24gjeuA05krtaF8GygUHD,0tSt4SUsOj8fKBL2OwFTAz878S85snjiNnAx7n8z,I9zyEumkNRxIzJ9lhMe24gjeuA05krtaF8GygUHD,G97yzpX8HPnbmrVEC0Aoz2si9mlAiCfZmduqw99n,I9zyEumkNRxIzJ9lhMe24gjeuA05krtaF8GygUHD
DboXcHUzjiTnEyfVzMA8hgefX2B7suIPftuPWSyq,BR0isoSnDlgTmIqukAORkXTz6C9ABpEWp1Yw4Fx6,hBG5vMBqkXoKVhe5nKFmfjAVyNoGHSr22VXcrkoN,BR0isoSnDlgTmIqukAORkXTz6C9ABpEWp1Yw4Fx6,MOx9AM3J6rnEQQJCSsWfT7wdOetSni3OV0mrNgho,BR0isoSnDlgTmIqukAORkXTz6C9ABpEWp1Yw4Fx6
neo9uYRJVawyUm1nyXvQrJxwVqapvXp6gVg6kwxr,0tSt4SUsOj8fKBL2OwFTAz878S85snjiNnAx7n8z,G0PLr6xT9E96wJTJXQDNB728J4rHnKFKya5jIcwT,0tSt4SUsOj8fKBL2OwFTAz878S85snjiNnAx7n8z,I9zyEumkNRxIzJ9lhMe24gjeuA05krtaF8GygUHD,0tSt4SUsOj8fKBL2OwFTAz878S85snjiNnAx7n8z
G97yzpX8HPnbmrVEC0Aoz2si9mlAiCfZmduqw99n,hBG5vMBqkXoKVhe5nKFmfjAVyNoGHSr22VXcrkoN,DboXcHUzjiTnEyfVzMA8hgefX2B7suIPftuPWSyq,hBG5vMBqkXoKVhe5nKFmfjAVyNoGHSr22VXcrkoN,BR0isoSnDlgTmIqukAORkXTz6C9ABpEWp1Yw4Fx6,G97yzpX8HPnbmrVEC0Aoz2si9mlAiCfZmduqw99n
MOx9AM3J6rnEQQJCSsWfT7wdOetSni3OV0mrNgho,G0PLr6xT9E96wJTJXQDNB728J4rHnKFKya5jIcwT,G97yzpX8HPnbmrVEC0Aoz2si9mlAiCfZmduqw99n,G0PLr6xT9E96wJTJXQDNB728J4rHnKFKya5jIcwT,0tSt4SUsOj8fKBL2OwFTAz878S85snjiNnAx7n8z,MOx9AM3J6rnEQQJCSsWfT7wdOetSni3OV0mrNgho
I9zyEumkNRxIzJ9lhMe24gjeuA05krtaF8GygUHD,DboXcHUzjiTnEyfVzMA8hgefX2B7suIPftuPWSyq,MOx9AM3J6rnEQQJCSsWfT7wdOetSni3OV0mrNgho,G97yzpX8HPnbmrVEC0Aoz2si9mlAiCfZmduqw99n,hBG5vMBqkXoKVhe5nKFmfjAVyNoGHSr22VXcrkoN,I9zyEumkNRxIzJ9lhMe24gjeuA05krtaF8GygUHD
BR0isoSnDlgTmIqukAORkXTz6C9ABpEWp1Yw4Fx6,neo9uYRJVawyUm1nyXvQrJxwVqapvXp6gVg6kwxr,I9zyEumkNRxIzJ9lhMe24gjeuA05krtaF8GygUHD,MOx9AM3J6rnEQQJCSsWfT7wdOetSni3OV0mrNgho,G97yzpX8HPnbmrVEC0Aoz2si9mlAiCfZmduqw99n,BR0isoSnDlgTmIqukAORkXTz6C9ABpEWp1Yw4Fx6
0tSt4SUsOj8fKBL2OwFTAz878S85snjiNnAx7n8z,nOgJEtffp9e3P1qN9pqUrIZB0WQ9VIdptmx5wtia,BR0isoSnDlgTmIqukAORkXTz6C9ABpEWp1Yw4Fx6,I9zyEumkNRxIzJ9lhMe24gjeuA05krtaF8GygUHD,MOx9AM3J6rnEQQJCSsWfT7wdOetSni3OV0mrNgho,0tSt4SUsOj8fKBL2OwFTAz878S85snjiNnAx7n8z
hBG5vMBqkXoKVhe5nKFmfjAVyNoGHSr22VXcrkoN,G97yzpX8HPnbmrVEC0Aoz2si9mlAiCfZmduqw99n,0tSt4SUsOj8fKBL2OwFTAz878S85snjiNnAx7n8z,BR0isoSnDlgTmIqukAORkXTz6C9ABpEWp1Yw4Fx6,I9zyEumkNRxIzJ9lhMe24gjeuA05krtaF8GygUHD,G97yzpX8HPnbmrVEC0Aoz2si9mlAiCfZmduqw99n
G0PLr6xT9E96wJTJXQDNB728J4rHnKFKya5jIcwT,MOx9AM3J6rnEQQJCSsWfT7wdOetSni3OV0mrNgho,hBG5vMBqkXoKVhe5nKFmfjAVyNoGHSr22VXcrkoN,0tSt4SUsOj8fKBL2OwFTAz878S85snjiNnAx7n8z,BR0isoSnDlgTmIqukAORkXTz6C9ABpEWp1Yw4Fx6,MOx9AM3J6rnEQQJCSsWfT7wdOetSni3OV0mrNgho
DboXcHUzjiTnEyfVzMA8hgefX2B7suIPftuPWSyq,I9zyEumkNRxIzJ9lhMe24gjeuA05krtaF8GygUHD,G0PLr6xT9E96wJTJXQDNB728J4rHnKFKya5jIcwT,hBG5vMBqkXoKVhe5nKFmfjAVyNoGHSr22VXcrkoN,0tSt4SUsOj8fKBL2OwFTAz878S85snjiNnAx7n8z,I9zyEumkNRxIzJ9lhMe24gjeuA05krtaF8GygUHD
neo9uYRJVawyUm1nyXvQrJxwVqapvXp6gVg6kwxr,BR0isoSnDlgTmIqukAORkXTz6C9ABpEWp1Yw4Fx6,DboXcHUzjiTnEyfVzMA8hgefX2B7suIPftuPWSyq,G0PLr6xT9E96wJTJXQDNB728J4rHnKFKya5jIcwT,hBG5vMBqkXoKVhe5nKFmfjAVyNoGHSr22VXcrkoN,BR0isoSnDlgTmIqukAORkXTz6C9ABpEWp1Yw4Fx6
G97yzpX8HPnbmrVEC0Aoz2si9mlAiCfZmduqw99n,0tSt4SUsOj8fKBL2OwFTAz878S85snjiNnAx7n8z,G97yzpX8HPnbmrVEC0Aoz2si9mlAiCfZmduqw99n,G97yzpX8HPnbmrVEC0Aoz2si9mlAiCfZmduqw99n,G97yzpX8HPnbmrVEC0Aoz2si9mlAiCfZmduqw99n,0tSt4SUsOj8fKBL2OwFTAz878S85snjiNnAx7n8z
MOx9AM3J6rnEQQJCSsWfT7wdOetSni3OV0mrNgho,hBG5vMBqkXoKVhe5nKFmfjAVyNoGHSr22VXcrkoN,MOx9AM3J6rnEQQJCSsWfT7wdOetSni3OV0mrNgho,MOx9AM3J6rnEQQJCSsWfT7wdOetSni3OV0mrNgho,MOx9AM3J6rnEQQJCSsWfT7wdOetSni3OV0mrNgho,G97yzpX8HPnbmrVEC0Aoz2si9mlAiCfZmduqw99n
I9zyEumkNRxIzJ9lhMe24gjeuA05krtaF8GygUHD,G0PLr6xT9E96wJTJXQDNB728J4rHnKFKya5jIcwT,I9zyEumkNRxIzJ9lhMe24gjeuA05krtaF8GygUHD,I9zyEumkNRxIzJ9lhMe24gjeuA05krtaF8GygUHD,I9zyEumkNRxIzJ9lhMe24gjeuA05krtaF8GygUHD,MOx9AM3J6rnEQQJCSsWfT7wdOetSni3OV0mrNgho
BR0isoSnDlgTmIqukAORkXTz6C9ABpEWp1Yw4Fx6,DboXcHUzjiTnEyfVzMA8hgefX2B7suIPftuPWSyq,BR0isoSnDlgTmIqukAORkXTz6C9ABpEWp1Yw4Fx6,BR0isoSnDlgTmIqukAORkXTz6C9ABpEWp1Yw4Fx6,BR0isoSnDlgTmIqukAORkXTz6C9ABpEWp1Yw4Fx6,I9zyEumkNRxIzJ9lhMe24gjeuA05krtaF8GygUHD
0tSt4SUsOj8fKBL2OwFTAz878S85snjiNnAx7n8z,neo9uYRJVawyUm1nyXvQrJxwVqapvXp6gVg6kwxr,0tSt4SUsOj8fKBL2OwFTAz878S85snjiNnAx7n8z,0tSt4SUsOj8fKBL2OwFTAz878S85snjiNnAx7n8z,0tSt4SUsOj8fKBL2OwFTAz878S85snjiNnAx7n8z,BR0isoSnDlgTmIqukAORkXTz6C9ABpEWp1Yw4Fx6
hBG5vMBqkXoKVhe5nKFmfjAVyNoGHSr22VXcrkoN,nOgJEtffp9e3P1qN9pqUrIZB0WQ9VIdptmx5wtia,hBG5vMBqkXoKVhe5nKFmfjAVyNoGHSr22VXcrkoN,hBG5vMBqkXoKVhe5nKFmfjAVyNoGHSr22VXcrkoN,hBG5vMBqkXoKVhe5nKFmfjAVyNoGHSr22VXcrkoN,0tSt4SUsOj8fKBL2OwFTAz878S85snjiNnAx7n8z
G0PLr6xT9E96wJTJXQDNB728J4rHnKFKya5jIcwT,G97yzpX8HPnbmrVEC0Aoz2si9mlAiCfZmduqw99n,G0PLr6xT9E96wJTJXQDNB728J4rHnKFKya5jIcwT,G0PLr6xT9E96wJTJXQDNB728J4rHnKFKya5jIcwT,G97yzpX8HPnbmrVEC0Aoz2si9mlAiCfZmduqw99n,G97yzpX8HPnbmrVEC0Aoz2si9mlAiCfZmduqw99n
DboXcHUzjiTnEyfVzMA8hgefX2B7suIPftuPWSyq,MOx9AM3J6rnEQQJCSsWfT7wdOetSni3OV0mrNgho,DboXcHUzjiTnEyfVzMA8hgefX2B7suIPftuPWSyq,G97yzpX8HPnbmrVEC0Aoz2si9mlAiCfZmduqw99n,MOx9AM3J6rnEQQJCSsWfT7wdOetSni3OV0mrNgho,MOx9AM3J6rnEQQJCSsWfT7wdOetSni3OV0mrNgho
neo9uYRJVawyUm1nyXvQrJxwVqapvXp6gVg6kwxr,I9zyEumkNRxIzJ9lhMe24gjeuA05krtaF8GygUHD,G97yzpX8HPnbmrVEC0Aoz2si9mlAiCfZmduqw99n,MOx9AM3J6rnEQQJCSsWfT7wdOetSni3OV0mrNgho,I9zyEumkNRxIzJ9lhMe24gjeuA05krtaF8GygUHD,I9zyEumkNRxIzJ9lhMe24gjeuA05krtaF8GygUHD
G97yzpX8HPnbmrVEC0Aoz2si9mlAiCfZmduqw99n,BR0isoSnDlgTmIqukAORkXTz6C9ABpEWp1Yw4Fx6,MOx9AM3J6rnEQQJCSsWfT7wdOetSni3OV0mrNgho,I9zyEumkNRxIzJ9lhMe24gjeuA05krtaF8GygUHD,BR0isoSnDlgTmIqukAORkXTz6C9ABpEWp1Yw4Fx6,BR0isoSnDlgTmIqukAORkXTz6C9ABpEWp1Yw4Fx6
MOx9AM3J6rnEQQJCSsWfT7wdOetSni3OV0mrNgho,0tSt4SUsOj8fKBL2OwFTAz878S85snjiNnAx7n8z,I9zyEumkNRxIzJ9lhMe24gjeuA05krtaF8GygUHD,BR0isoSnDlgTmIqukAORkXTz6C9ABpEWp1Yw4Fx6,0tSt4SUsOj8fKBL2OwFTAz878S85snjiNnAx7n8z,0tSt4SUsOj8fKBL2OwFTAz878S85snjiNnAx7n8z
I9zyEumkNRxIzJ9lhMe24gjeuA05krtaF8GygUHD,hBG5vMBqkXoKVhe5nKFmfjAVyNoGHSr22VXcrkoN,BR0isoSnDlgTmIqukAORkXTz6C9ABpEWp1Yw4Fx6,0tSt4SUsOj8fKBL2OwFTAz878S85snjiNnAx7n8z,hBG5vMBqkXoKVhe5nKFmfjAVyNoGHSr22VXcrkoN,G97yzpX8HPnbmrVEC0Aoz2si9mlAiCfZmduqw99n
BR0isoSnDlgTmIqukAORkXTz6C9ABpEWp1Yw4Fx6,G0PLr6xT9E96wJTJXQDNB728J4rHnKFKya5jIcwT,0tSt4SUsOj8fKBL2OwFTAz878S85snjiNnAx7n8z,hBG5vMBqkXoKVhe5nKFmfjAVyNoGHSr22VXcrkoN,G97yzpX8HPnbmrVEC0Aoz2si9mlAiCfZmduqw99n,MOx9AM3J6rnEQQJCSsWfT7wdOetSni3OV0mrNgho
0tSt4SUsOj8fKBL2OwFTAz878S85snjiNnAx7n8z,DboXcHUzjiTnEyfVzMA8hgefX2B7suIPftuPWSyq,hBG5vMBqkXoKVhe5nKFmfjAVyNoGHSr22VXcrkoN,G0PLr6xT9E96wJTJXQDNB728J4rHnKFKya5jIcwT,MOx9AM3J6rnEQQJCSsWfT7wdOetSni3OV0mrNgho,I9zyEumkNRxIzJ9lhMe24gjeuA05krtaF8GygUHD
hBG5vMBqkXoKVhe5nKFmfjAVyNoGHSr22VXcrkoN,neo9uYRJVawyUm1nyXvQrJxwVqapvXp6gVg6kwxr,G0PLr6xT9E96wJTJXQDNB728J4rHnKFKya5jIcwT,G97yzpX8HPnbmrVEC0Aoz2si9mlAiCfZmduqw99n,I9zyEumkNRxIzJ9lhMe24gjeuA05krtaF8GygUHD,BR0isoSnDlgTmIqukAORkXTz6C9ABpEWp1Yw4Fx6
G0PLr6xT9E96wJTJXQDNB728J4rHnKFKya5jIcwT,nOgJEtffp9e3P1qN9pqUrIZB0WQ9VIdptmx5wtia,DboXcHUzjiTnEyfVzMA8hgefX2B7suIPftuPWSyq,MOx9AM3J6rnEQQJCSsWfT7wdOetSni3OV0mrNgho,BR0isoSnDlgTmIqukAORkXTz6C9ABpEWp1Yw4Fx6,0tSt4SUsOj8fKBL2OwFTAz878S85snjiNnAx7n8z
DboXcHUzjiTnEyfVzMA8hgefX2B7suIPftuPWSyq,G97yzpX8HPnbmrVEC0Aoz2si9mlAiCfZmduqw99n,G97yzpX8HPnbmrVEC0Aoz2si9mlAiCfZmduqw99n,I9zyEumkNRxIzJ9lhMe24gjeuA05krtaF8GygUHD,0tSt4SUsOj8fKBL2OwFTAz878S85snjiNnAx7n8z,G97yzpX8HPnbmrVEC0Aoz2si9mlAiCfZmduqw99n
neo9uYRJVawyUm1nyXvQrJxwVqapvXp6gVg6kwxr,MOx9AM3J6rnEQQJCSsWfT7wdOetSni3OV0mrNgho,MOx9AM3J6rnEQQJCSsWfT7wdOetSni3OV0mrNgho,BR0isoSnDlgTmIqukAORkXTz6C9ABpEWp1Yw4Fx6,hBG5vMBqkXoKVhe5nKFmfjAVyNoGHSr22VXcrkoN,MOx9AM3J6rnEQQJCSsWfT7wdOetSni3OV0mrNgho
G97yzpX8HPnbmrVEC0Aoz2si9mlAiCfZmduqw99n,I9zyEumkNRxIzJ9lhMe24gjeuA05krtaF8GygUHD,I9zyEumkNRxIzJ9lhMe24gjeuA05krtaF8GygUHD,0tSt4SUsOj8fKBL2OwFTAz878S85snjiNnAx7n8z,G97yzpX8HPnbmrVEC0Aoz2si9mlAiCfZmduqw99n,I9zyEumkNRxIzJ9lhMe24gjeuA05krtaF8GygUHD
MOx9AM3J6rnEQQJCSsWfT7wdOetSni3OV0mrNgho,BR0isoSnDlgTmIqukAORkXTz6C9ABpEWp1Yw4Fx6,BR0isoSnDlgTmIqukAORkXTz6C9ABpEWp1Yw4Fx6,hBG5vMBqkXoKVhe5nKFmfjAVyNoGHSr22VXcrkoN,MOx9AM3J6rnEQQJCSsWfT7wdOetSni3OV0mrNgho,BR0isoSnDlgTmIqukAORkXTz6C9ABpEWp1Yw4Fx6
I9zyEumkNRxIzJ9lhMe24gjeuA05krtaF8GygUHD,0tSt4SUsOj8fKBL2OwFTAz878S85snjiNnAx7n8z,0tSt4SUsOj8fKBL2OwFTAz878S85snjiNnAx7n8z,G0PLr6xT9E96wJTJXQDNB728J4rHnKFKya5jIcwT,I9zyEumkNRxIzJ9lhMe24gjeuA05krtaF8GygUHD,0tSt4SUsOj8fKBL2OwFTAz878S85snjiNnAx7n8z
BR0isoSnDlgTmIqukAORkXTz6C9ABpEWp1Yw4Fx6,hBG5vMBqkXoKVhe5nKFmfjAVyNoGHSr22VXcrkoN,hBG5vMBqkXoKVhe5nKFmfjAVyNoGHSr22VXcrkoN,G97yzpX8HPnbmrVEC0Aoz2si9mlAiCfZmduqw99n,BR0isoSnDlgTmIqukAORkXTz6C9ABpEWp1Yw4Fx6,G97yzpX8HPnbmrVEC0Aoz2si9mlAiCfZmduqw99n
0tSt4SUsOj8fKBL2OwFTAz878S85snjiNnAx7n8z,G0PLr6xT9E96wJTJXQDNB728J4rHnKFKya5jIcwT,G0PLr6xT9E96wJTJXQDNB728J4rHnKFKya5jIcwT,MOx9AM3J6rnEQQJCSsWfT7wdOetSni3OV0mrNgho,0tSt4SUsOj8fKBL2OwFTAz878S85snjiNnAx7n8z,MOx9AM3J6rnEQQJCSsWfT7wdOetSni3OV0mrNgho
hBG5vMBqkXoKVhe5nKFmfjAVyNoGHSr22VXcrkoN,DboXcHUzjiTnEyfVzMA8hgefX2B7suIPftuPWSyq,DboXcHUzjiTnEyfVzMA8hgefX2B7suIPftuPWSyq,I9zyEumkNRxIzJ9lhMe24gjeuA05krtaF8GygUHD,hBG5vMBqkXoKVhe5nKFmfjAVyNoGHSr22VXcrkoN,I9zyEumkNRxIzJ9lhMe24gjeuA05krtaF8GygUHD
G0PLr6xT9E96wJTJXQDNB728J4rHnKFKya5jIcwT,neo9uYRJVawyUm1nyXvQrJxwVqapvXp6gVg6kwxr,G97yzpX8HPnbmrVEC0Aoz2si9mlAiCfZmduqw99n,BR0isoSnDlgTmIqukAORkXTz6C9ABpEWp1Yw4Fx6,G97yzpX8HPnbmrVEC0Aoz2si9mlAiCfZmduqw99n,BR0isoSnDlgTmIqukAORkXTz6C9ABpEWp1Yw4Fx6
DboXcHUzjiTnEyfVzMA8hgefX2B7suIPftuPWSyq,nOgJEtffp9e3P1qN9pqUrIZB0WQ9VIdptmx5wtia,MOx9AM3J6rnEQQJCSsWfT7wdOetSni3OV0mrNgho,0tSt4SUsOj8fKBL2OwFTAz878S85snjiNnAx7n8z,MOx9AM3J6rnEQQJCSsWfT7wdOetSni3OV0mrNgho,0tSt4SUsOj8fKBL2OwFTAz878S85snjiNnAx7n8z
neo9uYRJVawyUm1nyXvQrJxwVqapvXp6gVg6kwxr,G97yzpX8HPnbmrVEC0Aoz2si9mlAiCfZmduqw99n,I9zyEumkNRxIzJ9lhMe24gjeuA05krtaF8GygUHD,hBG5vMBqkXoKVhe5nKFmfjAVyNoGHSr22VXcrkoN,I9zyEumkNRxIzJ9lhMe24gjeuA05krtaF8GygUHD,G97yzpX8HPnbmrVEC0Aoz2si9mlAiCfZmduqw99n
G97yzpX8HPnbmrVEC0Aoz2si9mlAiCfZmduqw99n,MOx9AM3J6rnEQQJCSsWfT7wdOetSni3OV0mrNgho,BR0isoSnDlgTmIqukAORkXTz6C9ABpEWp1Yw4Fx6,G0PLr6xT9E96wJTJXQDNB728J4rHnKFKya5jIcwT,BR0isoSnDlgTmIqukAORkXTz6C9ABpEWp1Yw4Fx6,MOx9AM3J6rnEQQJCSsWfT7wdOetSni3OV0mrNgho
MOx9AM3J6rnEQQJCSsWfT7wdOetSni3OV0mrNgho,I9zyEumkNRxIzJ9lhMe24gjeuA05krtaF8GygUHD,0tSt4SUsOj8fKBL2OwFTAz878S85snjiNnAx7n8z,G97yzpX8HPnbmrVEC0Aoz2si9mlAiCfZmduqw99n,0tSt4SUsOj8fKBL2OwFTAz878S85snjiNnAx7n8z,I9zyEumkNRxIzJ9lhMe24gjeuA05krtaF8GygUHD
I9zyEumkNRxIzJ9lhMe24gjeuA05krtaF8GygUHD,BR0isoSnDlgTmIqukAORkXTz6C9ABpEWp1Yw4Fx6,hBG5vMBqkXoKVhe5nKFmfjAVyNoGHSr22VXcrkoN,MOx9AM3J6rnEQQJCSsWfT7wdOetSni3OV0mrNgho,hBG5vMBqkXoKVhe5nKFmfjAVyNoGHSr22VXcrkoN,BR0isoSnDlgTmIqukAORkXTz6C9ABpEWp1Yw4Fx6
BR0isoSnDlgTmIqukAORkXTz6C9ABpEWp1Yw4Fx6,0tSt4SUsOj8fKBL2OwFTAz878S85snjiNnAx7n8z,G0PLr6xT9E96wJTJXQDNB728J4rHnKFKya5jIcwT,I9zyEumkNRxIzJ9lhMe24gjeuA05krtaF8GygUHD,G97yzpX8HPnbmrVEC0Aoz2si9mlAiCfZmduqw99n,0tSt4SUsOj8fKBL2OwFTAz878S85snjiNnAx7n8z
0tSt4SUsOj8fKBL2OwFTAz878S85snjiNnAx7n8z,hBG5vMBqkXoKVhe5nKFmfjAVyNoGHSr22VXcrkoN,DboXcHUzjiTnEyfVzMA8hgefX2B7suIPftuPWSyq,BR0isoSnDlgTmIqukAORkXTz6C9ABpEWp1Yw4Fx6,MOx9AM3J6rnEQQJCSsWfT7wdOetSni3OV0mrNgho,G97yzpX8HPnbmrVEC0Aoz2si9mlAiCfZmduqw99n
hBG5vMBqkXoKVhe5nKFmfjAVyNoGHSr22VXcrkoN,G0PLr6xT9E96wJTJXQDNB728J4rHnKFKya5jIcwT,G97yzpX8HPnbmrVEC0Aoz2si9mlAiCfZmduqw99n,0tSt4SUsOj8fKBL2OwFTAz878S85snjiNnAx7n8z,I9zyEumkNRxIzJ9lhMe24gjeuA05krtaF8GygUHD,MOx9AM3J6rnEQQJCSsWfT7wdOetSni3OV0mrNgho
G0PLr6xT9E96wJTJXQDNB728J4rHnKFKya5jIcwT,DboXcHUzjiTnEyfVzMA8hgefX2B7suIPftuPWSyq,MOx9AM3J6rnEQQJCSsWfT7wdOetSni3OV0mrNgho,hBG5vMBqkXoKVhe5nKFmfjAVyNoGHSr22VXcrkoN,BR0isoSnDlgTmIqukAORkXTz6C9ABpEWp1Yw4Fx6,I9zyEumkNRxIzJ9lhMe24gjeuA05krtaF8GygUHD
DboXcHUzjiTnEyfVzMA8hgefX2B7suIPftuPWSyq,neo9uYRJVawyUm1nyXvQrJxwVqapvXp6gVg6kwxr,I9zyEumkNRxIzJ9lhMe24gjeuA05krtaF8GygUHD,G0PLr6xT9E96wJTJXQDNB728J4rHnKFKya5jIcwT,0tSt4SUsOj8fKBL2OwFTAz878S85snjiNnAx7n8z,BR0isoSnDlgTmIqukAORkXTz6C9ABpEWp1Yw4Fx6
neo9uYRJVawyUm1nyXvQrJxwVqapvXp6gVg6kwxr,nOgJEtffp9e3P1qN9pqUrIZB0WQ9VIdptmx5wtia,BR0isoSnDlgTmIqukAORkXTz6C9ABpEWp1Yw4Fx6,G97yzpX8HPnbmrVEC0Aoz2si9mlAiCfZmduqw99n,hBG5vMBqkXoKVhe5nKFmfjAVyNoGHSr22VXcrkoN,0tSt4SUsOj8fKBL2OwFTAz878S85snjiNnAx7n8z
G97yzpX8HPnbmrVEC0Aoz2si9mlAiCfZmduqw99n,G97yzpX8HPnbmrVEC0Aoz2si9mlAiCfZmduqw99n,0tSt4SUsOj8fKBL2OwFTAz878S85snjiNnAx7n8z,MOx9AM3J6rnEQQJCSsWfT7wdOetSni3OV0mrNgho,G97yzpX8HPnbmrVEC0Aoz2si9mlAiCfZmduqw99n,G97yzpX8HPnbmrVEC0Aoz2si9mlAiCfZmduqw99n
MOx9AM3J6rnEQQJCSsWfT7wdOetSni3OV0mrNgho,MOx9AM3J6rnEQQJCSsWfT7wdOetSni3OV0mrNgho,hBG5vMBqkXoKVhe5nKFmfjAVyNoGHSr22VXcrkoN,I9zyEumkNRxIzJ9lhMe24gjeuA05krtaF8GygUHD,MOx9AM3J6rnEQQJCSsWfT7wdOetSni3OV0mrNgho,MOx9AM3J6rnEQQJCSsWfT7wdOetSni3OV0mrNgho
I9zyEumkNRxIzJ9lhMe24gjeuA05krtaF8GygUHD,I9zyEumkNRxIzJ9lhMe24gjeuA05krtaF8GygUHD,G0PLr6xT9E96wJTJXQDNB728J4rHnKFKya5jIcwT,BR0isoSnDlgTmIqukAORkXTz6C9ABpEWp1Yw4Fx6,I9zyEumkNRxIzJ9lhMe24gjeuA05krtaF8GygUHD,I9zyEumkNRxIzJ9lhMe24gjeuA05krtaF8GygUHD
BR0isoSnDlgTmIqukAORkXTz6C9ABpEWp1Yw4Fx6,BR0isoSnDlgTmIqukAORkXTz6C9ABpEWp1Yw4Fx6,DboXcHUzjiTnEyfVzMA8hgefX2B7suIPftuPWSyq,0tSt4SUsOj8fKBL2OwFTAz878S85snjiNnAx7n8z,BR0isoSnDlgTmIqukAORkXTz6C9ABpEWp1Yw4Fx6,BR0isoSnDlgTmIqukAORkXTz6C9ABpEWp1Yw4Fx6
0tSt4SUsOj8fKBL2OwFTAz878S85snjiNnAx7n8z,0tSt4SUsOj8fKBL2OwFTAz878S85snjiNnAx7n8z,G97yzpX8HPnbmrVEC0Aoz2si9mlAiCfZmduqw99n,hBG5vMBqkXoKVhe5nKFmfjAVyNoGHSr22VXcrkoN,0tSt4SUsOj8fKBL2OwFTAz878S85snjiNnAx7n8z,0tSt4SUsOj8fKBL2OwFTAz878S85snjiNnAx7n8z
hBG5vMBqkXoKVhe5nKFmfjAVyNoGHSr22VXcrkoN,hBG5vMBqkXoKVhe5nKFmfjAVyNoGHSr22VXcrkoN,MOx9AM3J6rnEQQJCSsWfT7wdOetSni3OV0mrNgho,G0PLr6xT9E96wJTJXQDNB728J4rHnKFKya5jIcwT,hBG5vMBqkXoKVhe5nKFmfjAVyNoGHSr22VXcrkoN,G97yzpX8HPnbmrVEC0Aoz2si9mlAiCfZmduqw99n
G0PLr6xT9E96wJTJXQDNB728J4rHnKFKya5jIcwT,G0PLr6xT9E96wJTJXQDNB728J4rHnKFKya5jIcwT,I9zyEumkNRxIzJ9lhMe24gjeuA05krtaF8GygUHD,G97yzpX8HPnbmrVEC0Aoz2si9mlAiCfZmduqw99n,G97yzpX8HPnbmrVEC0Aoz2si9mlAiCfZmduqw99n,MOx9AM3J6rnEQQJCSsWfT7wdOetSni3OV0mrNgho
DboXcHUzjiTnEyfVzMA8hgefX2B7suIPftuPWSyq,DboXcHUzjiTnEyfVzMA8hgefX2B7suIPftuPWSyq,BR0isoSnDlgTmIqukAORkXTz6C9ABpEWp1Yw4Fx6,MOx9AM3J6rnEQQJCSsWfT7wdOetSni3OV0mrNgho,MOx9AM3J6rnEQQJCSsWfT7wdOetSni3OV0mrNgho,I9zyEumkNRxIzJ9lhMe24gjeuA05krtaF8GygUHD
neo9uYRJVawyUm1nyXvQrJxwVqapvXp6gVg6kwxr,neo9uYRJVawyUm1nyXvQrJxwVqapvXp6gVg6kwxr,0tSt4SUsOj8fKBL2OwFTAz878S85snjiNnAx7n8z,I9zyEumkNRxIzJ9lhMe24gjeuA05krtaF8GygUHD,I9zyEumkNRxIzJ9lhMe24gjeuA05krtaF8GygUHD,BR0isoSnDlgTmIqukAORkXTz6C9ABpEWp1Yw4Fx6
G97yzpX8HPnbmrVEC0Aoz2si9mlAiCfZmduqw99n,nOgJEtffp9e3P1qN9pqUrIZB0WQ9VIdptmx5wtia,hBG5vMBqkXoKVhe5nKFmfjAVyNoGHSr22VXcrkoN,BR0isoSnDlgTmIqukAORkXTz6C9ABpEWp1Yw4Fx6,BR0isoSnDlgTmIqukAORkXTz6C9ABpEWp1Yw4Fx6,0tSt4SUsOj8fKBL2OwFTAz878S85snjiNnAx7n8z
MOx9AM3J6rnEQQJCSsWfT7wdOetSni3OV0mrNgho,G97yzpX8HPnbmrVEC0Aoz2si9mlAiCfZmduqw99n,G0PLr6xT9E96wJTJXQDNB728J4rHnKFKya5jIcwT,0tSt4SUsOj8fKBL2OwFTAz878S85snjiNnAx7n8z,0tSt4SUsOj8fKBL2OwFTAz878S85snjiNnAx7n8z,G97yzpX8HPnbmrVEC0Aoz2si9mlAiCfZmduqw99n
I9zyEumkNRxIzJ9lhMe24gjeuA05krtaF8GygUHD,MOx9AM3J6rnEQQJCSsWfT7wdOetSni3OV0mrNgho,DboXcHUzjiTnEyfVzMA8hgefX2B7suIPftuPWSyq,hBG5vMBqkXoKVhe5nKFmfjAVyNoGHSr22VXcrkoN,hBG5vMBqkXoKVhe5nKFmfjAVyNoGHSr22VXcrkoN,MOx9AM3J6rnEQQJCSsWfT7wdOetSni3OV0mrNgho
BR0isoSnDlgTmIqukAORkXTz6C9ABpEWp1Yw4Fx6,I9zyEumkNRxIzJ9lhMe24gjeuA05krtaF8GygUHD,G97yzpX8HPnbmrVEC0Aoz2si9mlAiCfZmduqw99n,G0PLr6xT9E96wJTJXQDNB728J4rHnKFKya5jIcwT,G97yzpX8HPnbmrVEC0Aoz2si9mlAiCfZmduqw99n,I9zyEumkNRxIzJ9lhMe24gjeuA05krtaF8GygUHD
0tSt4SUsOj8fKBL2OwFTAz878S85snjiNnAx7n8z,BR0isoSnDlgTmIqukAORkXTz6C9ABpEWp1Yw4Fx6,MOx9AM3J6rnEQQJCSsWfT7wdOetSni3OV0mrNgho,G97yzpX8HPnbmrVEC0Aoz2si9mlAiCfZmduqw99n,MOx9AM3J6rnEQQJCSsWfT7wdOetSni3OV0mrNgho,BR0isoSnDlgTmIqukAORkXTz6C9ABpEWp1Yw4Fx6
hBG5vMBqkXoKVhe5nKFmfjAVyNoGHSr22VXcrkoN,0tSt4SUsOj8fKBL2OwFTAz878S85snjiNnAx7n8z,I9zyEumkNRxIzJ9lhMe24gjeuA05krtaF8GygUHD,MOx9AM3J6rnEQQJCSsWfT7wdOetSni3OV0mrNgho,I9zyEumkNRxIzJ9lhMe24gjeuA05krtaF8GygUHD,0tSt4SUsOj8fKBL2OwFTAz878S85snjiNnAx7n8z
G0PLr6xT9E96wJTJXQDNB728J4rHnKFKya5jIcwT,hBG5vMBqkXoKVhe5nKFmfjAVyNoGHSr22VXcrkoN,BR0isoSnDlgTmIqukAORkXTz6C9ABpEWp1Yw4Fx6,I9zyEumkNRxIzJ9lhMe24gjeuA05krtaF8GygUHD,BR0isoSnDlgTmIqukAORkXTz6C9ABpEWp1Yw4Fx6,G97yzpX8HPnbmrVEC0Aoz2si9mlAiCfZmduqw99n
DboXcHUzjiTnEyfVzMA8hgefX2B7suIPftuPWSyq,G0PLr6xT9E96wJTJXQDNB728J4rHnKFKya5jIcwT,0tSt4SUsOj8fKBL2OwFTAz878S85snjiNnAx7n8z,BR0isoSnDlgTmIqukAORkXTz6C9ABpEWp1Yw4Fx6,0tSt4SUsOj8fKBL2OwFTAz878S85snjiNnAx7n8z,MOx9AM3J6rnEQQJCSsWfT7wdOetSni3OV0mrNgho
neo9uYRJVawyUm1nyXvQrJxwVqapvXp6gVg6kwxr,DboXcHUzjiTnEyfVzMA8hgefX2B7suIPftuPWSyq,hBG5vMBqkXoKVhe5nKFmfjAVyNoGHSr22VXcrkoN,0tSt4SUsOj8fKBL2OwFTAz878S85snjiNnAx7n8z,hBG5vMBqkXoKVhe5nKFmfjAVyNoGHSr22VXcrkoN,I9zyEumkNRxIzJ9lhMe24gjeuA05krtaF8GygUHD
G97yzpX8HPnbmrVEC0Aoz2si9mlAiCfZmduqw99n,neo9uYRJVawyUm1nyXvQrJxwVqapvXp6gVg6kwxr,G0PLr6xT9E96wJTJXQDNB728J4rHnKFKya5jIcwT,hBG5vMBqkXoKVhe5nKFmfjAVyNoGHSr22VXcrkoN,G97yzpX8HPnbmrVEC0Aoz2si9mlAiCfZmduqw99n,BR0isoSnDlgTmIqukAORkXTz6C9ABpEWp1Yw4Fx6
MOx9AM3J6rnEQQJCSsWfT7wdOetSni3OV0mrNgho,nOgJEtffp9e3P1qN9pqUrIZB0WQ9VIdptmx5wtia,DboXcHUzjiTnEyfVzMA8hgefX2B7suIPftuPWSyq,G0PLr6xT9E96wJTJXQDNB728J4rHnKFKya5jIcwT,MOx9AM3J6rnEQQJCSsWfT7wdOetSni3OV0mrNgho,0tSt4SUsOj8fKBL2OwFTAz878S85snjiNnAx7n8z
I9zyEumkNRxIzJ9lhMe24gjeuA05krtaF8GygUHD,G97yzpX8HPnbmrVEC0Aoz2si9mlAiCfZmduqw99n,G97yzpX8HPnbmrVEC0Aoz2si9mlAiCfZmduqw99n,G97yzpX8HPnbmrVEC0Aoz2si9mlAiCfZmduqw99n,I9zyEumkNRxIzJ9lhMe24gjeuA05krtaF8GygUHD,G97yzpX8HPnbmrVEC0Aoz2si9mlAiCfZmduqw99n
BR0isoSnDlgTmIqukAORkXTz6C9ABpEWp1Yw4Fx6,MOx9AM3J6rnEQQJCSsWfT7wdOetSni3OV0mrNgho,MOx9AM3J6rnEQQJCSsWfT7wdOetSni3OV0mrNgho,MOx9AM3J6rnEQQJCSsWfT7wdOetSni3OV0mrNgho,BR0isoSnDlgTmIqukAORkXTz6C9ABpEWp1Yw4Fx6,MOx9AM3J6rnEQQJCSsWfT7wdOetSni3OV0mrNgho
0tSt4SUsOj8fKBL2OwFTAz878S85snjiNnAx7n8z,I9zyEumkNRxIzJ9lhMe24gjeuA05krtaF8GygUHD,I9zyEumkNRxIzJ9lhMe24gjeuA05krtaF8GygUHD,I9zyEumkNRxIzJ9lhMe24gjeuA05krtaF8GygUHD,0tSt4SUsOj8fKBL2OwFTAz878S85snjiNnAx7n8z,I9zyEumkNRxIzJ9lhMe24gjeuA05krtaF8GygUHD
hBG5vMBqkXoKVhe5nKFmfjAVyNoGHSr22VXcrkoN,BR0isoSnDlgTmIqukAORkXTz6C9ABpEWp1Yw4Fx6,BR0isoSnDlgTmIqukAORkXTz6C9ABpEWp1Yw4Fx6,BR0isoSnDlgTmIqukAORkXTz6C9ABpEWp1Yw4Fx6,hBG5vMBqkXoKVhe5nKFmfjAVyNoGHSr22VXcrkoN,BR0isoSnDlgTmIqukAORkXTz6C9ABpEWp1Yw4Fx6
G0PLr6xT9E96wJTJXQDNB728J4rHnKFKya5jIcwT,0tSt4SUsOj8fKBL2OwFTAz878S85snjiNnAx7n8z,0tSt4SUsOj8fKBL2OwFTAz878S85snjiNnAx7n8z,0tSt4SUsOj8fKBL2OwFTAz878S85snjiNnAx7n8z,G97yzpX8HPnbmrVEC0Aoz2si9mlAiCfZmduqw99n,0tSt4SUsOj8fKBL2OwFTAz878S85snjiNnAx7n8z
DboXcHUzjiTnEyfVzMA8hgefX2B7suIPftuPWSyq,hBG5vMBqkXoKVhe5nKFmfjAVyNoGHSr22VXcrkoN,hBG5vMBqkXoKVhe5nKFmfjAVyNoGHSr22VXcrkoN,hBG5vMBqkXoKVhe5nKFmfjAVyNoGHSr22VXcrkoN,MOx9AM3J6rnEQQJCSsWfT7wdOetSni3OV0mrNgho,G97yzpX8HPnbmrVEC0Aoz2si9mlAiCfZmduqw99n
neo9uYRJVawyUm1nyXvQrJxwVqapvXp6gVg6kwxr,G0PLr6xT9E96wJTJXQDNB728J4rHnKFKya5jIcwT,G0PLr6xT9E96wJTJXQDNB728J4rHnKFKya5jIcwT,G0PLr6xT9E96wJTJXQDNB728J4rHnKFKya5jIcwT,I9zyEumkNRxIzJ9lhMe24gjeuA05krtaF8GygUHD,MOx9AM3J6rnEQQJCSsWfT7wdOetSni3OV0mrNgho
G97yzpX8HPnbmrVEC0Aoz2si9mlAiCfZmduqw99n,DboXcHUzjiTnEyfVzMA8hgefX2B7suIPftuPWSyq,DboXcHUzjiTnEyfVzMA8hgefX2B7suIPftuPWSyq,G97yzpX8HPnbmrVEC0Aoz2si9mlAiCfZmduqw99n,BR0isoSnDlgTmIqukAORkXTz6C9ABpEWp1Yw4Fx6,I9zyEumkNRxIzJ9lhMe24gjeuA05krtaF8GygUHD
MOx9AM3J6rnEQQJCSsWfT7wdOetSni3OV0mrNgho,neo9uYRJVawyUm1nyXvQrJxwVqapvXp6gVg6kwxr,G97yzpX8HPnbmrVEC0Aoz2si9mlAiCfZmduqw99n,MOx9AM3J6rnEQQJCSsWfT7wdOetSni3OV0mrNgho,0tSt4SUsOj8fKBL2OwFTAz878S85snjiNnAx7n8z,BR0isoSnDlgTmIqukAORkXTz6C9ABpEWp1Yw4Fx6
I9zyEumkNRxIzJ9lhMe24gjeuA05krtaF8GygUHD,nOgJEtffp9e3P1qN9pqUrIZB0WQ9VIdptmx5wtia,MOx9AM3J6rnEQQJCSsWfT7wdOetSni3OV0mrNgho,I9zyEumkNRxIzJ9lhMe24gjeuA05krtaF8GygUHD,hBG5vMBqkXoKVhe5nKFmfjAVyNoGHSr22VXcrkoN,0tSt4SUsOj8fKBL2OwFTAz878S85snjiNnAx7n8z
BR0isoSnDlgTmIqukAORkXTz6C9ABpEWp1Yw4Fx6,G97yzpX8HPnbmrVEC0Aoz2si9mlAiCfZmduqw99n,I9zyEumkNRxIzJ9lhMe24gjeuA05krtaF8GygUHD,BR0isoSnDlgTmIqukAORkXTz6C9ABpEWp1Yw4Fx6,G97yzpX8HPnbmrVEC0Aoz2si9mlAiCfZmduqw99n,G97yzpX8HPnbmrVEC0Aoz2si9mlAiCfZmduqw99n
0tSt4SUsOj8fKBL2OwFTAz878S85snjiNnAx7n8z,MOx9AM3J6rnEQQJCSsWfT7wdOetSni3OV0mrNgho,BR0isoSnDlgTmIqukAORkXTz6C9ABpEWp1Yw4Fx6,0tSt4SUsOj8fKBL2OwFTAz878S85snjiNnAx7n8z,MOx9AM3J6rnEQQJCSsWfT7wdOetSni3OV0mrNgho,MOx9AM3J6rnEQQJCSsWfT7wdOetSni3OV0mrNgho
hBG5vMBqkXoKVhe5nKFmfjAVyNoGHSr22VXcrkoN,I9zyEumkNRxIzJ9lhMe24gjeuA05krtaF8GygUHD,0tSt4SUsOj8fKBL2OwFTAz878S85snjiNnAx7n8z,hBG5vMBqkXoKVhe5nKFmfjAVyNoGHSr22VXcrkoN,I9zyEumkNRxIzJ9lhMe24gjeuA05krtaF8GygUHD,I9zyEumkNRxIzJ9lhMe24gjeuA05krtaF8GygUHD
G0PLr6xT9E96wJTJXQDNB728J4rHnKFKya5jIcwT,BR0isoSnDlgTmIqukAORkXTz6C9ABpEWp1Yw4Fx6,hBG5vMBqkXoKVhe5nKFmfjAVyNoGHSr22VXcrkoN,G0PLr6xT9E96wJTJXQDNB728J4rHnKFKya5jIcwT,BR0isoSnDlgTmIqukAORkXTz6C9ABpEWp1Yw4Fx6,BR0isoSnDlgTmIqukAORkXTz6C9ABpEWp1Yw4Fx6
DboXcHUzjiTnEyfVzMA8hgefX2B7suIPftuPWSyq,0tSt4SUsOj8fKBL2OwFTAz878S85snjiNnAx7n8z,G0PLr6xT9E96wJTJXQDNB728J4rHnKFKya5jIcwT,G97yzpX8HPnbmrVEC0Aoz2si9mlAiCfZmduqw99n,0tSt4SUsOj8fKBL2OwFTAz878S85snjiNnAx7n8z,0tSt4SUsOj8fKBL2OwFTAz878S85snjiNnAx7n8z
neo9uYRJVawyUm1nyXvQrJxwVqapvXp6gVg6kwxr,hBG5vMBqkXoKVhe5nKFmfjAVyNoGHSr22VXcrkoN,DboXcHUzjiTnEyfVzMA8hgefX2B7suIPftuPWSyq,MOx9AM3J6rnEQQJCSsWfT7wdOetSni3OV0mrNgho,hBG5vMBqkXoKVhe5nKFmfjAVyNoGHSr22VXcrkoN,G97yzpX8HPnbmrVEC0Aoz2si9mlAiCfZmduqw99n
G97yzpX8HPnbmrVEC0Aoz2si9mlAiCfZmduqw99n,G0PLr6xT9E96wJTJXQDNB728J4rHnKFKya5jIcwT,G97yzpX8HPnbmrVEC0Aoz2si9mlAiCfZmduqw99n,I9zyEumkNRxIzJ9lhMe24gjeuA05krtaF8GygUHD,G97yzpX8HPnbmrVEC0Aoz2si9mlAiCfZmduqw99n,MOx9AM3J6rnEQQJCSsWfT7wdOetSni3OV0mrNgho
MOx9AM3J6rnEQQJCSsWfT7wdOetSni3OV0mrNgho,DboXcHUzjiTnEyfVzMA8hgefX2B7suIPftuPWSyq,MOx9AM3J6rnEQQJCSsWfT7wdOetSni3OV0mrNgho,BR0isoSnDlgTmIqukAORkXTz6C9ABpEWp1Yw4Fx6,MOx9AM3J6rnEQQJCSsWfT7wdOetSni3OV0mrNgho,I9zyEumkNRxIzJ9lhMe24gjeuA05krtaF8GygUHD
I9zyEumkNRxIzJ9lhMe24gjeuA05krtaF8GygUHD,neo9uYRJVawyUm1nyXvQrJxwVqapvXp6gVg6kwxr,I9zyEumkNRxIzJ9lhMe24gjeuA05krtaF8GygUHD,0tSt4SUsOj8fKBL2OwFTAz878S85snjiNnAx7n8z,I9zyEumkNRxIzJ9lhMe24gjeuA05krtaF8GygUHD,BR0isoSnDlgTmIqukAORkXTz6C9ABpEWp1Yw4Fx6
BR0isoSnDlgTmIqukAORkXTz6C9ABpEWp1Yw4Fx6,nOgJEtffp9e3P1qN9pqUrIZB0WQ9VIdptmx5wtia,BR0isoSnDlgTmIqukAORkXTz6C9ABpEWp1Yw4Fx6,hBG5vMBqkXoKVhe5nKFmfjAVyNoGHSr22VXcrkoN,BR0isoSnDlgTmIqukAORkXTz6C9ABpEWp1Yw4Fx6,0tSt4SUsOj8fKBL2OwFTAz878S85snjiNnAx7n8z
0tSt4SUsOj8fKBL2OwFTAz878S85snjiNnAx7n8z,G97yzpX8HPnbmrVEC0Aoz2si9mlAiCfZmduqw99n,0tSt4SUsOj8fKBL2OwFTAz878S85snjiNnAx7n8z,G0PLr6xT9E96wJTJXQDNB728J4rHnKFKya5jIcwT,0tSt4SUsOj8fKBL2OwFTAz878S85snjiNnAx7n8z,G97yzpX8HPnbmrVEC0Aoz2si9mlAiCfZmduqw99n
hBG5vMBqkXoKVhe5nKFmfjAVyNoGHSr22VXcrkoN,MOx9AM3J6rnEQQJCSsWfT7wdOetSni3OV0mrNgho,hBG5vMBqkXoKVhe5nKFmfjAVyNoGHSr22VXcrkoN,G97yzpX8HPnbmrVEC0Aoz2si9mlAiCfZmduqw99n,hBG5vMBqkXoKVhe5nKFmfjAVyNoGHSr22VXcrkoN,MOx9AM3J6rnEQQJCSsWfT7wdOetSni3OV0mrNgho
G0PLr6xT9E96wJTJXQDNB728J4rHnKFKya5jIcwT,I9zyEumkNRxIzJ9lhMe24gjeuA05krtaF8GygUHD,G0PLr6xT9E96wJTJXQDNB728J4rHnKFKya5jIcwT,MOx9AM3J6rnEQQJCSsWfT7wdOetSni3OV0mrNgho,G97yzpX8HPnbmrVEC0Aoz2si9mlAiCfZmduqw99n,I9zyEumkNRxIzJ9lhMe24gjeuA05krtaF8GygUHD
DboXcHUzjiTnEyfVzMA8hgefX2B7suIPftuPWSyq,BR0isoSnDlgTmIqukAORkXTz6C9ABpEWp1Yw4Fx6,DboXcHUzjiTnEyfVzMA8hgefX2B7suIPftuPWSyq,I9zyEumkNRxIzJ9lhMe24gjeuA05krtaF8GygUHD,MOx9AM3J6rnEQQJCSsWfT7wdOetSni3OV0mrNgho,BR0isoSnDlgTmIqukAORkXTz6C9ABpEWp1Yw4Fx6
neo9uYRJVawyUm1nyXvQrJxwVqapvXp6gVg6kwxr,0tSt4SUsOj8fKBL2OwFTAz878S85snjiNnAx7n8z,G97yzpX8HPnbmrVEC0Aoz2si9mlAiCfZmduqw99n,BR0isoSnDlgTmIqukAORkXTz6C9ABpEWp1Yw4Fx6,I9zyEumkNRxIzJ9lhMe24gjeuA05krtaF8GygUHD,0tSt4SUsOj8fKBL2OwFTAz878S85snjiNnAx7n8z
G97yzpX8HPnbmrVEC0Aoz2si9mlAiCfZmduqw99n,hBG5vMBqkXoKVhe5nKFmfjAVyNoGHSr22VXcrkoN,MOx9AM3J6rnEQQJCSsWfT7wdOetSni3OV0mrNgho,0tSt4SUsOj8fKBL2OwFTAz878S85snjiNnAx7n8z,BR0isoSnDlgTmIqukAORkXTz6C9ABpEWp1Yw4Fx6,G97yzpX8HPnbmrVEC0Aoz2si9mlAiCfZmduqw99n
MOx9AM3J6rnEQQJCSsWfT7wdOetSni3OV0mrNgho,G0PLr6xT9E96wJTJXQDNB728J4rHnKFKya5jIcwT,I9zyEumkNRxIzJ9lhMe24gjeuA05krtaF8GygUHD,hBG5vMBqkXoKVhe5nKFmfjAVyNoGHSr22VXcrkoN,0tSt4SUsOj8fKBL2OwFTAz878S85snjiNnAx7n8z,MOx9AM3J6rnEQQJCSsWfT7wdOetSni3OV0mrNgho
I9zyEumkNRxIzJ9lhMe24gjeuA05krtaF8GygUHD,DboXcHUzjiTnEyfVzMA8hgefX2B7suIPftuPWSyq,BR0isoSnDlgTmIqukAORkXTz6C9ABpEWp1Yw4Fx6,G0PLr6xT9E96wJTJXQDNB728J4rHnKFKya5jIcwT,hBG5vMBqkXoKVhe5nKFmfjAVyNoGHSr22VXcrkoN,I9zyEumkNRxIzJ9lhMe24gjeuA05krtaF8GygUHD
BR0isoSnDlgTmIqukAORkXTz6C9ABpEWp1Yw4Fx6,neo9uYRJVawyUm1nyXvQrJxwVqapvXp6gVg6kwxr,0tSt4SUsOj8fKBL2OwFTAz878S85snjiNnAx7n8z,G97yzpX8HPnbmrVEC0Aoz2si9mlAiCfZmduqw99n,G97yzpX8HPnbmrVEC0Aoz2si9mlAiCfZmduqw99n,BR0isoSnDlgTmIqukAORkXTz6C9ABpEWp1Yw4Fx6
0tSt4SUsOj8fKBL2OwFTAz878S85snjiNnAx7n8z,nOgJEtffp9e3P1qN9pqUrIZB0WQ9VIdptmx5wtia,hBG5vMBqkXoKVhe5nKFmfjAVyNoGHSr22VXcrkoN,MOx9AM3J6rnEQQJCSsWfT7wdOetSni3OV0mrNgho,MOx9AM3J6rnEQQJCSsWfT7wdOetSni3OV0mrNgho,0tSt4SUsOj8fKBL2OwFTAz878S85snjiNnAx7n8z
hBG5vMBqkXoKVhe5nKFmfjAVyNoGHSr22VXcrkoN,G97yzpX8HPnbmrVEC0Aoz2si9mlAiCfZmduqw99n,G0PLr6xT9E96wJTJXQDNB728J4rHnKFKya5jIcwT,I9zyEumkNRxIzJ9lhMe24gjeuA05krtaF8GygUHD,I9zyEumkNRxIzJ9lhMe24gjeuA05krtaF8GygUHD,G97yzpX8HPnbmrVEC0Aoz2si9mlAiCfZmduqw99n
G0PLr6xT9E96wJTJXQDNB728J4rHnKFKya5jIcwT,MOx9AM3J6rnEQQJCSsWfT7wdOetSni3OV0mrNgho,DboXcHUzjiTnEyfVzMA8hgefX2B7suIPftuPWSyq,BR0isoSnDlgTmIqukAORkXTz6C9ABpEWp1Yw4Fx6,BR0isoSnDlgTmIqukAORkXTz6C9ABpEWp1Yw4Fx6,MOx9AM3J6rnEQQJCSsWfT7wdOetSni3OV0mrNgho
DboXcHUzjiTnEyfVzMA8hgefX2B7suIPftuPWSyq,I9zyEumkNRxIzJ9lhMe24gjeuA05krtaF8GygUHD,G97yzpX8HPnbmrVEC0Aoz2si9mlAiCfZmduqw99n,0tSt4SUsOj8fKBL2OwFTAz878S85snjiNnAx7n8z,0tSt4SUsOj8fKBL2OwFTAz878S85snjiNnAx7n8z,I9zyEumkNRxIzJ9lhMe24gjeuA05krtaF8GygUHD
neo9uYRJVawyUm1nyXvQrJxwVqapvXp6gVg6kwxr,BR0isoSnDlgTmIqukAORkXTz6C9ABpEWp1Yw4Fx6,MOx9AM3J6rnEQQJCSsWfT7wdOetSni3OV0mrNgho,hBG5vMBqkXoKVhe5nKFmfjAVyNoGHSr22VXcrkoN,hBG5vMBqkXoKVhe5nKFmfjAVyNoGHSr22VXcrkoN,BR0isoSnDlgTmIqukAORkXTz6C9ABpEWp1Yw4Fx6
G97yzpX8HPnbmrVEC0Aoz2si9mlAiCfZmduqw99n,0tSt4SUsOj8fKBL2OwFTAz878S85snjiNnAx7n8z,I9zyEumkNRxIzJ9lhMe24gjeuA05krtaF8GygUHD,G0PLr6xT9E96wJTJXQDNB728J4rHnKFKya5jIcwT,G97yzpX8HPnbmrVEC0Aoz2si9mlAiCfZmduqw99n,0tSt4SUsOj8fKBL2OwFTAz878S85snjiNnAx7n8z
MOx9AM3J6rnEQQJCSsWfT7wdOetSni3OV0mrNgho,hBG5vMBqkXoKVhe5nKFmfjAVyNoGHSr22VXcrkoN,BR0isoSnDlgTmIqukAORkXTz6C9ABpEWp1Yw4Fx6,G97yzpX8HPnbmrVEC0Aoz2si9mlAiCfZmduqw99n,MOx9AM3J6rnEQQJCSsWfT7wdOetSni3OV0mrNgho,G97yzpX8HPnbmrVEC0Aoz2si9mlAiCfZmduqw99n
I9zyEumkNRxIzJ9lhMe24gjeuA05krtaF8GygUHD,G0PLr6xT9E96wJTJXQDNB728J4rHnKFKya5jIcwT,0tSt4SUsOj8fKBL2OwFTAz878S85snjiNnAx7n8z,MOx9AM3J6rnEQQJCSsWfT7wdOetSni3OV0mrNgho,I9zyEumkNRxIzJ9lhMe24gjeuA05krtaF8GygUHD,MOx9AM3J6rnEQQJCSsWfT7wdOetSni3OV0mrNgho
BR0isoSnDlgTmIqukAORkXTz6C9ABpEWp1Yw4Fx6,DboXcHUzjiTnEyfVzMA8hgefX2B7suIPftuPWSyq,hBG5vMBqkXoKVhe5nKFmfjAVyNoGHSr22VXcrkoN,I9zyEumkNRxIzJ9lhMe24gjeuA05krtaF8GygUHD,BR0isoSnDlgTmIqukAORkXTz6C9ABpEWp1Yw4Fx6,I9zyEumkNRxIzJ9lhMe24gjeuA05krtaF8GygUHD
0tSt4SUsOj8fKBL2OwFTAz878S85snjiNnAx7n8z,neo9uYRJVawyUm1nyXvQrJxwVqapvXp6gVg6kwxr,G0PLr6xT9E96wJTJXQDNB728J4rHnKFKya5jIcwT,BR0isoSnDlgTmIqukAORkXTz6C9ABpEWp1Yw4Fx6,0tSt4SUsOj8fKBL2OwFTAz878S85snjiNnAx7n8z,BR0isoSnDlgTmIqukAORkXTz6C9ABpEWp1Yw4Fx6
hBG5vMBqkXoKVhe5nKFmfjAVyNoGHSr22VXcrkoN,nOgJEtffp9e3P1qN9pqUrIZB0WQ9VIdptmx5wtia,DboXcHUzjiTnEyfVzMA8hgefX2B7suIPftuPWSyq,0tSt4SUsOj8fKBL2OwFTAz878S85snjiNnAx7n8z,hBG5vMBqkXoKVhe5nKFmfjAVyNoGHSr22VXcrkoN,0tSt4SUsOj8fKBL2OwFTAz878S85snjiNnAx7n8z
G0PLr6xT9E96wJTJXQDNB728J4rHnKFKya5jIcwT,G97yzpX8HPnbmrVEC0Aoz2si9mlAiCfZmduqw99n,G97yzpX8HPnbmrVEC0Aoz2si9mlAiCfZmduqw99n,hBG5vMBqkXoKVhe5nKFmfjAVyNoGHSr22VXcrkoN,G97yzpX8HPnbmrVEC0Aoz2si9mlAiCfZmduqw99n,G97yzpX8HPnbmrVEC0Aoz2si9mlAiCfZmduqw99n
DboXcHUzjiTnEyfVzMA8hgefX2B7suIPftuPWSyq,MOx9AM3J6rnEQQJCSsWfT7wdOetSni3OV0mrNgho,MOx9AM3J6rnEQQJCSsWfT7wdOetSni3OV0mrNgho,G0PLr6xT9E96wJTJXQDNB728J4rHnKFKya5jIcwT,MOx9AM3J6rnEQQJCSsWfT7wdOetSni3OV0mrNgho,MOx9AM3J6rnEQQJCSsWfT7wdOetSni3OV0mrNgho
neo9uYRJVawyUm1nyXvQrJxwVqapvXp6gVg6kwxr,I9zyEumkNRxIzJ9lhMe24gjeuA05krtaF8GygUHD,I9zyEumkNRxIzJ9lhMe24gjeuA05krtaF8GygUHD,G97yzpX8HPnbmrVEC0Aoz2si9mlAiCfZmduqw99n,I9zyEumkNRxIzJ9lhMe24gjeuA05krtaF8GygUHD,I9zyEumkNRxIzJ9lhMe24gjeuA05krtaF8GygUHD
G97yzpX8HPnbmrVEC0Aoz2si9mlAiCfZmduqw99n,BR0isoSnDlgTmIqukAORkXTz6C9ABpEWp1Yw4Fx6,BR0isoSnDlgTmIqukAORkXTz6C9ABpEWp1Yw4Fx6,MOx9AM3J6rnEQQJCSsWfT7wdOetSni3OV0mrNgho,BR0isoSnDlgTmIqukAORkXTz6C9ABpEWp1Yw4Fx6,BR0isoSnDlgTmIqukAORkXTz6C9ABpEWp1Yw4Fx6
MOx9AM3J6rnEQQJCSsWfT7wdOetSni3OV0mrNgho,0tSt4SUsOj8fKBL2OwFTAz878S85snjiNnAx7n8z,0tSt4SUsOj8fKBL2OwFTAz878S85snjiNnAx7n8z,I9zyEumkNRxIzJ9lhMe24gjeuA05krtaF8GygUHD,0tSt4SUsOj8fKBL2OwFTAz878S85snjiNnAx7n8z,0tSt4SUsOj8fKBL2OwFTAz878S85snjiNnAx7n8z
I9zyEumkNRxIzJ9lhMe24gjeuA05krtaF8GygUHD,hBG5vMBqkXoKVhe5nKFmfjAVyNoGHSr22VXcrkoN,hBG5vMBqkXoKVhe5nKFmfjAVyNoGHSr22VXcrkoN,BR0isoSnDlgTmIqukAORkXTz6C9ABpEWp1Yw4Fx6,hBG5vMBqkXoKVhe5nKFmfjAVyNoGHSr22VXcrkoN,G97yzpX8HPnbmrVEC0Aoz2si9mlAiCfZmduqw99n
BR0isoSnDlgTmIqukAORkXTz6C9ABpEWp1Yw4Fx6,G0PLr6xT9E96wJTJXQDNB728J4rHnKFKya5jIcwT,G0PLr6xT9E96wJTJXQDNB728J4rHnKFKya5jIcwT,0tSt4SUsOj8fKBL2OwFTAz878S85snjiNnAx7n8z,G97yzpX8HPnbmrVEC0Aoz2si9mlAiCfZmduqw99n,MOx9AM3J6rnEQQJCSsWfT7wdOetSni3OV0mrNgho
0tSt4SUsOj8fKBL2OwFTAz878S85snjiNnAx7n8z,DboXcHUzjiTnEyfVzMA8hgefX2B7suIPftuPWSyq,DboXcHUzjiTnEyfVzMA8hgefX2B7suIPftuPWSyq,hBG5vMBqkXoKVhe5nKFmfjAVyNoGHSr22VXcrkoN,MOx9AM3J6rnEQQJCSsWfT7wdOetSni3OV0mrNgho,I9zyEumkNRxIzJ9lhMe24gjeuA05krtaF8GygUHD
hBG5vMBqkXoKVhe5nKFmfjAVyNoGHSr22VXcrkoN,neo9uYRJVawyUm1nyXvQrJxwVqapvXp6gVg6kwxr,G97yzpX8HPnbmrVEC0Aoz2si9mlAiCfZmduqw99n,G0PLr6xT9E96wJTJXQDNB728J4rHnKFKya5jIcwT,I9zyEumkNRxIzJ9lhMe24gjeuA05krtaF8GygUHD,BR0isoSnDlgTmIqukAORkXTz6C9ABpEWp1Yw4Fx6
G0PLr6xT9E96wJTJXQDNB728J4rHnKFKya5jIcwT,nOgJEtffp9e3P1qN9pqUrIZB0WQ9VIdptmx5wtia,MOx9AM3J6rnEQQJCSsWfT7wdOetSni3OV0mrNgho,G97yzpX8HPnbmrVEC0Aoz2si9mlAiCfZmduqw99n,BR0isoSnDlgTmIqukAORkXTz6C9ABpEWp1Yw4Fx6,0tSt4SUsOj8fKBL2OwFTAz878S85snjiNnAx7n8z
DboXcHUzjiTnEyfVzMA8hgefX2B7suIPftuPWSyq,G97yzpX8HPnbmrVEC0Aoz2si9mlAiCfZmduqw99n,I9zyEumkNRxIzJ9lhMe24gjeuA05krtaF8GygUHD,MOx9AM3J6rnEQQJCSsWfT7wdOetSni3OV0mrNgho,0tSt4SUsOj8fKBL2OwFTAz878S85snjiNnAx7n8z,G97yzpX8HPnbmrVEC0Aoz2si9mlAiCfZmduqw99n
neo9uYRJVawyUm1nyXvQrJxwVqapvXp6gVg6kwxr,MOx9AM3J6rnEQQJCSsWfT7wdOetSni3OV0mrNgho,BR0isoSnDlgTmIqukAORkXTz6C9ABpEWp1Yw4Fx6,I9zyEumkNRxIzJ9lhMe24gjeuA05krtaF8GygUHD,hBG5vMBqkXoKVhe5nKFmfjAVyNoGHSr22VXcrkoN,MOx9AM3J6rnEQQJCSsWfT7wdOetSni3OV0mrNgho
G97yzpX8HPnbmrVEC0Aoz2si9mlAiCfZmduqw99n,I9zyEumkNRxIzJ9lhMe24gjeuA05krtaF8GygUHD,0tSt4SUsOj8fKBL2OwFTAz878S85snjiNnAx7n8z,BR0isoSnDlgTmIqukAORkXTz6C9ABpEWp1Yw4Fx6,G97yzpX8HPnbmrVEC0Aoz2si9mlAiCfZmduqw99n,I9zyEumkNRxIzJ9lhMe24gjeuA05krtaF8GygUHD
MOx9AM3J6rnEQQJCSsWfT7wdOetSni3OV0mrNgho,BR0isoSnDlgTmIqukAORkXTz6C9ABpEWp1Yw4Fx6,hBG5vMBqkXoKVhe5nKFmfjAVyNoGHSr22VXcrkoN,0tSt4SUsOj8fKBL2OwFTAz878S85snjiNnAx7n8z,MOx9AM3J6rnEQQJCSsWfT7wdOetSni3OV0mrNgho,BR0isoSnDlgTmIqukAORkXTz6C9ABpEWp1Yw4Fx6
I9zyEumkNRxIzJ9lhMe24gjeuA05krtaF8GygUHD,0tSt4SUsOj8fKBL2OwFTAz878S85snjiNnAx7n8z,G0PLr6xT9E96wJTJXQDNB728J4rHnKFKya5jIcwT,hBG5vMBqkXoKVhe5nKFmfjAVyNoGHSr22VXcrkoN,I9zyEumkNRxIzJ9lhMe24gjeuA05krtaF8GygUHD,0tSt4SUsOj8fKBL2OwFTAz878S85snjiNnAx7n8z
BR0isoSnDlgTmIqukAORkXTz6C9ABpEWp1Yw4Fx6,hBG5vMBqkXoKVhe5nKFmfjAVyNoGHSr22VXcrkoN,DboXcHUzjiTnEyfVzMA8hgefX2B7suIPftuPWSyq,G0PLr6xT9E96wJTJXQDNB728J4rHnKFKya5jIcwT,BR0isoSnDlgTmIqukAORkXTz6C9ABpEWp1Yw4Fx6,G97yzpX8HPnbmrVEC0Aoz2si9mlAiCfZmduqw99n
0tSt4SUsOj8fKBL2OwFTAz878S85snjiNnAx7n8z,G0PLr6xT9E96wJTJXQDNB728J4rHnKFKya5jIcwT,G97yzpX8HPnbmrVEC0Aoz2si9mlAiCfZmduqw99n,G97yzpX8HPnbmrVEC0Aoz2si9mlAiCfZmduqw99n,0tSt4SUsOj8fKBL2OwFTAz878S85snjiNnAx7n8z,MOx9AM3J6rnEQQJCSsWfT7wdOetSni3OV0mrNgho
hBG5vMBqkXoKVhe5nKFmfjAVyNoGHSr22VXcrkoN,DboXcHUzjiTnEyfVzMA8hgefX2B7suIPftuPWSyq,MOx9AM3J6rnEQQJCSsWfT7wdOetSni3OV0mrNgho,MOx9AM3J6rnEQQJCSsWfT7wdOetSni3OV0mrNgho,hBG5vMBqkXoKVhe5nKFmfjAVyNoGHSr22VXcrkoN,I9zyEumkNRxIzJ9lhMe24gjeuA05krtaF8GygUHD
G0PLr6xT9E96wJTJXQDNB728J4rHnKFKya5jIcwT,neo9uYRJVawyUm1nyXvQrJxwVqapvXp6gVg6kwxr,I9zyEumkNRxIzJ9lhMe24gjeuA05krtaF8GygUHD,I9zyEumkNRxIzJ9lhMe24gjeuA05krtaF8GygUHD,G97yzpX8HPnbmrVEC0Aoz2si9mlAiCfZmduqw99n,BR0isoSnDlgTmIqukAORkXTz6C9ABpEWp1Yw4Fx6
DboXcHUzjiTnEyfVzMA8hgefX2B7suIPftuPWSyq,nOgJEtffp9e3P1qN9pqUrIZB0WQ9VIdptmx5wtia,BR0isoSnDlgTmIqukAORkXTz6C9ABpEWp1Yw4Fx6,BR0isoSnDlgTmIqukAORkXTz6C9ABpEWp1Yw4Fx6,MOx9AM3J6rnEQQJCSsWfT7wdOetSni3OV0mrNgho,0tSt4SUsOj8fKBL2OwFTAz878S85snjiNnAx7n8z
neo9uYRJVawyUm1nyXvQrJxwVqapvXp6gVg6kwxr,G97yzpX8HPnbmrVEC0Aoz2si9mlAiCfZmduqw99n,0tSt4SUsOj8fKBL2OwFTAz878S85snjiNnAx7n8z,0tSt4SUsOj8fKBL2OwFTAz878S85snjiNnAx7n8z,I9zyEumkNRxIzJ9lhMe24gjeuA05krtaF8GygUHD,G97yzpX8HPnbmrVEC0Aoz2si9mlAiCfZmduqw99n
G97yzpX8HPnbmrVEC0Aoz2si9mlAiCfZmduqw99n,MOx9AM3J6rnEQQJCSsWfT7wdOetSni3OV0mrNgho,hBG5vMBqkXoKVhe5nKFmfjAVyNoGHSr22VXcrkoN,hBG5vMBqkXoKVhe5nKFmfjAVyNoGHSr22VXcrkoN,BR0isoSnDlgTmIqukAORkXTz6C9ABpEWp1Yw4Fx6,MOx9AM3J6rnEQQJCSsWfT7wdOetSni3OV0mrNgho
MOx9AM3J6rnEQQJCSsWfT7wdOetSni3OV0mrNgho,I9zyEumkNRxIzJ9lhMe24gjeuA05krtaF8GygUHD,G0PLr6xT9E96wJTJXQDNB728J4rHnKFKya5jIcwT,G0PLr6xT9E96wJTJXQDNB728J4rHnKFKya5jIcwT,0tSt4SUsOj8fKBL2OwFTAz878S85snjiNnAx7n8z,I9zyEumkNRxIzJ9lhMe24gjeuA05krtaF8GygUHD
I9zyEumkNRxIzJ9lhMe24gjeuA05krtaF8GygUHD,BR0isoSnDlgTmIqukAORkXTz6C9ABpEWp1Yw4Fx6,DboXcHUzjiTnEyfVzMA8hgefX2B7suIPftuPWSyq,G97yzpX8HPnbmrVEC0Aoz2si9mlAiCfZmduqw99n,hBG5vMBqkXoKVhe5nKFmfjAVyNoGHSr22VXcrkoN,BR0isoSnDlgTmIqukAORkXTz6C9ABpEWp1Yw4Fx6
BR0isoSnDlgTmIqukAORkXTz6C9ABpEWp1Yw4Fx6,0tSt4SUsOj8fKBL2OwFTAz878S85snjiNnAx7n8z,G97yzpX8HPnbmrVEC0Aoz2si9mlAiCfZmduqw99n,MOx9AM3J6rnEQQJCSsWfT7wdOetSni3OV0mrNgho,G97yzpX8HPnbmrVEC0Aoz2si9mlAiCfZmduqw99n,0tSt4SUsOj8fKBL2OwFTAz878S85snjiNnAx7n8z
0tSt4SUsOj8fKBL2OwFTAz878S85snjiNnAx7n8z,hBG5vMBqkXoKVhe5nKFmfjAVyNoGHSr22VXcrkoN,MOx9AM3J6rnEQQJCSsWfT7wdOetSni3OV0mrNgho,I9zyEumkNRxIzJ9lhMe24gjeuA05krtaF8GygUHD,MOx9AM3J6rnEQQJCSsWfT7wdOetSni3OV0mrNgho,G97yzpX8HPnbmrVEC0Aoz2si9mlAiCfZmduqw99n
hBG5vMBqkXoKVhe5nKFmfjAVyNoGHSr22VXcrkoN,G0PLr6xT9E96wJTJXQDNB728J4rHnKFKya5jIcwT,I9zyEumkNRxIzJ9lhMe24gjeuA05krtaF8GygUHD,BR0isoSnDlgTmIqukAORkXTz6C9ABpEWp1Yw4Fx6,I9zyEumkNRxIzJ9lhMe24gjeuA05krtaF8GygUHD,MOx9AM3J6rnEQQJCSsWfT7wdOetSni3OV0mrNgho
G0PLr6xT9E96wJTJXQDNB728J4rHnKFKya5jIcwT,DboXcHUzjiTnEyfVzMA8hgefX2B7suIPftuPWSyq,BR0isoSnDlgTmIqukAORkXTz6C9ABpEWp1Yw4Fx6,0tSt4SUsOj8fKBL2OwFTAz878S85snjiNnAx7n8z,BR0isoSnDlgTmIqukAORkXTz6C9ABpEWp1Yw4Fx6,I9zyEumkNRxIzJ9lhMe24gjeuA05krtaF8GygUHD
DboXcHUzjiTnEyfVzMA8hgefX2B7suIPftuPWSyq,neo9uYRJVawyUm1nyXvQrJxwVqapvXp6gVg6kwxr,0tSt4SUsOj8fKBL2OwFTAz878S85snjiNnAx7n8z,hBG5vMBqkXoKVhe5nKFmfjAVyNoGHSr22VXcrkoN,0tSt4SUsOj8fKBL2OwFTAz878S85snjiNnAx7n8z,BR0isoSnDlgTmIqukAORkXTz6C9ABpEWp1Yw4Fx6
neo9uYRJVawyUm1nyXvQrJxwVqapvXp6gVg6kwxr,nOgJEtffp9e3P1qN9pqUrIZB0WQ9VIdptmx5wtia,hBG5vMBqkXoKVhe5nKFmfjAVyNoGHSr22VXcrkoN,G0PLr6xT9E96wJTJXQDNB728J4rHnKFKya5jIcwT,hBG5vMBqkXoKVhe5nKFmfjAVyNoGHSr22VXcrkoN,0tSt4SUsOj8fKBL2OwFTAz878S85snjiNnAx7n8z
G97yzpX8HPnbmrVEC0Aoz2si9mlAiCfZmduqw99n,G97yzpX8HPnbmrVEC0Aoz2si9mlAiCfZmduqw99n,G0PLr6xT9E96wJTJXQDNB728J4rHnKFKya5jIcwT,G97yzpX8HPnbmrVEC0Aoz2si9mlAiCfZmduqw99n,G97yzpX8HPnbmrVEC0Aoz2si9mlAiCfZmduqw99n,G97yzpX8HPnbmrVEC0Aoz2si9mlAiCfZmduqw99n
MOx9AM3J6rnEQQJCSsWfT7wdOetSni3OV0mrNgho,MOx9AM3J6rnEQQJCSsWfT7wdOetSni3OV0mrNgho,DboXcHUzjiTnEyfVzMA8hgefX2B7suIPftuPWSyq,MOx9AM3J6rnEQQJCSsWfT7wdOetSni3OV0mrNgho,MOx9AM3J6rnEQQJCSsWfT7wdOetSni3OV0mrNgho,MOx9AM3J6rnEQQJCSsWfT7wdOetSni3OV0mrNgho
I9zyEumkNRxIzJ9lhMe24gjeuA05krtaF8GygUHD,I9zyEumkNRxIzJ9lhMe24gjeuA05krtaF8GygUHD,G97yzpX8HPnbmrVEC0Aoz2si9mlAiCfZmduqw99n,I9zyEumkNRxIzJ9lhMe24gjeuA05krtaF8GygUHD,I9zyEumkNRxIzJ9lhMe24gjeuA05krtaF8GygUHD,I9zyEumkNRxIzJ9lhMe24gjeuA05krtaF8GygUHD
BR0isoSnDlgTmIqukAORkXTz6C9ABpEWp1Yw4Fx6,BR0isoSnDlgTmIqukAORkXTz6C9ABpEWp1Yw4Fx6,MOx9AM3J6rnEQQJCSsWfT7wdOetSni3OV0mrNgho,BR0isoSnDlgTmIqukAORkXTz6C9ABpEWp1Yw4Fx6,BR0isoSnDlgTmIqukAORkXTz6C9ABpEWp1Yw4Fx6,BR0isoSnDlgTmIqukAORkXTz6C9ABpEWp1Yw4Fx6
0tSt4SUsOj8fKBL2OwFTAz878S85snjiNnAx7n8z,0tSt4SUsOj8fKBL2OwFTAz878S85snjiNnAx7n8z,I9zyEumkNRxIzJ9lhMe24gjeuA05krtaF8GygUHD,0tSt4SUsOj8fKBL2OwFTAz878S85snjiNnAx7n8z,0tSt4SUsOj8fKBL2OwFTAz878S85snjiNnAx7n8z,0tSt4SUsOj8fKBL2OwFTAz878S85snjiNnAx7n8z
hBG5vMBqkXoKVhe5nKFmfjAVyNoGHSr22VXcrkoN,hBG5vMBqkXoKVhe5nKFmfjAVyNoGHSr22VXcrkoN,BR0isoSnDlgTmIqukAORkXTz6C9ABpEWp1Yw4Fx6,hBG5vMBqkXoKVhe5nKFmfjAVyNoGHSr22VXcrkoN,hBG5vMBqkXoKVhe5nKFmfjAVyNoGHSr22VXcrkoN,G97yzpX8HPnbmrVEC0Aoz2si9mlAiCfZmduqw99n
G0PLr6xT9E96wJTJXQDNB728J4rHnKFKya5jIcwT,G0PLr6xT9E96wJTJXQDNB728J4rHnKFKya5jIcwT,0tSt4SUsOj8fKBL2OwFTAz878S85snjiNnAx7n8z,G0PLr6xT9E96wJTJXQDNB728J4rHnKFKya5jIcwT,G97yzpX8HPnbmrVEC0Aoz2si9mlAiCfZmduqw99n,MOx9AM3J6rnEQQJCSsWfT7wdOetSni3OV0mrNgho
DboXcHUzjiTnEyfVzMA8hgefX2B7suIPftuPWSyq,DboXcHUzjiTnEyfVzMA8hgefX2B7suIPftuPWSyq,hBG5vMBqkXoKVhe5nKFmfjAVyNoGHSr22VXcrkoN,G97yzpX8HPnbmrVEC0Aoz2si9mlAiCfZmduqw99n,MOx9AM3J6rnEQQJCSsWfT7wdOetSni3OV0mrNgho,I9zyEumkNRxIzJ9lhMe24gjeuA05krtaF8GygUHD
neo9uYRJVawyUm1nyXvQrJxwVqapvXp6gVg6kwxr,neo9uYRJVawyUm1nyXvQrJxwVqapvXp6gVg6kwxr,G0PLr6xT9E96wJTJXQDNB728J4rHnKFKya5jIcwT,MOx9AM3J6rnEQQJCSsWfT7wdOetSni3OV0mrNgho,I9zyEumkNRxIzJ9lhMe24gjeuA05krtaF8GygUHD,BR0isoSnDlgTmIqukAORkXTz6C9ABpEWp1Yw4Fx6
G97yzpX8HPnbmrVEC0Aoz2si9mlAiCfZmduqw99n,nOgJEtffp9e3P1qN9pqUrIZB0WQ9VIdptmx5wtia,DboXcHUzjiTnEyfVzMA8hgefX2B7suIPftuPWSyq,I9zyEumkNRxIzJ9lhMe24gjeuA05krtaF8GygUHD,BR0isoSnDlgTmIqukAORkXTz6C9ABpEWp1Yw4Fx6,0tSt4SUsOj8fKBL2OwFTAz878S85snjiNnAx7n8z
MOx9AM3J6rnEQQJCSsWfT7wdOetSni3OV0mrNgho,G97yzpX8HPnbmrVEC0Aoz2si9mlAiCfZmduqw99n,G97yzpX8HPnbmrVEC0Aoz2si9mlAiCfZmduqw99n,BR0isoSnDlgTmIqukAORkXTz6C9ABpEWp1Yw4Fx6,0tSt4SUsOj8fKBL2OwFTAz878S85snjiNnAx7n8z,G97yzpX8HPnbmrVEC0Aoz2si9mlAiCfZmduqw99n
I9zyEumkNRxIzJ9lhMe24gjeuA05krtaF8GygUHD,MOx9AM3J6rnEQQJCSsWfT7wdOetSni3OV0mrNgho,MOx9AM3J6rnEQQJCSsWfT7wdOetSni3OV0mrNgho,0tSt4SUsOj8fKBL2OwFTAz878S85snjiNnAx7n8z,hBG5vMBqkXoKVhe5nKFmfjAVyNoGHSr22VXcrkoN,MOx9AM3J6rnEQQJCSsWfT7wdOetSni3OV0mrNgho
BR0isoSnDlgTmIqukAORkXTz6C9ABpEWp1Yw4Fx6,I9zyEumkNRxIzJ9lhMe24gjeuA05krtaF8GygUHD,I9zyEumkNRxIzJ9lhMe24gjeuA05krtaF8GygUHD,hBG5vMBqkXoKVhe5nKFmfjAVyNoGHSr22VXcrkoN,G97yzpX8HPnbmrVEC0Aoz2si9mlAiCfZmduqw99n,I9zyEumkNRxIzJ9lhMe24gjeuA05krtaF8GygUHD
0tSt4SUsOj8fKBL2OwFTAz878S85snjiNnAx7n8z,BR0isoSnDlgTmIqukAORkXTz6C9ABpEWp1Yw4Fx6,BR0isoSnDlgTmIqukAORkXTz6C9ABpEWp1Yw4Fx6,G0PLr6xT9E96wJTJXQDNB728J4rHnKFKya5jIcwT,MOx9AM3J6rnEQQJCSsWfT7wdOetSni3OV0mrNgho,BR0isoSnDlgTmIqukAORkXTz6C9ABpEWp1Yw4Fx6
hBG5vMBqkXoKVhe5nKFmfjAVyNoGHSr22VXcrkoN,0tSt4SUsOj8fKBL2OwFTAz878S85snjiNnAx7n8z,0tSt4SUsOj8fKBL2OwFTAz878S85snjiNnAx7n8z,G97yzpX8HPnbmrVEC0Aoz2si9mlAiCfZmduqw99n,I9zyEumkNRxIzJ9lhMe24gjeuA05krtaF8GygUHD,0tSt4SUsOj8fKBL2OwFTAz878S85snjiNnAx7n8z
G0PLr6xT9E96wJTJXQDNB728J4rHnKFKya5jIcwT,hBG5vMBqkXoKVhe5nKFmfjAVyNoGHSr22VXcrkoN,hBG5vMBqkXoKVhe5nKFmfjAVyNoGHSr22VXcrkoN,MOx9AM3J6rnEQQJCSsWfT7wdOetSni3OV0mrNgho,BR0isoSnDlgTmIqukAORkXTz6C9ABpEWp1Yw4Fx6,G97yzpX8HPnbmrVEC0Aoz2si9mlAiCfZmduqw99n
DboXcHUzjiTnEyfVzMA8hgefX2B7suIPftuPWSyq,G0PLr6xT9E96wJTJXQDNB728J4rHnKFKya5jIcwT,G0PLr6xT9E96wJTJXQDNB728J4rHnKFKya5jIcwT,I9zyEumkNRxIzJ9lhMe24gjeuA05krtaF8GygUHD,0tSt4SUsOj8fKBL2OwFTAz878S85snjiNnAx7n8z,MOx9AM3J6rnEQQJCSsWfT7wdOetSni3OV0mrNgho
neo9uYRJVawyUm1nyXvQrJxwVqapvXp6gVg6kwxr,DboXcHUzjiTnEyfVzMA8hgefX2B7suIPftuPWSyq,DboXcHUzjiTnEyfVzMA8hgefX2B7suIPftuPWSyq,BR0isoSnDlgTmIqukAORkXTz6C9ABpEWp1Yw4Fx6,hBG5vMBqkXoKVhe5nKFmfjAVyNoGHSr22VXcrkoN,I9zyEumkNRxIzJ9lhMe24gjeuA05krtaF8GygUHD
G97yzpX8HPnbmrVEC0Aoz2si9mlAiCfZmduqw99n,neo9uYRJVawyUm1nyXvQrJxwVqapvXp6gVg6kwxr,G97yzpX8HPnbmrVEC0Aoz2si9mlAiCfZmduqw99n,0tSt4SUsOj8fKBL2OwFTAz878S85snjiNnAx7n8z,G97yzpX8HPnbmrVEC0Aoz2si9mlAiCfZmduqw99n,BR0isoSnDlgTmIqukAORkXTz6C9ABpEWp1Yw4Fx6
MOx9AM3J6rnEQQJCSsWfT7wdOetSni3OV0mrNgho,nOgJEtffp9e3P1qN9pqUrIZB0WQ9VIdptmx5wtia,MOx9AM3J6rnEQQJCSsWfT7wdOetSni3OV0mrNgho,hBG5vMBqkXoKVhe5nKFmfjAVyNoGHSr22VXcrkoN,MOx9AM3J6rnEQQJCSsWfT7wdOetSni3OV0mrNgho,0tSt4SUsOj8fKBL2OwFTAz878S85snjiNnAx7n8z
I9zyEumkNRxIzJ9lhMe24gjeuA05krtaF8GygUHD,G97yzpX8HPnbmrVEC0Aoz2si9mlAiCfZmduqw99n,I9zyEumkNRxIzJ9lhMe24gjeuA05krtaF8GygUHD,G0PLr6xT9E96wJTJXQDNB728J4rHnKFKya5jIcwT,I9zyEumkNRxIzJ9lhMe24gjeuA05krtaF8GygUHD,G97yzpX8HPnbmrVEC0Aoz2si9mlAiCfZmduqw99n
BR0isoSnDlgTmIqukAORkXTz6C9ABpEWp1Yw4Fx6,MOx9AM3J6rnEQQJCSsWfT7wdOetSni3OV0mrNgho,BR0isoSnDlgTmIqukAORkXTz6C9ABpEWp1Yw4Fx6,G97yzpX8HPnbmrVEC0Aoz2si9mlAiCfZmduqw99n,BR0isoSnDlgTmIqukAORkXTz6C9ABpEWp1Yw4Fx6,MOx9AM3J6rnEQQJCSsWfT7wdOetSni3OV0mrNgho
0tSt4SUsOj8fKBL2OwFTAz878S85snjiNnAx7n8z,I9zyEumkNRxIzJ9lhMe24gjeuA05krtaF8GygUHD,0tSt4SUsOj8fKBL2OwFTAz878S85snjiNnAx7n8z,MOx9AM3J6rnEQQJCSsWfT7wdOetSni3OV0mrNgho,0tSt4SUsOj8fKBL2OwFTAz878S85snjiNnAx7n8z,I9zyEumkNRxIzJ9lhMe24gjeuA05krtaF8GygUHD
hBG5vMBqkXoKVhe5nKFmfjAVyNoGHSr22VXcrkoN,BR0isoSnDlgTmIqukAORkXTz6C9ABpEWp1Yw4Fx6,hBG5vMBqkXoKVhe5nKFmfjAVyNoGHSr22VXcrkoN,I9zyEumkNRxIzJ9lhMe24gjeuA05krtaF8GygUHD,hBG5vMBqkXoKVhe5nKFmfjAVyNoGHSr22VXcrkoN,BR0isoSnDlgTmIqukAORkXTz6C9ABpEWp1Yw4Fx6
G0PLr6xT9E96wJTJXQDNB728J4rHnKFKya5jIcwT,0tSt4SUsOj8fKBL2OwFTAz878S85snjiNnAx7n8z,G0PLr6xT9E96wJTJXQDNB728J4rHnKFKya5jIcwT,BR0isoSnDlgTmIqukAORkXTz6C9ABpEWp1Yw4Fx6,G97yzpX8HPnbmrVEC0Aoz2si9mlAiCfZmduqw99n,0tSt4SUsOj8fKBL2OwFTAz878S85snjiNnAx7n8z
DboXcHUzjiTnEyfVzMA8hgefX2B7suIPftuPWSyq,hBG5vMBqkXoKVhe5nKFmfjAVyNoGHSr22VXcrkoN,DboXcHUzjiTnEyfVzMA8hgefX2B7suIPftuPWSyq,0tSt4SUsOj8fKBL2OwFTAz878S85snjiNnAx7n8z,MOx9AM3J6rnEQQJCSsWfT7wdOetSni3OV0mrNgho,G97yzpX8HPnbmrVEC0Aoz2si9mlAiCfZmduqw99n
neo9uYRJVawyUm1nyXvQrJxwVqapvXp6gVg6kwxr,G0PLr6xT9E96wJTJXQDNB728J4rHnKFKya5jIcwT,G97yzpX8HPnbmrVEC0Aoz2si9mlAiCfZmduqw99n,hBG5vMBqkXoKVhe5nKFmfjAVyNoGHSr22VXcrkoN,I9zyEumkNRxIzJ9lhMe24gjeuA05krtaF8GygUHD,MOx9AM3J6rnEQQJCSsWfT7wdOetSni3OV0mrNgho
G97yzpX8HPnbmrVEC0Aoz2si9mlAiCfZmduqw99n,DboXcHUzjiTnEyfVzMA8hgefX2B7suIPftuPWSyq,MOx9AM3J6rnEQQJCSsWfT7wdOetSni3OV0mrNgho,G0PLr6xT9E96wJTJXQDNB728J4rHnKFKya5jIcwT,BR0isoSnDlgTmIqukAORkXTz6C9ABpEWp1Yw4Fx6,I9zyEumkNRxIzJ9lhMe24gjeuA05krtaF8GygUHD
MOx9AM3J6rnEQQJCSsWfT7wdOetSni3OV0mrNgho,neo9uYRJVawyUm1nyXvQrJxwVqapvXp6gVg6kwxr,I9zyEumkNRxIzJ9lhMe24gjeuA05krtaF8GygUHD,G97yzpX8HPnbmrVEC0Aoz2si9mlAiCfZmduqw99n,0tSt4SUsOj8fKBL2OwFTAz878S85snjiNnAx7n8z,BR0isoSnDlgTmIqukAORkXTz6C9ABpEWp1Yw4Fx6
I9zyEumkNRxIzJ9lhMe24gjeuA05krtaF8GygUHD,nOgJEtffp9e3P1qN9pqUrIZB0WQ9VIdptmx5wtia,BR0isoSnDlgTmIqukAORkXTz6C9ABpEWp1Yw4Fx6,MOx9AM3J6rnEQQJCSsWfT7wdOetSni3OV0mrNgho,hBG5vMBqkXoKVhe5nKFmfjAVyNoGHSr22VXcrkoN,0tSt4SUsOj8fKBL2OwFTAz878S85snjiNnAx7n8z
BR0isoSnDlgTmIqukAORkXTz6C9ABpEWp1Yw4Fx6,G97yzpX8HPnbmrVEC0Aoz2si9mlAiCfZmduqw99n,0tSt4SUsOj8fKBL2OwFTAz878S85snjiNnAx7n8z,I9zyEumkNRxIzJ9lhMe24gjeuA05krtaF8GygUHD,G97yzpX8HPnbmrVEC0Aoz2si9mlAiCfZmduqw99n,G97yzpX8HPnbmrVEC0Aoz2si9mlAiCfZmduqw99n
0tSt4SUsOj8fKBL2OwFTAz878S85snjiNnAx7n8z,MOx9AM3J6rnEQQJCSsWfT7wdOetSni3OV0mrNgho,hBG5vMBqkXoKVhe5nKFmfjAVyNoGHSr22VXcrkoN,BR0isoSnDlgTmIqukAORkXTz6C9ABpEWp1Yw4Fx6,MOx9AM3J6rnEQQJCSsWfT7wdOetSni3OV0mrNgho,MOx9AM3J6rnEQQJCSsWfT7wdOetSni3OV0mrNgho
hBG5vMBqkXoKVhe5nKFmfjAVyNoGHSr22VXcrkoN,I9zyEumkNRxIzJ9lhMe24gjeuA05krtaF8GygUHD,G0PLr6xT9E96wJTJXQDNB728J4rHnKFKya5jIcwT,0tSt4SUsOj8fKBL2OwFTAz878S85snjiNnAx7n8z,I9zyEumkNRxIzJ9lhMe24gjeuA05krtaF8GygUHD,I9zyEumkNRxIzJ9lhMe24gjeuA05krtaF8GygUHD
G0PLr6xT9E96wJTJXQDNB728J4rHnKFKya5jIcwT,BR0isoSnDlgTmIqukAORkXTz6C9ABpEWp1Yw4Fx6,DboXcHUzjiTnEyfVzMA8hgefX2B7suIPftuPWSyq,hBG5vMBqkXoKVhe5nKFmfjAVyNoGHSr22VXcrkoN,BR0isoSnDlgTmIqukAORkXTz6C9ABpEWp1Yw4Fx6,BR0isoSnDlgTmIqukAORkXTz6C9ABpEWp1Yw4Fx6
DboXcHUzjiTnEyfVzMA8hgefX2B7suIPftuPWSyq,0tSt4SUsOj8fKBL2OwFTAz878S85snjiNnAx7n8z,G97yzpX8HPnbmrVEC0Aoz2si9mlAiCfZmduqw99n,G0PLr6xT9E96wJTJXQDNB728J4rHnKFKya5jIcwT,0tSt4SUsOj8fKBL2OwFTAz878S85snjiNnAx7n8z,0tSt4SUsOj8fKBL2OwFTAz878S85snjiNnAx7n8z
neo9uYRJVawyUm1nyXvQrJxwVqapvXp6gVg6kwxr,hBG5vMBqkXoKVhe5nKFmfjAVyNoGHSr22VXcrkoN,MOx9AM3J6rnEQQJCSsWfT7wdOetSni3OV0mrNgho,G97yzpX8HPnbmrVEC0Aoz2si9mlAiCfZmduqw99n,hBG5vMBqkXoKVhe5nKFmfjAVyNoGHSr22VXcrkoN,G97yzpX8HPnbmrVEC0Aoz2si9mlAiCfZmduqw99n
G97yzpX8HPnbmrVEC0Aoz2si9mlAiCfZmduqw99n,G0PLr6xT9E96wJTJXQDNB728J4rHnKFKya5jIcwT,I9zyEumkNRxIzJ9lhMe24gjeuA05krtaF8GygUHD,MOx9AM3J6rnEQQJCSsWfT7wdOetSni3OV0mrNgho,G97yzpX8HPnbmrVEC0Aoz2si9mlAiCfZmduqw99n,MOx9AM3J6rnEQQJCSsWfT7wdOetSni3OV0mrNgho
MOx9AM3J6rnEQQJCSsWfT7wdOetSni3OV0mrNgho,DboXcHUzjiTnEyfVzMA8hgefX2B7suIPftuPWSyq,BR0isoSnDlgTmIqukAORkXTz6C9ABpEWp1Yw4Fx6,I9zyEumkNRxIzJ9lhMe24gjeuA05krtaF8GygUHD,MOx9AM3J6rnEQQJCSsWfT7wdOetSni3OV0mrNgho,I9zyEumkNRxIzJ9lhMe24gjeuA05krtaF8GygUHD
I9zyEumkNRxIzJ9lhMe24gjeuA05krtaF8GygUHD,neo9uYRJVawyUm1nyXvQrJxwVqapvXp6gVg6kwxr,0tSt4SUsOj8fKBL2OwFTAz878S85snjiNnAx7n8z,BR0isoSnDlgTmIqukAORkXTz6C9ABpEWp1Yw4Fx6,I9zyEumkNRxIzJ9lhMe24gjeuA05krtaF8GygUHD,BR0isoSnDlgTmIqukAORkXTz6C9ABpEWp1Yw4Fx6
BR0isoSnDlgTmIqukAORkXTz6C9ABpEWp1Yw4Fx6,nOgJEtffp9e3P1qN9pqUrIZB0WQ9VIdptmx5wtia,hBG5vMBqkXoKVhe5nKFmfjAVyNoGHSr22VXcrkoN,0tSt4SUsOj8fKBL2OwFTAz878S85snjiNnAx7n8z,BR0isoSnDlgTmIqukAORkXTz6C9ABpEWp1Yw4Fx6,0tSt4SUsOj8fKBL2OwFTAz878S85snjiNnAx7n8z
0tSt4SUsOj8fKBL2OwFTAz878S85snjiNnAx7n8z,G97yzpX8HPnbmrVEC0Aoz2si9mlAiCfZmduqw99n,G0PLr6xT9E96wJTJXQDNB728J4rHnKFKya5jIcwT,hBG5vMBqkXoKVhe5nKFmfjAVyNoGHSr22VXcrkoN,0tSt4SUsOj8fKBL2OwFTAz878S85snjiNnAx7n8z,G97yzpX8HPnbmrVEC0Aoz2si9mlAiCfZmduqw99n
hBG5vMBqkXoKVhe5nKFmfjAVyNoGHSr22VXcrkoN,MOx9AM3J6rnEQQJCSsWfT7wdOetSni3OV0mrNgho,DboXcHUzjiTnEyfVzMA8hgefX2B7suIPftuPWSyq,G0PLr6xT9E96wJTJXQDNB728J4rHnKFKya5jIcwT,hBG5vMBqkXoKVhe5nKFmfjAVyNoGHSr22VXcrkoN,MOx9AM3J6rnEQQJCSsWfT7wdOetSni3OV0mrNgho
G0PLr6xT9E96wJTJXQDNB728J4rHnKFKya5jIcwT,I9zyEumkNRxIzJ9lhMe24gjeuA05krtaF8GygUHD,G97yzpX8HPnbmrVEC0Aoz2si9mlAiCfZmduqw99n,G97yzpX8HPnbmrVEC0Aoz2si9mlAiCfZmduqw99n,G97yzpX8HPnbmrVEC0Aoz2si9mlAiCfZmduqw99n,I9zyEumkNRxIzJ9lhMe24gjeuA05krtaF8GygUHD
DboXcHUzjiTnEyfVzMA8hgefX2B7suIPftuPWSyq,BR0isoSnDlgTmIqukAORkXTz6C9ABpEWp1Yw4Fx6,MOx9AM3J6rnEQQJCSsWfT7wdOetSni3OV0mrNgho,MOx9AM3J6rnEQQJCSsWfT7wdOetSni3OV0mrNgho,MOx9AM3J6rnEQQJCSsWfT7wdOetSni3OV0mrNgho,BR0isoSnDlgTmIqukAORkXTz6C9ABpEWp1Yw4Fx6
neo9uYRJVawyUm1nyXvQrJxwVqapvXp6gVg6kwxr,0tSt4SUsOj8fKBL2OwFTAz878S85snjiNnAx7n8z,I9zyEumkNRxIzJ9lhMe24gjeuA05krtaF8GygUHD,I9zyEumkNRxIzJ9lhMe24gjeuA05krtaF8GygUHD,I9zyEumkNRxIzJ9lhMe24gjeuA05krtaF8GygUHD,0tSt4SUsOj8fKBL2OwFTAz878S85snjiNnAx7n8z
G97yzpX8HPnbmrVEC0Aoz2si9mlAiCfZmduqw99n,hBG5vMBqkXoKVhe5nKFmfjAVyNoGHSr22VXcrkoN,BR0isoSnDlgTmIqukAORkXTz6C9ABpEWp1Yw4Fx6,BR0isoSnDlgTmIqukAORkXTz6C9ABpEWp1Yw4Fx6,BR0isoSnDlgTmIqukAORkXTz6C9ABpEWp1Yw4Fx6,G97yzpX8HPnbmrVEC0Aoz2si9mlAiCfZmduqw99n
MOx9AM3J6rnEQQJCSsWfT7wdOetSni3OV0mrNgho,G0PLr6xT9E96wJTJXQDNB728J4rHnKFKya5jIcwT,0tSt4SUsOj8fKBL2OwFTAz878S85snjiNnAx7n8z,0tSt4SUsOj8fKBL2OwFTAz878S85snjiNnAx7n8z,0tSt4SUsOj8fKBL2OwFTAz878S85snjiNnAx7n8z,MOx9AM3J6rnEQQJCSsWfT7wdOetSni3OV0mrNgho
I9zyEumkNRxIzJ9lhMe24gjeuA05krtaF8GygUHD,DboXcHUzjiTnEyfVzMA8hgefX2B7suIPftuPWSyq,hBG5vMBqkXoKVhe5nKFmfjAVyNoGHSr22VXcrkoN,hBG5vMBqkXoKVhe5nKFmfjAVyNoGHSr22VXcrkoN,hBG5vMBqkXoKVhe5nKFmfjAVyNoGHSr22VXcrkoN,I9zyEumkNRxIzJ9lhMe24gjeuA05krtaF8GygUHD
BR0isoSnDlgTmIqukAORkXTz6C9ABpEWp1Yw4Fx6,neo9uYRJVawyUm1nyXvQrJxwVqapvXp6gVg6kwxr,G0PLr6xT9E96wJTJXQDNB728J4rHnKFKya5jIcwT,G0PLr6xT9E96wJTJXQDNB728J4rHnKFKya5jIcwT,G97yzpX8HPnbmrVEC0Aoz2si9mlAiCfZmduqw99n,BR0isoSnDlgTmIqukAORkXTz6C9ABpEWp1Yw4Fx6
0tSt4SUsOj8fKBL2OwFTAz878S85snjiNnAx7n8z,nOgJEtffp9e3P1qN9pqUrIZB0WQ9VIdptmx5wtia,DboXcHUzjiTnEyfVzMA8hgefX2B7suIPftuPWSyq,G97yzpX8HPnbmrVEC0Aoz2si9mlAiCfZmduqw99n,MOx9AM3J6rnEQQJCSsWfT7wdOetSni3OV0mrNgho,0tSt4SUsOj8fKBL2OwFTAz878S85snjiNnAx7n8z
hBG5vMBqkXoKVhe5nKFmfjAVyNoGHSr22VXcrkoN,G97yzpX8HPnbmrVEC0Aoz2si9mlAiCfZmduqw99n,G97yzpX8HPnbmrVEC0Aoz2si9mlAiCfZmduqw99n,MOx9AM3J6rnEQQJCSsWfT7wdOetSni3OV0mrNgho,I9zyEumkNRxIzJ9lhMe24gjeuA05krtaF8GygUHD,G97yzpX8HPnbmrVEC0Aoz2si9mlAiCfZmduqw99n
G0PLr6xT9E96wJTJXQDNB728J4rHnKFKya5jIcwT,MOx9AM3J6rnEQQJCSsWfT7wdOetSni3OV0mrNgho,MOx9AM3J6rnEQQJCSsWfT7wdOetSni3OV0mrNgho,I9zyEumkNRxIzJ9lhMe24gjeuA05krtaF8GygUHD,BR0isoSnDlgTmIqukAORkXTz6C9ABpEWp1Yw4Fx6,MOx9AM3J6rnEQQJCSsWfT7wdOetSni3OV0mrNgho
DboXcHUzjiTnEyfVzMA8hgefX2B7suIPftuPWSyq,I9zyEumkNRxIzJ9lhMe24gjeuA05krtaF8GygUHD,I9zyEumkNRxIzJ9lhMe24gjeuA05krtaF8GygUHD,BR0isoSnDlgTmIqukAORkXTz6C9ABpEWp1Yw4Fx6,0tSt4SUsOj8fKBL2OwFTAz878S85snjiNnAx7n8z,I9zyEumkNRxIzJ9lhMe24gjeuA05krtaF8GygUHD
neo9uYRJVawyUm1nyXvQrJxwVqapvXp6gVg6kwxr,BR0isoSnDlgTmIqukAORkXTz6C9ABpEWp1Yw4Fx6,BR0isoSnDlgTmIqukAORkXTz6C9ABpEWp1Yw4Fx6,0tSt4SUsOj8fKBL2OwFTAz878S85snjiNnAx7n8z,hBG5vMBqkXoKVhe5nKFmfjAVyNoGHSr22VXcrkoN,BR0isoSnDlgTmIqukAORkXTz6C9ABpEWp1Yw4Fx6
G97yzpX8HPnbmrVEC0Aoz2si9mlAiCfZmduqw99n,0tSt4SUsOj8fKBL2OwFTAz878S85snjiNnAx7n8z,0tSt4SUsOj8fKBL2OwFTAz878S85snjiNnAx7n8z,hBG5vMBqkXoKVhe5nKFmfjAVyNoGHSr22VXcrkoN,G97yzpX8HPnbmrVEC0Aoz2si9mlAiCfZmduqw99n,0tSt4SUsOj8fKBL2OwFTAz878S85snjiNnAx7n8z
MOx9AM3J6rnEQQJCSsWfT7wdOetSni3OV0mrNgho,hBG5vMBqkXoKVhe5nKFmfjAVyNoGHSr22VXcrkoN,hBG5vMBqkXoKVhe5nKFmfjAVyNoGHSr22VXcrkoN,G0PLr6xT9E96wJTJXQDNB728J4rHnKFKya5jIcwT,MOx9AM3J6rnEQQJCSsWfT7wdOetSni3OV0mrNgho,G97yzpX8HPnbmrVEC0Aoz2si9mlAiCfZmduqw99n
I9zyEumkNRxIzJ9lhMe24gjeuA05krtaF8GygUHD,G0PLr6xT9E96wJTJXQDNB728J4rHnKFKya5jIcwT,G0PLr6xT9E96wJTJXQDNB728J4rHnKFKya5jIcwT,G97yzpX8HPnbmrVEC0Aoz2si9mlAiCfZmduqw99n,I9zyEumkNRxIzJ9lhMe24gjeuA05krtaF8GygUHD,MOx9AM3J6rnEQQJCSsWfT7wdOetSni3OV0mrNgho
BR0isoSnDlgTmIqukAORkXTz6C9ABpEWp1Yw4Fx6,DboXcHUzjiTnEyfVzMA8hgefX2B7suIPftuPWSyq,DboXcHUzjiTnEyfVzMA8hgefX2B7suIPftuPWSyq,MOx9AM3J6rnEQQJCSsWfT7wdOetSni3OV0mrNgho,BR0isoSnDlgTmIqukAORkXTz6C9ABpEWp1Yw4Fx6,I9zyEumkNRxIzJ9lhMe24gjeuA05krtaF8GygUHD
0tSt4SUsOj8fKBL2OwFTAz878S85snjiNnAx7n8z,neo9uYRJVawyUm1nyXvQrJxwVqapvXp6gVg6kwxr,G97yzpX8HPnbmrVEC0Aoz2si9mlAiCfZmduqw99n,I9zyEumkNRxIzJ9lhMe24gjeuA05krtaF8GygUHD,0tSt4SUsOj8fKBL2OwFTAz878S85snjiNnAx7n8z,BR0isoSnDlgTmIqukAORkXTz6C9ABpEWp1Yw4Fx6
hBG5vMBqkXoKVhe5nKFmfjAVyNoGHSr22VXcrkoN,nOgJEtffp9e3P1qN9pqUrIZB0WQ9VIdptmx5wtia,MOx9AM3J6rnEQQJCSsWfT7wdOetSni3OV0mrNgho,BR0isoSnDlgTmIqukAORkXTz6C9ABpEWp1Yw4Fx6,hBG5vMBqkXoKVhe5nKFmfjAVyNoGHSr22VXcrkoN,0tSt4SUsOj8fKBL2OwFTAz878S85snjiNnAx7n8z
G0PLr6xT9E96wJTJXQDNB728J4rHnKFKya5jIcwT,G97yzpX8HPnbmrVEC0Aoz2si9mlAiCfZmduqw99n,I9zyEumkNRxIzJ9lhMe24gjeuA05krtaF8GygUHD,0tSt4SUsOj8fKBL2OwFTAz878S85snjiNnAx7n8z,G97yzpX8HPnbmrVEC0Aoz2si9mlAiCfZmduqw99n,G97yzpX8HPnbmrVEC0Aoz2si9mlAiCfZmduqw99n
DboXcHUzjiTnEyfVzMA8hgefX2B7suIPftuPWSyq,MOx9AM3J6rnEQQJCSsWfT7wdOetSni3OV0mrNgho,BR0isoSnDlgTmIqukAORkXTz6C9ABpEWp1Yw4Fx6,hBG5vMBqkXoKVhe5nKFmfjAVyNoGHSr22VXcrkoN,MOx9AM3J6rnEQQJCSsWfT7wdOetSni3OV0mrNgho,MOx9AM3J6rnEQQJCSsWfT7wdOetSni3OV0mrNgho
neo9uYRJVawyUm1nyXvQrJxwVqapvXp6gVg6kwxr,I9zyEumkNRxIzJ9lhMe24gjeuA05krtaF8GygUHD,0tSt4SUsOj8fKBL2OwFTAz878S85snjiNnAx7n8z,G0PLr6xT9E96wJTJXQDNB728J4rHnKFKya5jIcwT,I9zyEumkNRxIzJ9lhMe24gjeuA05krtaF8GygUHD,I9zyEumkNRxIzJ9lhMe24gjeuA05krtaF8GygUHD
G97yzpX8HPnbmrVEC0Aoz2si9mlAiCfZmduqw99n,BR0isoSnDlgTmIqukAORkXTz6C9ABpEWp1Yw4Fx6,hBG5vMBqkXoKVhe5nKFmfjAVyNoGHSr22VXcrkoN,G97yzpX8HPnbmrVEC0Aoz2si9mlAiCfZmduqw99n,BR0isoSnDlgTmIqukAORkXTz6C9ABpEWp1Yw4Fx6,BR0isoSnDlgTmIqukAORkXTz6C9ABpEWp1Yw4Fx6
MOx9AM3J6rnEQQJCSsWfT7wdOetSni3OV0mrNgho,0tSt4SUsOj8fKBL2OwFTAz878S85snjiNnAx7n8z,G0PLr6xT9E96wJTJXQDNB728J4rHnKFKya5jIcwT,MOx9AM3J6rnEQQJCSsWfT7wdOetSni3OV0mrNgho,0tSt4SUsOj8fKBL2OwFTAz878S85snjiNnAx7n8z,0tSt4SUsOj8fKBL2OwFTAz878S85snjiNnAx7n8z
I9zyEumkNRxIzJ9lhMe24gjeuA05krtaF8GygUHD,hBG5vMBqkXoKVhe5nKFmfjAVyNoGHSr22VXcrkoN,DboXcHUzjiTnEyfVzMA8hgefX2B7suIPftuPWSyq,I9zyEumkNRxIzJ9lhMe24gjeuA05krtaF8GygUHD,hBG5vMBqkXoKVhe5nKFmfjAVyNoGHSr22VXcrkoN,G97yzpX8HPnbmrVEC0Aoz2si9mlAiCfZmduqw99n
BR0isoSnDlgTmIqukAORkXTz6C9ABpEWp1Yw4Fx6,G0PLr6xT9E96wJTJXQDNB728J4rHnKFKya5jIcwT,G97yzpX8HPnbmrVEC0Aoz2si9mlAiCfZmduqw99n,BR0isoSnDlgTmIqukAORkXTz6C9ABpEWp1Yw4Fx6,G97yzpX8HPnbmrVEC0Aoz2si9mlAiCfZmduqw99n,MOx9AM3J6rnEQQJCSsWfT7wdOetSni3OV0mrNgho
0tSt4SUsOj8fKBL2OwFTAz878S85snjiNnAx7n8z,DboXcHUzjiTnEyfVzMA8hgefX2B7suIPftuPWSyq,MOx9AM3J6rnEQQJCSsWfT7wdOetSni3OV0mrNgho,0tSt4SUsOj8fKBL2OwFTAz878S85snjiNnAx7n8z,MOx9AM3J6rnEQQJCSsWfT7wdOetSni3OV0mrNgho,I9zyEumkNRxIzJ9lhMe24gjeuA05krtaF8GygUHD
hBG5vMBqkXoKVhe5nKFmfjAVyNoGHSr22VXcrkoN,neo9uYRJVawyUm1nyXvQrJxwVqapvXp6gVg6kwxr,I9zyEumkNRxIzJ9lhMe24gjeuA05krtaF8GygUHD,hBG5vMBqkXoKVhe5nKFmfjAVyNoGHSr22VXcrkoN,I9zyEumkNRxIzJ9lhMe24gjeuA05krtaF8GygUHD,BR0isoSnDlgTmIqukAORkXTz6C9ABpEWp1Yw4Fx6
G0PLr6xT9E96wJTJXQDNB728J4rHnKFKya5jIcwT,nOgJEtffp9e3P1qN9pqUrIZB0WQ9VIdptmx5wtia,BR0isoSnDlgTmIqukAORkXTz6C9ABpEWp1Yw4Fx6,G0PLr6xT9E96wJTJXQDNB728J4rHnKFKya5jIcwT,BR0isoSnDlgTmIqukAORkXTz6C9ABpEWp1Yw4Fx6,0tSt4SUsOj8fKBL2OwFTAz878S85snjiNnAx7n8z
DboXcHUzjiTnEyfVzMA8hgefX2B7suIPftuPWSyq,G97yzpX8HPnbmrVEC0Aoz2si9mlAiCfZmduqw99n,0tSt4SUsOj8fKBL2OwFTAz878S85snjiNnAx7n8z,G97yzpX8HPnbmrVEC0Aoz2si9mlAiCfZmduqw99n,0tSt4SUsOj8fKBL2OwFTAz878S85snjiNnAx7n8z,G97yzpX8HPnbmrVEC0Aoz2si9mlAiCfZmduqw99n
neo9uYRJVawyUm1nyXvQrJxwVqapvXp6gVg6kwxr,MOx9AM3J6rnEQQJCSsWfT7wdOetSni3OV0mrNgho,hBG5vMBqkXoKVhe5nKFmfjAVyNoGHSr22VXcrkoN,MOx9AM3J6rnEQQJCSsWfT7wdOetSni3OV0mrNgho,hBG5vMBqkXoKVhe5nKFmfjAVyNoGHSr22VXcrkoN,MOx9AM3J6rnEQQJCSsWfT7wdOetSni3OV0mrNgho
G97yzpX8HPnbmrVEC0Aoz2si9mlAiCfZmduqw99n,I9zyEumkNRxIzJ9lhMe24gjeuA05krtaF8GygUHD,G0PLr6xT9E96wJTJXQDNB728J4rHnKFKya5jIcwT,I9zyEumkNRxIzJ9lhMe24gjeuA05krtaF8GygUHD,G97yzpX8HPnbmrVEC0Aoz2si9mlAiCfZmduqw99n,I9zyEumkNRxIzJ9lhMe24gjeuA05krtaF8GygUHD
MOx9AM3J6rnEQQJCSsWfT7wdOetSni3OV0mrNgho,BR0isoSnDlgTmIqukAORkXTz6C9ABpEWp1Yw4Fx6,DboXcHUzjiTnEyfVzMA8hgefX2B7suIPftuPWSyq,BR0isoSnDlgTmIqukAORkXTz6C9ABpEWp1Yw4Fx6,MOx9AM3J6rnEQQJCSsWfT7wdOetSni3OV0mrNgho,BR0isoSnDlgTmIqukAORkXTz6C9ABpEWp1Yw4Fx6
I9zyEumkNRxIzJ9lhMe24gjeuA05krtaF8GygUHD,0tSt4SUsOj8fKBL2OwFTAz878S85snjiNnAx7n8z,G97yzpX8HPnbmrVEC0Aoz2si9mlAiCfZmduqw99n,0tSt4SUsOj8fKBL2OwFTAz878S85snjiNnAx7n8z,I9zyEumkNRxIzJ9lhMe24gjeuA05krtaF8GygUHD,0tSt4SUsOj8fKBL2OwFTAz878S85snjiNnAx7n8z
BR0isoSnDlgTmIqukAORkXTz6C9ABpEWp1Yw4Fx6,hBG5vMBqkXoKVhe5nKFmfjAVyNoGHSr22VXcrkoN,MOx9AM3J6rnEQQJCSsWfT7wdOetSni3OV0mrNgho,hBG5vMBqkXoKVhe5nKFmfjAVyNoGHSr22VXcrkoN,BR0isoSnDlgTmIqukAORkXTz6C9ABpEWp1Yw4Fx6,G97yzpX8HPnbmrVEC0Aoz2si9mlAiCfZmduqw99n
0tSt4SUsOj8fKBL2OwFTAz878S85snjiNnAx7n8z,G0PLr6xT9E96wJTJXQDNB728J4rHnKFKya5jIcwT,I9zyEumkNRxIzJ9lhMe24gjeuA05krtaF8GygUHD,G0PLr6xT9E96wJTJXQDNB728J4rHnKFKya5jIcwT,0tSt4SUsOj8fKBL2OwFTAz878S85snjiNnAx7n8z,MOx9AM3J6rnEQQJCSsWfT7wdOetSni3OV0mrNgho
hBG5vMBqkXoKVhe5nKFmfjAVyNoGHSr22VXcrkoN,DboXcHUzjiTnEyfVzMA8hgefX2B7suIPftuPWSyq,BR0isoSnDlgTmIqukAORkXTz6C9ABpEWp1Yw4Fx6,G97yzpX8HPnbmrVEC0Aoz2si9mlAiCfZmduqw99n,hBG5vMBqkXoKVhe5nKFmfjAVyNoGHSr22VXcrkoN,I9zyEumkNRxIzJ9lhMe24gjeuA05krtaF8GygUHD
G0PLr6xT9E96wJTJXQDNB728J4rHnKFKya5jIcwT,neo9uYRJVawyUm1nyXvQrJxwVqapvXp6gVg6kwxr,0tSt4SUsOj8fKBL2OwFTAz878S85snjiNnAx7n8z,MOx9AM3J6rnEQQJCSsWfT7wdOetSni3OV0mrNgho,G97yzpX8HPnbmrVEC0Aoz2si9mlAiCfZmduqw99n,BR0isoSnDlgTmIqukAORkXTz6C9ABpEWp1Yw4Fx6
DboXcHUzjiTnEyfVzMA8hgefX2B7suIPftuPWSyq,nOgJEtffp9e3P1qN9pqUrIZB0WQ9VIdptmx5wtia,hBG5vMBqkXoKVhe5nKFmfjAVyNoGHSr22VXcrkoN,I9zyEumkNRxIzJ9lhMe24gjeuA05krtaF8GygUHD,MOx9AM3J6rnEQQJCSsWfT7wdOetSni3OV0mrNgho,0tSt4SUsOj8fKBL2OwFTAz878S85snjiNnAx7n8z
neo9uYRJVawyUm1nyXvQrJxwVqapvXp6gVg6kwxr,G97yzpX8HPnbmrVEC0Aoz2si9mlAiCfZmduqw99n,G0PLr6xT9E96wJTJXQDNB728J4rHnKFKya5jIcwT,BR0isoSnDlgTmIqukAORkXTz6C9ABpEWp1Yw4Fx6,I9zyEumkNRxIzJ9lhMe24gjeuA05krtaF8GygUHD,G97yzpX8HPnbmrVEC0Aoz2si9mlAiCfZmduqw99n
G97yzpX8HPnbmrVEC0Aoz2si9mlAiCfZmduqw99n,MOx9AM3J6rnEQQJCSsWfT7wdOetSni3OV0mrNgho,DboXcHUzjiTnEyfVzMA8hgefX2B7suIPftuPWSyq,0tSt4SUsOj8fKBL2OwFTAz878S85snjiNnAx7n8z,BR0isoSnDlgTmIqukAORkXTz6C9ABpEWp1Yw4Fx6,MOx9AM3J6rnEQQJCSsWfT7wdOetSni3OV0mrNgho
MOx9AM3J6rnEQQJCSsWfT7wdOetSni3OV0mrNgho,I9zyEumkNRxIzJ9lhMe24gjeuA05krtaF8GygUHD,G97yzpX8HPnbmrVEC0Aoz2si9mlAiCfZmduqw99n,hBG5vMBqkXoKVhe5nKFmfjAVyNoGHSr22VXcrkoN,0tSt4SUsOj8fKBL2OwFTAz878S85snjiNnAx7n8z,I9zyEumkNRxIzJ9lhMe24gjeuA05krtaF8GygUHD
I9zyEumkNRxIzJ9lhMe24gjeuA05krtaF8GygUHD,BR0isoSnDlgTmIqukAORkXTz6C9ABpEWp1Yw4Fx6,MOx9AM3J6rnEQQJCSsWfT7wdOetSni3OV0mrNgho,G0PLr6xT9E96wJTJXQDNB728J4rHnKFKya5jIcwT,hBG5vMBqkXoKVhe5nKFmfjAVyNoGHSr22VXcrkoN,BR0isoSnDlgTmIqukAORkXTz6C9ABpEWp1Yw4Fx6
BR0isoSnDlgTmIqukAORkXTz6C9ABpEWp1Yw4Fx6,0tSt4SUsOj8fKBL2OwFTAz878S85snjiNnAx7n8z,I9zyEumkNRxIzJ9lhMe24gjeuA05krtaF8GygUHD,G97yzpX8HPnbmrVEC0Aoz2si9mlAiCfZmduqw99n,G97yzpX8HPnbmrVEC0Aoz2si9mlAiCfZmduqw99n,0tSt4SUsOj8fKBL2OwFTAz878S85snjiNnAx7n8z
0tSt4SUsOj8fKBL2OwFTAz878S85snjiNnAx7n8z,hBG5vMBqkXoKVhe5nKFmfjAVyNoGHSr22VXcrkoN,BR0isoSnDlgTmIqukAORkXTz6C9ABpEWp1Yw4Fx6,MOx9AM3J6rnEQQJCSsWfT7wdOetSni3OV0mrNgho,MOx9AM3J6rnEQQJCSsWfT7wdOetSni3OV0mrNgho,G97yzpX8HPnbmrVEC0Aoz2si9mlAiCfZmduqw99n
hBG5vMBqkXoKVhe5nKFmfjAVyNoGHSr22VXcrkoN,G0PLr6xT9E96wJTJXQDNB728J4rHnKFKya5jIcwT,0tSt4SUsOj8fKBL2OwFTAz878S85snjiNnAx7n8z,I9zyEumkNRxIzJ9lhMe24gjeuA05krtaF8GygUHD,I9zyEumkNRxIzJ9lhMe24gjeuA05krtaF8GygUHD,MOx9AM3J6rnEQQJCSsWfT7wdOetSni3OV0mrNgho
G0PLr6xT9E96wJTJXQDNB728J4rHnKFKya5jIcwT,DboXcHUzjiTnEyfVzMA8hgefX2B7suIPftuPWSyq,hBG5vMBqkXoKVhe5nKFmfjAVyNoGHSr22VXcrkoN,BR0isoSnDlgTmIqukAORkXTz6C9ABpEWp1Yw4Fx6,BR0isoSnDlgTmIqukAORkXTz6C9ABpEWp1Yw4Fx6,I9zyEumkNRxIzJ9lhMe24gjeuA05krtaF8GygUHD
DboXcHUzjiTnEyfVzMA8hgefX2B7suIPftuPWSyq,neo9uYRJVawyUm1nyXvQrJxwVqapvXp6gVg6kwxr,G0PLr6xT9E96wJTJXQDNB728J4rHnKFKya5jIcwT,0tSt4SUsOj8fKBL2OwFTAz878S85snjiNnAx7n8z,0tSt4SUsOj8fKBL2OwFTAz878S85snjiNnAx7n8z,BR0isoSnDlgTmIqukAORkXTz6C9ABpEWp1Yw4Fx6
neo9uYRJVawyUm1nyXvQrJxwVqapvXp6gVg6kwxr,nOgJEtffp9e3P1qN9pqUrIZB0WQ9VIdptmx5wtia,DboXcHUzjiTnEyfVzMA8hgefX2B7suIPftuPWSyq,hBG5vMBqkXoKVhe5nKFmfjAVyNoGHSr22VXcrkoN,hBG5vMBqkXoKVhe5nKFmfjAVyNoGHSr22VXcrkoN,0tSt4SUsOj8fKBL2OwFTAz878S85snjiNnAx7n8z
G97yzpX8HPnbmrVEC0Aoz2si9mlAiCfZmduqw99n,G97yzpX8HPnbmrVEC0Aoz2si9mlAiCfZmduqw99n,G97yzpX8HPnbmrVEC0Aoz2si9mlAiCfZmduqw99n,G0PLr6xT9E96wJTJXQDNB728J4rHnKFKya5jIcwT,G97yzpX8HPnbmrVEC0Aoz2si9mlAiCfZmduqw99n,G97yzpX8HPnbmrVEC0Aoz2si9mlAiCfZmduqw99n
MOx9AM3J6rnEQQJCSsWfT7wdOetSni3OV0mrNgho,MOx9AM3J6rnEQQJCSsWfT7wdOetSni3OV0mrNgho,MOx9AM3J6rnEQQJCSsWfT7wdOetSni3OV0mrNgho,G97yzpX8HPnbmrVEC0Aoz2si9mlAiCfZmduqw99n,MOx9AM3J6rnEQQJCSsWfT7wdOetSni3OV0mrNgho,MOx9AM3J6rnEQQJCSsWfT7wdOetSni3OV0mrNgho
I9zyEumkNRxIzJ9lhMe24gjeuA05krtaF8GygUHD,I9zyEumkNRxIzJ9lhMe24gjeuA05krtaF8GygUHD,I9zyEumkNRxIzJ9lhMe24gjeuA05krtaF8GygUHD,MOx9AM3J6rnEQQJCSsWfT7wdOetSni3OV0mrNgho,I9zyEumkNRxIzJ9lhMe24gjeuA05krtaF8GygUHD,I9zyEumkNRxIzJ9lhMe24gjeuA05krtaF8GygUHD
BR0isoSnDlgTmIqukAORkXTz6C9ABpEWp1Yw4Fx6,BR0isoSnDlgTmIqukAORkXTz6C9ABpEWp1Yw4Fx6,BR0isoSnDlgTmIqukAORkXTz6C9ABpEWp1Yw4Fx6,I9zyEumkNRxIzJ9lhMe24gjeuA05krtaF8GygUHD,BR0isoSnDlgTmIqukAORkXTz6C9ABpEWp1Yw4Fx6,BR0isoSnDlgTmIqukAORkXTz6C9ABpEWp1Yw4Fx6
0tSt4SUsOj8fKBL2OwFTAz878S85snjiNnAx7n8z,0tSt4SUsOj8fKBL2OwFTAz878S85snjiNnAx7n8z,0tSt4SUsOj8fKBL2OwFTAz878S85snjiNnAx7n8z,BR0isoSnDlgTmIqukAORkXTz6C9ABpEWp1Yw4Fx6,0tSt4SUsOj8fKBL2OwFTAz878S85snjiNnAx7n8z,0tSt4SUsOj8fKBL2OwFTAz878S85snjiNnAx7n8z
hBG5vMBqkXoKVhe5nKFmfjAVyNoGHSr22VXcrkoN,hBG5vMBqkXoKVhe5nKFmfjAVyNoGHSr22VXcrkoN,hBG5vMBqkXoKVhe5nKFmfjAVyNoGHSr22VXcrkoN,0tSt4SUsOj8fKBL2OwFTAz878S85snjiNnAx7n8z,hBG5vMBqkXoKVhe5nKFmfjAVyNoGHSr22VXcrkoN,G97yzpX8HPnbmrVEC0Aoz2si9mlAiCfZmduqw99n
G0PLr6xT9E96wJTJXQDNB728J4rHnKFKya5jIcwT,G0PLr6xT9E96wJTJXQDNB728J4rHnKFKya5jIcwT,G0PLr6xT9E96wJTJXQDNB728J4rHnKFKya5jIcwT,hBG5vMBqkXoKVhe5nKFmfjAVyNoGHSr22VXcrkoN,G97yzpX8HPnbmrVEC0Aoz2si9mlAiCfZmduqw99n,MOx9AM3J6rnEQQJCSsWfT7wdOetSni3OV0mrNgho
DboXcHUzjiTnEyfVzMA8hgefX2B7suIPftuPWSyq,DboXcHUzjiTnEyfVzMA8hgefX2B7suIPftuPWSyq,DboXcHUzjiTnEyfVzMA8hgefX2B7suIPftuPWSyq,G0PLr6xT9E96wJTJXQDNB728J4rHnKFKya5jIcwT,MOx9AM3J6rnEQQJCSsWfT7wdOetSni3OV0mrNgho,I9zyEumkNRxIzJ9lhMe24gjeuA05krtaF8GygUHD
neo9uYRJVawyUm1nyXvQrJxwVqapvXp6gVg6kwxr,neo9uYRJVawyUm1nyXvQrJxwVqapvXp6gVg6kwxr,G97yzpX8HPnbmrVEC0Aoz2si9mlAiCfZmduqw99n,G97yzpX8HPnbmrVEC0Aoz2si9mlAiCfZmduqw99n,I9zyEumkNRxIzJ9lhMe24gjeuA05krtaF8GygUHD,BR0isoSnDlgTmIqukAORkXTz6C9ABpEWp1Yw4Fx6
G97yzpX8HPnbmrVEC0Aoz2si9mlAiCfZmduqw99n,nOgJEtffp9e3P1qN9pqUrIZB0WQ9VIdptmx5wtia,MOx9AM3J6rnEQQJCSsWfT7wdOetSni3OV0mrNgho,MOx9AM3J6rnEQQJCSsWfT7wdOetSni3OV0mrNgho,BR0isoSnDlgTmIqukAORkXTz6C9ABpEWp1Yw4Fx6,0tSt4SUsOj8fKBL2OwFTAz878S85snjiNnAx7n8z
MOx9AM3J6rnEQQJCSsWfT7wdOetSni3OV0mrNgho,G97yzpX8HPnbmrVEC0Aoz2si9mlAiCfZmduqw99n,I9zyEumkNRxIzJ9lhMe24gjeuA05krtaF8GygUHD,I9zyEumkNRxIzJ9lhMe24gjeuA05krtaF8GygUHD,0tSt4SUsOj8fKBL2OwFTAz878S85snjiNnAx7n8z,G97yzpX8HPnbmrVEC0Aoz2si9mlAiCfZmduqw99n
I9zyEumkNRxIzJ9lhMe24gjeuA05krtaF8GygUHD,MOx9AM3J6rnEQQJCSsWfT7wdOetSni3OV0mrNgho,BR0isoSnDlgTmIqukAORkXTz6C9ABpEWp1Yw4Fx6,BR0isoSnDlgTmIqukAORkXTz6C9ABpEWp1Yw4Fx6,hBG5vMBqkXoKVhe5nKFmfjAVyNoGHSr22VXcrkoN,MOx9AM3J6rnEQQJCSsWfT7wdOetSni3OV0mrNgho
BR0isoSnDlgTmIqukAORkXTz6C9ABpEWp1Yw4Fx6,I9zyEumkNRxIzJ9lhMe24gjeuA05krtaF8GygUHD,0tSt4SUsOj8fKBL2OwFTAz878S85snjiNnAx7n8z,0tSt4SUsOj8fKBL2OwFTAz878S85snjiNnAx7n8z,G97yzpX8HPnbmrVEC0Aoz2si9mlAiCfZmduqw99n,I9zyEumkNRxIzJ9lhMe24gjeuA05krtaF8GygUHD
0tSt4SUsOj8fKBL2OwFTAz878S85snjiNnAx7n8z,BR0isoSnDlgTmIqukAORkXTz6C9ABpEWp1Yw4Fx6,hBG5vMBqkXoKVhe5nKFmfjAVyNoGHSr22VXcrkoN,hBG5vMBqkXoKVhe5nKFmfjAVyNoGHSr22VXcrkoN,MOx9AM3J6rnEQQJCSsWfT7wdOetSni3OV0mrNgho,BR0isoSnDlgTmIqukAORkXTz6C9ABpEWp1Yw4Fx6
hBG5vMBqkXoKVhe5nKFmfjAVyNoGHSr22VXcrkoN,0tSt4SUsOj8fKBL2OwFTAz878S85snjiNnAx7n8z,G0PLr6xT9E96wJTJXQDNB728J4rHnKFKya5jIcwT,G0PLr6xT9E96wJTJXQDNB728J4rHnKFKya5jIcwT,I9zyEumkNRxIzJ9lhMe24gjeuA05krtaF8GygUHD,0tSt4SUsOj8fKBL2OwFTAz878S85snjiNnAx7n8z
G0PLr6xT9E96wJTJXQDNB728J4rHnKFKya5jIcwT,hBG5vMBqkXoKVhe5nKFmfjAVyNoGHSr22VXcrkoN,DboXcHUzjiTnEyfVzMA8hgefX2B7suIPftuPWSyq,G97yzpX8HPnbmrVEC0Aoz2si9mlAiCfZmduqw99n,BR0isoSnDlgTmIqukAORkXTz6C9ABpEWp1Yw4Fx6,G97yzpX8HPnbmrVEC0Aoz2si9mlAiCfZmduqw99n
DboXcHUzjiTnEyfVzMA8hgefX2B7suIPftuPWSyq,G0PLr6xT9E96wJTJXQDNB728J4rHnKFKya5jIcwT,G97yzpX8HPnbmrVEC0Aoz2si9mlAiCfZmduqw99n,MOx9AM3J6rnEQQJCSsWfT7wdOetSni3OV0mrNgho,0tSt4SUsOj8fKBL2OwFTAz878S85snjiNnAx7n8z,MOx9AM3J6rnEQQJCSsWfT7wdOetSni3OV0mrNgho
neo9uYRJVawyUm1nyXvQrJxwVqapvXp6gVg6kwxr,DboXcHUzjiTnEyfVzMA8hgefX2B7suIPftuPWSyq,MOx9AM3J6rnEQQJCSsWfT7wdOetSni3OV0mrNgho,I9zyEumkNRxIzJ9lhMe24gjeuA05krtaF8GygUHD,hBG5vMBqkXoKVhe5nKFmfjAVyNoGHSr22VXcrkoN,I9zyEumkNRxIzJ9lhMe24gjeuA05krtaF8GygUHD
G97yzpX8HPnbmrVEC0Aoz2si9mlAiCfZmduqw99n,neo9uYRJVawyUm1nyXvQrJxwVqapvXp6gVg6kwxr,I9zyEumkNRxIzJ9lhMe24gjeuA05krtaF8GygUHD,BR0isoSnDlgTmIqukAORkXTz6C9ABpEWp1Yw4Fx6,G97yzpX8HPnbmrVEC0Aoz2si9mlAiCfZmduqw99n,BR0isoSnDlgTmIqukAORkXTz6C9ABpEWp1Yw4Fx6
MOx9AM3J6rnEQQJCSsWfT7wdOetSni3OV0mrNgho,nOgJEtffp9e3P1qN9pqUrIZB0WQ9VIdptmx5wtia,BR0isoSnDlgTmIqukAORkXTz6C9ABpEWp1Yw4Fx6,0tSt4SUsOj8fKBL2OwFTAz878S85snjiNnAx7n8z,MOx9AM3J6rnEQQJCSsWfT7wdOetSni3OV0mrNgho,0tSt4SUsOj8fKBL2OwFTAz878S85snjiNnAx7n8z
I9zyEumkNRxIzJ9lhMe24gjeuA05krtaF8GygUHD,G97yzpX8HPnbmrVEC0Aoz2si9mlAiCfZmduqw99n,0tSt4SUsOj8fKBL2OwFTAz878S85snjiNnAx7n8z,hBG5vMBqkXoKVhe5nKFmfjAVyNoGHSr22VXcrkoN,I9zyEumkNRxIzJ9lhMe24gjeuA05krtaF8GygUHD,G97yzpX8HPnbmrVEC0Aoz2si9mlAiCfZmduqw99n
BR0isoSnDlgTmIqukAORkXTz6C9ABpEWp1Yw4Fx6,MOx9AM3J6rnEQQJCSsWfT7wdOetSni3OV0mrNgho,hBG5vMBqkXoKVhe5nKFmfjAVyNoGHSr22VXcrkoN,G0PLr6xT9E96wJTJXQDNB728J4rHnKFKya5jIcwT,BR0isoSnDlgTmIqukAORkXTz6C9ABpEWp1Yw4Fx6,MOx9AM3J6rnEQQJCSsWfT7wdOetSni3OV0mrNgho
0tSt4SUsOj8fKBL2OwFTAz878S85snjiNnAx7n8z,I9zyEumkNRxIzJ9lhMe24gjeuA05krtaF8GygUHD,G0PLr6xT9E96wJTJXQDNB728J4rHnKFKya5jIcwT,G97yzpX8HPnbmrVEC0Aoz2si9mlAiCfZmduqw99n,0tSt4SUsOj8fKBL2OwFTAz878S85snjiNnAx7n8z,I9zyEumkNRxIzJ9lhMe24gjeuA05krtaF8GygUHD
hBG5vMBqkXoKVhe5nKFmfjAVyNoGHSr22VXcrkoN,BR0isoSnDlgTmIqukAORkXTz6C9ABpEWp1Yw4Fx6,DboXcHUzjiTnEyfVzMA8hgefX2B7suIPftuPWSyq,MOx9AM3J6rnEQQJCSsWfT7wdOetSni3OV0mrNgho,hBG5vMBqkXoKVhe5nKFmfjAVyNoGHSr22VXcrkoN,BR0isoSnDlgTmIqukAORkXTz6C9ABpEWp1Yw4Fx6
G0PLr6xT9E96wJTJXQDNB728J4rHnKFKya5jIcwT,0tSt4SUsOj8fKBL2OwFTAz878S85snjiNnAx7n8z,G97yzpX8HPnbmrVEC0Aoz2si9mlAiCfZmduqw99n,I9zyEumkNRxIzJ9lhMe24gjeuA05krtaF8GygUHD,G97yzpX8HPnbmrVEC0Aoz2si9mlAiCfZmduqw99n,0tSt4SUsOj8fKBL2OwFTAz878S85snjiNnAx7n8z
DboXcHUzjiTnEyfVzMA8hgefX2B7suIPftuPWSyq,hBG5vMBqkXoKVhe5nKFmfjAVyNoGHSr22VXcrkoN,MOx9AM3J6rnEQQJCSsWfT7wdOetSni3OV0mrNgho,BR0isoSnDlgTmIqukAORkXTz6C9ABpEWp1Yw4Fx6,MOx9AM3J6rnEQQJCSsWfT7wdOetSni3OV0mrNgho,G97yzpX8HPnbmrVEC0Aoz2si9mlAiCfZmduqw99n
neo9uYRJVawyUm1nyXvQrJxwVqapvXp6gVg6kwxr,G0PLr6xT9E96wJTJXQDNB728J4rHnKFKya5jIcwT,I9zyEumkNRxIzJ9lhMe24gjeuA05krtaF8GygUHD,0tSt4SUsOj8fKBL2OwFTAz878S85snjiNnAx7n8z,I9zyEumkNRxIzJ9lhMe24gjeuA05krtaF8GygUHD,MOx9AM3J6rnEQQJCSsWfT7wdOetSni3OV0mrNgho
G97yzpX8HPnbmrVEC0Aoz2si9mlAiCfZmduqw99n,DboXcHUzjiTnEyfVzMA8hgefX2B7suIPftuPWSyq,BR0isoSnDlgTmIqukAORkXTz6C9ABpEWp1Yw4Fx6,hBG5vMBqkXoKVhe5nKFmfjAVyNoGHSr22VXcrkoN,BR0isoSnDlgTmIqukAORkXTz6C9ABpEWp1Yw4Fx6,I9zyEumkNRxIzJ9lhMe24gjeuA05krtaF8GygUHD
MOx9AM3J6rnEQQJCSsWfT7wdOetSni3OV0mrNgho,neo9uYRJVawyUm1nyXvQrJxwVqapvXp6gVg6kwxr,0tSt4SUsOj8fKBL2OwFTAz878S85snjiNnAx7n8z,G0PLr6xT9E96wJTJXQDNB728J4rHnKFKya5jIcwT,0tSt4SUsOj8fKBL2OwFTAz878S85snjiNnAx7n8z,BR0isoSnDlgTmIqukAORkXTz6C9ABpEWp1Yw4Fx6
I9zyEumkNRxIzJ9lhMe24gjeuA05krtaF8GygUHD,nOgJEtffp9e3P1qN9pqUrIZB0WQ9VIdptmx5wtia,hBG5vMBqkXoKVhe5nKFmfjAVyNoGHSr22VXcrkoN,G97yzpX8HPnbmrVEC0Aoz2si9mlAiCfZmduqw99n,hBG5vMBqkXoKVhe5nKFmfjAVyNoGHSr22VXcrkoN,0tSt4SUsOj8fKBL2OwFTAz878S85snjiNnAx7n8z
BR0isoSnDlgTmIqukAORkXTz6C9ABpEWp1Yw4Fx6,G97yzpX8HPnbmrVEC0Aoz2si9mlAiCfZmduqw99n,G0PLr6xT9E96wJTJXQDNB728J4rHnKFKya5jIcwT,MOx9AM3J6rnEQQJCSsWfT7wdOetSni3OV0mrNgho,G97yzpX8HPnbmrVEC0Aoz2si9mlAiCfZmduqw99n,G97yzpX8HPnbmrVEC0Aoz2si9mlAiCfZmduqw99n
0tSt4SUsOj8fKBL2OwFTAz878S85snjiNnAx7n8z,MOx9AM3J6rnEQQJCSsWfT7wdOetSni3OV0mrNgho,DboXcHUzjiTnEyfVzMA8hgefX2B7suIPftuPWSyq,I9zyEumkNRxIzJ9lhMe24gjeuA05krtaF8GygUHD,MOx9AM3J6rnEQQJCSsWfT7wdOetSni3OV0mrNgho,MOx9AM3J6rnEQQJCSsWfT7wdOetSni3OV0mrNgho
hBG5vMBqkXoKVhe5nKFmfjAVyNoGHSr22VXcrkoN,I9zyEumkNRxIzJ9lhMe24gjeuA05krtaF8GygUHD,G97yzpX8HPnbmrVEC0Aoz2si9mlAiCfZmduqw99n,BR0isoSnDlgTmIqukAORkXTz6C9ABpEWp1Yw4Fx6,I9zyEumkNRxIzJ9lhMe24gjeuA05krtaF8GygUHD,I9zyEumkNRxIzJ9lhMe24gjeuA05krtaF8GygUHD
G0PLr6xT9E96wJTJXQDNB728J4rHnKFKya5jIcwT,BR0isoSnDlgTmIqukAORkXTz6C9ABpEWp1Yw4Fx6,MOx9AM3J6rnEQQJCSsWfT7wdOetSni3OV0mrNgho,0tSt4SUsOj8fKBL2OwFTAz878S85snjiNnAx7n8z,BR0isoSnDlgTmIqukAORkXTz6C9ABpEWp1Yw4Fx6,BR0isoSnDlgTmIqukAORkXTz6C9ABpEWp1Yw4Fx6
DboXcHUzjiTnEyfVzMA8hgefX2B7suIPftuPWSyq,0tSt4SUsOj8fKBL2OwFTAz878S85snjiNnAx7n8z,I9zyEumkNRxIzJ9lhMe24gjeuA05krtaF8GygUHD,hBG5vMBqkXoKVhe5nKFmfjAVyNoGHSr22VXcrkoN,0tSt4SUsOj8fKBL2OwFTAz878S85snjiNnAx7n8z,0tSt4SUsOj8fKBL2OwFTAz878S85snjiNnAx7n8z
neo9uYRJVawyUm1nyXvQrJxwVqapvXp6gVg6kwxr,hBG5vMBqkXoKVhe5nKFmfjAVyNoGHSr22VXcrkoN,BR0isoSnDlgTmIqukAORkXTz6C9ABpEWp1Yw4Fx6,G0PLr6xT9E96wJTJXQDNB728J4rHnKFKya5jIcwT,hBG5vMBqkXoKVhe5nKFmfjAVyNoGHSr22VXcrkoN,G97yzpX8HPnbmrVEC0Aoz2si9mlAiCfZmduqw99n
G97yzpX8HPnbmrVEC0Aoz2si9mlAiCfZmduqw99n,G0PLr6xT9E96wJTJXQDNB728J4rHnKFKya5jIcwT,0tSt4SUsOj8fKBL2OwFTAz878S85snjiNnAx7n8z,G97yzpX8HPnbmrVEC0Aoz2si9mlAiCfZmduqw99n,G97yzpX8HPnbmrVEC0Aoz2si9mlAiCfZmduqw99n,MOx9AM3J6rnEQQJCSsWfT7wdOetSni3OV0mrNgho
MOx9AM3J6rnEQQJCSsWfT7wdOetSni3OV0mrNgho,DboXcHUzjiTnEyfVzMA8hgefX2B7suIPftuPWSyq,hBG5vMBqkXoKVhe5nKFmfjAVyNoGHSr22VXcrkoN,MOx9AM3J6rnEQQJCSsWfT7wdOetSni3OV0mrNgho,MOx9AM3J6rnEQQJCSsWfT7wdOetSni3OV0mrNgho,I9zyEumkNRxIzJ9lhMe24gjeuA05krtaF8GygUHD
I9zyEumkNRxIzJ9lhMe24gjeuA05krtaF8GygUHD,neo9uYRJVawyUm1nyXvQrJxwVqapvXp6gVg6kwxr,G0PLr6xT9E96wJTJXQDNB728J4rHnKFKya5jIcwT,I9zyEumkNRxIzJ9lhMe24gjeuA05krtaF8GygUHD,I9zyEumkNRxIzJ9lhMe24gjeuA05krtaF8GygUHD,BR0isoSnDlgTmIqukAORkXTz6C9ABpEWp1Yw4Fx6
BR0isoSnDlgTmIqukAORkXTz6C9ABpEWp1Yw4Fx6,nOgJEtffp9e3P1qN9pqUrIZB0WQ9VIdptmx5wtia,DboXcHUzjiTnEyfVzMA8hgefX2B7suIPftuPWSyq,BR0isoSnDlgTmIqukAORkXTz6C9ABpEWp1Yw4Fx6,BR0isoSnDlgTmIqukAORkXTz6C9ABpEWp1Yw4Fx6,0tSt4SUsOj8fKBL2OwFTAz878S85snjiNnAx7n8z
0tSt4SUsOj8fKBL2OwFTAz878S85snjiNnAx7n8z,G97yzpX8HPnbmrVEC0Aoz2si9mlAiCfZmduqw99n,G97yzpX8HPnbmrVEC0Aoz2si9mlAiCfZmduqw99n,0tSt4SUsOj8fKBL2OwFTAz878S85snjiNnAx7n8z,0tSt4SUsOj8fKBL2OwFTAz878S85snjiNnAx7n8z,G97yzpX8HPnbmrVEC0Aoz2si9mlAiCfZmduqw99n
hBG5vMBqkXoKVhe5nKFmfjAVyNoGHSr22VXcrkoN,MOx9AM3J6rnEQQJCSsWfT7wdOetSni3OV0mrNgho,MOx9AM3J6rnEQQJCSsWfT7wdOetSni3OV0mrNgho,hBG5vMBqkXoKVhe5nKFmfjAVyNoGHSr22VXcrkoN,hBG5vMBqkXoKVhe5nKFmfjAVyNoGHSr22VXcrkoN,MOx9AM3J6rnEQQJCSsWfT7wdOetSni3OV0mrNgho
G0PLr6xT9E96wJTJXQDNB728J4rHnKFKya5jIcwT,I9zyEumkNRxIzJ9lhMe24gjeuA05krtaF8GygUHD,I9zyEumkNRxIzJ9lhMe24gjeuA05krtaF8GygUHD,G0PLr6xT9E96wJTJXQDNB728J4rHnKFKya5jIcwT,G97yzpX8HPnbmrVEC0Aoz2si9mlAiCfZmduqw99n,I9zyEumkNRxIzJ9lhMe24gjeuA05krtaF8GygUHD
DboXcHUzjiTnEyfVzMA8hgefX2B7suIPftuPWSyq,BR0isoSnDlgTmIqukAORkXTz6C9ABpEWp1Yw4Fx6,BR0isoSnDlgTmIqukAORkXTz6C9ABpEWp1Yw4Fx6,G97yzpX8HPnbmrVEC0Aoz2si9mlAiCfZmduqw99n,MOx9AM3J6rnEQQJCSsWfT7wdOetSni3OV0mrNgho,BR0isoSnDlgTmIqukAORkXTz6C9ABpEWp1Yw4Fx6
neo9uYRJVawyUm1nyXvQrJxwVqapvXp6gVg6kwxr,0tSt4SUsOj8fKBL2OwFTAz878S85snjiNnAx7n8z,0tSt4SUsOj8fKBL2OwFTAz878S85snjiNnAx7n8z,MOx9AM3J6rnEQQJCSsWfT7wdOetSni3OV0mrNgho,I9zyEumkNRxIzJ9lhMe24gjeuA05krtaF8GygUHD,0tSt4SUsOj8fKBL2OwFTAz878S85snjiNnAx7n8z
G97yzpX8HPnbmrVEC0Aoz2si9mlAiCfZmduqw99n,hBG5vMBqkXoKVhe5nKFmfjAVyNoGHSr22VXcrkoN,hBG5vMBqkXoKVhe5nKFmfjAVyNoGHSr22VXcrkoN,I9zyEumkNRxIzJ9lhMe24gjeuA05krtaF8GygUHD,BR0isoSnDlgTmIqukAORkXTz6C9ABpEWp1Yw4Fx6,G97yzpX8HPnbmrVEC0Aoz2si9mlAiCfZmduqw99n
MOx9AM3J6rnEQQJCSsWfT7wdOetSni3OV0mrNgho,G0PLr6xT9E96wJTJXQDNB728J4rHnKFKya5jIcwT,G0PLr6xT9E96wJTJXQDNB728J4rHnKFKya5jIcwT,BR0isoSnDlgTmIqukAORkXTz6C9ABpEWp1Yw4Fx6,0tSt4SUsOj8fKBL2OwFTAz878S85snjiNnAx7n8z,MOx9AM3J6rnEQQJCSsWfT7wdOetSni3OV0mrNgho
I9zyEumkNRxIzJ9lhMe24gjeuA05krtaF8GygUHD,DboXcHUzjiTnEyfVzMA8hgefX2B7suIPftuPWSyq,DboXcHUzjiTnEyfVzMA8hgefX2B7suIPftuPWSyq,0tSt4SUsOj8fKBL2OwFTAz878S85snjiNnAx7n8z,hBG5vMBqkXoKVhe5nKFmfjAVyNoGHSr22VXcrkoN,I9zyEumkNRxIzJ9lhMe24gjeuA05krtaF8GygUHD
BR0isoSnDlgTmIqukAORkXTz6C9ABpEWp1Yw4Fx6,neo9uYRJVawyUm1nyXvQrJxwVqapvXp6gVg6kwxr,G97yzpX8HPnbmrVEC0Aoz2si9mlAiCfZmduqw99n,hBG5vMBqkXoKVhe5nKFmfjAVyNoGHSr22VXcrkoN,G97yzpX8HPnbmrVEC0Aoz2si9mlAiCfZmduqw99n,BR0isoSnDlgTmIqukAORkXTz6C9ABpEWp1Yw4Fx6
0tSt4SUsOj8fKBL2OwFTAz878S85snjiNnAx7n8z,nOgJEtffp9e3P1qN9pqUrIZB0WQ9VIdptmx5wtia,MOx9AM3J6rnEQQJCSsWfT7wdOetSni3OV0mrNgho,G0PLr6xT9E96wJTJXQDNB728J4rHnKFKya5jIcwT,MOx9AM3J6rnEQQJCSsWfT7wdOetSni3OV0mrNgho,0tSt4SUsOj8fKBL2OwFTAz878S85snjiNnAx7n8z
hBG5vMBqkXoKVhe5nKFmfjAVyNoGHSr22VXcrkoN,G97yzpX8HPnbmrVEC0Aoz2si9mlAiCfZmduqw99n,I9zyEumkNRxIzJ9lhMe24gjeuA05krtaF8GygUHD,G97yzpX8HPnbmrVEC0Aoz2si9mlAiCfZmduqw99n,I9zyEumkNRxIzJ9lhMe24gjeuA05krtaF8GygUHD,G97yzpX8HPnbmrVEC0Aoz2si9mlAiCfZmduqw99n
G0PLr6xT9E96wJTJXQDNB728J4rHnKFKya5jIcwT,MOx9AM3J6rnEQQJCSsWfT7wdOetSni3OV0mrNgho,BR0isoSnDlgTmIqukAORkXTz6C9ABpEWp1Yw4Fx6,MOx9AM3J6rnEQQJCSsWfT7wdOetSni3OV0mrNgho,BR0isoSnDlgTmIqukAORkXTz6C9ABpEWp1Yw4Fx6,MOx9AM3J6rnEQQJCSsWfT7wdOetSni3OV0mrNgho
DboXcHUzjiTnEyfVzMA8hgefX2B7suIPftuPWSyq,I9zyEumkNRxIzJ9lhMe24gjeuA05krtaF8GygUHD,0tSt4SUsOj8fKBL2OwFTAz878S85snjiNnAx7n8z,I9zyEumkNRxIzJ9lhMe24gjeuA05krtaF8GygUHD,0tSt4SUsOj8fKBL2OwFTAz878S85snjiNnAx7n8z,I9zyEumkNRxIzJ9lhMe24gjeuA05krtaF8GygUHD
neo9uYRJVawyUm1nyXvQrJxwVqapvXp6gVg6kwxr,BR0isoSnDlgTmIqukAORkXTz6C9ABpEWp1Yw4Fx6,hBG5vMBqkXoKVhe5nKFmfjAVyNoGHSr22VXcrkoN,BR0isoSnDlgTmIqukAORkXTz6C9ABpEWp1Yw4Fx6,hBG5vMBqkXoKVhe5nKFmfjAVyNoGHSr22VXcrkoN,BR0isoSnDlgTmIqukAORkXTz6C9ABpEWp1Yw4Fx6
G97yzpX8HPnbmrVEC0Aoz2si9mlAiCfZmduqw99n,0tSt4SUsOj8fKBL2OwFTAz878S85snjiNnAx7n8z,G0PLr6xT9E96wJTJXQDNB728J4rHnKFKya5jIcwT,0tSt4SUsOj8fKBL2OwFTAz878S85snjiNnAx7n8z,G97yzpX8HPnbmrVEC0Aoz2si9mlAiCfZmduqw99n,0tSt4SUsOj8fKBL2OwFTAz878S85snjiNnAx7n8z
MOx9AM3J6rnEQQJCSsWfT7wdOetSni3OV0mrNgho,hBG5vMBqkXoKVhe5nKFmfjAVyNoGHSr22VXcrkoN,DboXcHUzjiTnEyfVzMA8hgefX2B7suIPftuPWSyq,hBG5vMBqkXoKVhe5nKFmfjAVyNoGHSr22VXcrkoN,MOx9AM3J6rnEQQJCSsWfT7wdOetSni3OV0mrNgho,G97yzpX8HPnbmrVEC0Aoz2si9mlAiCfZmduqw99n
I9zyEumkNRxIzJ9lhMe24gjeuA05krtaF8GygUHD,G0PLr6xT9E96wJTJXQDNB728J4rHnKFKya5jIcwT,G97yzpX8HPnbmrVEC0Aoz2si9mlAiCfZmduqw99n,G0PLr6xT9E96wJTJXQDNB728J4rHnKFKya5jIcwT,I9zyEumkNRxIzJ9lhMe24gjeuA05krtaF8GygUHD,MOx9AM3J6rnEQQJCSsWfT7wdOetSni3OV0mrNgho
BR0isoSnDlgTmIqukAORkXTz6C9ABpEWp1Yw4Fx6,DboXcHUzjiTnEyfVzMA8hgefX2B7suIPftuPWSyq,MOx9AM3J6rnEQQJCSsWfT7wdOetSni3OV0mrNgho,G97yzpX8HPnbmrVEC0Aoz2si9mlAiCfZmduqw99n,BR0isoSnDlgTmIqukAORkXTz6C9ABpEWp1Yw4Fx6,I9zyEumkNRxIzJ9lhMe24gjeuA05krtaF8GygUHD
0tSt4SUsOj8fKBL2OwFTAz878S85snjiNnAx7n8z,neo9uYRJVawyUm1nyXvQrJxwVqapvXp6gVg6kwxr,I9zyEumkNRxIzJ9lhMe24gjeuA05krtaF8GygUHD,MOx9AM3J6rnEQQJCSsWfT7wdOetSni3OV0mrNgho,0tSt4SUsOj8fKBL2OwFTAz878S85snjiNnAx7n8z,BR0isoSnDlgTmIqukAORkXTz6C9ABpEWp1Yw4Fx6
hBG5vMBqkXoKVhe5nKFmfjAVyNoGHSr22VXcrkoN,nOgJEtffp9e3P1qN9pqUrIZB0WQ9VIdptmx5wtia,BR0isoSnDlgTmIqukAORkXTz6C9ABpEWp1Yw4Fx6,I9zyEumkNRxIzJ9lhMe24gjeuA05krtaF8GygUHD,hBG5vMBqkXoKVhe5nKFmfjAVyNoGHSr22VXcrkoN,0tSt4SUsOj8fKBL2OwFTAz878S85snjiNnAx7n8z
G0PLr6xT9E96wJTJXQDNB728J4rHnKFKya5jIcwT,G97yzpX8HPnbmrVEC0Aoz2si9mlAiCfZmduqw99n,0tSt4SUsOj8fKBL2OwFTAz878S85snjiNnAx7n8z,BR0isoSnDlgTmIqukAORkXTz6C9ABpEWp1Yw4Fx6,G97yzpX8HPnbmrVEC0Aoz2si9mlAiCfZmduqw99n,G97yzpX8HPnbmrVEC0Aoz2si9mlAiCfZmduqw99n
DboXcHUzjiTnEyfVzMA8hgefX2B7suIPftuPWSyq,MOx9AM3J6rnEQQJCSsWfT7wdOetSni3OV0mrNgho,hBG5vMBqkXoKVhe5nKFmfjAVyNoGHSr22VXcrkoN,0tSt4SUsOj8fKBL2OwFTAz878S85snjiNnAx7n8z,MOx9AM3J6rnEQQJCSsWfT7wdOetSni3OV0mrNgho,MOx9AM3J6rnEQQJCSsWfT7wdOetSni3OV0mrNgho
neo9uYRJVawyUm1nyXvQrJxwVqapvXp6gVg6kwxr,I9zyEumkNRxIzJ9lhMe24gjeuA05krtaF8GygUHD,G0PLr6xT9E96wJTJXQDNB728J4rHnKFKya5jIcwT,hBG5vMBqkXoKVhe5nKFmfjAVyNoGHSr22VXcrkoN,I9zyEumkNRxIzJ9lhMe24gjeuA05krtaF8GygUHD,I9zyEumkNRxIzJ9lhMe24gjeuA05krtaF8GygUHD
G97yzpX8HPnbmrVEC0Aoz2si9mlAiCfZmduqw99n,BR0isoSnDlgTmIqukAORkXTz6C9ABpEWp1Yw4Fx6,DboXcHUzjiTnEyfVzMA8hgefX2B7suIPftuPWSyq,G0PLr6xT9E96wJTJXQDNB728J4rHnKFKya5jIcwT,BR0isoSnDlgTmIqukAORkXTz6C9ABpEWp1Yw4Fx6,BR0isoSnDlgTmIqukAORkXTz6C9ABpEWp1Yw4Fx6
MOx9AM3J6rnEQQJCSsWfT7wdOetSni3OV0mrNgho,0tSt4SUsOj8fKBL2OwFTAz878S85snjiNnAx7n8z,G97yzpX8HPnbmrVEC0Aoz2si9mlAiCfZmduqw99n,G97yzpX8HPnbmrVEC0Aoz2si9mlAiCfZmduqw99n,0tSt4SUsOj8fKBL2OwFTAz878S85snjiNnAx7n8z,0tSt4SUsOj8fKBL2OwFTAz878S85snjiNnAx7n8z
I9zyEumkNRxIzJ9lhMe24gjeuA05krtaF8GygUHD,hBG5vMBqkXoKVhe5nKFmfjAVyNoGHSr22VXcrkoN,MOx9AM3J6rnEQQJCSsWfT7wdOetSni3OV0mrNgho,MOx9AM3J6rnEQQJCSsWfT7wdOetSni3OV0mrNgho,hBG5vMBqkXoKVhe5nKFmfjAVyNoGHSr22VXcrkoN,G97yzpX8HPnbmrVEC0Aoz2si9mlAiCfZmduqw99n
BR0isoSnDlgTmIqukAORkXTz6C9ABpEWp1Yw4Fx6,G0PLr6xT9E96wJTJXQDNB728J4rHnKFKya5jIcwT,I9zyEumkNRxIzJ9lhMe24gjeuA05krtaF8GygUHD,I9zyEumkNRxIzJ9lhMe24gjeuA05krtaF8GygUHD,G97yzpX8HPnbmrVEC0Aoz2si9mlAiCfZmduqw99n,MOx9AM3J6rnEQQJCSsWfT7wdOetSni3OV0mrNgho
0tSt4SUsOj8fKBL2OwFTAz878S85snjiNnAx7n8z,DboXcHUzjiTnEyfVzMA8hgefX2B7suIPftuPWSyq,BR0isoSnDlgTmIqukAORkXTz6C9ABpEWp1Yw4Fx6,BR0isoSnDlgTmIqukAORkXTz6C9ABpEWp1Yw4Fx6,MOx9AM3J6rnEQQJCSsWfT7wdOetSni3OV0mrNgho,I9zyEumkNRxIzJ9lhMe24gjeuA05krtaF8GygUHD
hBG5vMBqkXoKVhe5nKFmfjAVyNoGHSr22VXcrkoN,neo9uYRJVawyUm1nyXvQrJxwVqapvXp6gVg6kwxr,0tSt4SUsOj8fKBL2OwFTAz878S85snjiNnAx7n8z,0tSt4SUsOj8fKBL2OwFTAz878S85snjiNnAx7n8z,I9zyEumkNRxIzJ9lhMe24gjeuA05krtaF8GygUHD,BR0isoSnDlgTmIqukAORkXTz6C9ABpEWp1Yw4Fx6
G0PLr6xT9E96wJTJXQDNB728J4rHnKFKya5jIcwT,nOgJEtffp9e3P1qN9pqUrIZB0WQ9VIdptmx5wtia,hBG5vMBqkXoKVhe5nKFmfjAVyNoGHSr22VXcrkoN,hBG5vMBqkXoKVhe5nKFmfjAVyNoGHSr22VXcrkoN,BR0isoSnDlgTmIqukAORkXTz6C9ABpEWp1Yw4Fx6,0tSt4SUsOj8fKBL2OwFTAz878S85snjiNnAx7n8z
DboXcHUzjiTnEyfVzMA8hgefX2B7suIPftuPWSyq,G97yzpX8HPnbmrVEC0Aoz2si9mlAiCfZmduqw99n,G0PLr6xT9E96wJTJXQDNB728J4rHnKFKya5jIcwT,G0PLr6xT9E96wJTJXQDNB728J4rHnKFKya5jIcwT,0tSt4SUsOj8fKBL2OwFTAz878S85snjiNnAx7n8z,G97yzpX8HPnbmrVEC0Aoz2si9mlAiCfZmduqw99n
neo9uYRJVawyUm1nyXvQrJxwVqapvXp6gVg6kwxr,MOx9AM3J6rnEQQJCSsWfT7wdOetSni3OV0mrNgho,DboXcHUzjiTnEyfVzMA8hgefX2B7suIPftuPWSyq,G97yzpX8HPnbmrVEC0Aoz2si9mlAiCfZmduqw99n,hBG5vMBqkXoKVhe5nKFmfjAVyNoGHSr22VXcrkoN,MOx9AM3J6rnEQQJCSsWfT7wdOetSni3OV0mrNgho
G97yzpX8HPnbmrVEC0Aoz2si9mlAiCfZmduqw99n,I9zyEumkNRxIzJ9lhMe24gjeuA05krtaF8GygUHD,G97yzpX8HPnbmrVEC0Aoz2si9mlAiCfZmduqw99n,MOx9AM3J6rnEQQJCSsWfT7wdOetSni3OV0mrNgho,G97yzpX8HPnbmrVEC0Aoz2si9mlAiCfZmduqw99n,I9zyEumkNRxIzJ9lhMe24gjeuA05krtaF8GygUHD
MOx9AM3J6rnEQQJCSsWfT7wdOetSni3OV0mrNgho,BR0isoSnDlgTmIqukAORkXTz6C9ABpEWp1Yw4Fx6,MOx9AM3J6rnEQQJCSsWfT7wdOetSni3OV0mrNgho,I9zyEumkNRxIzJ9lhMe24gjeuA05krtaF8GygUHD,MOx9AM3J6rnEQQJCSsWfT7wdOetSni3OV0mrNgho,BR0isoSnDlgTmIqukAORkXTz6C9ABpEWp1Yw4Fx6
I9zyEumkNRxIzJ9lhMe24gjeuA05krtaF8GygUHD,0tSt4SUsOj8fKBL2OwFTAz878S85snjiNnAx7n8z,I9zyEumkNRxIzJ9lhMe24gjeuA05krtaF8GygUHD,BR0isoSnDlgTmIqukAORkXTz6C9ABpEWp1Yw4Fx6,I9zyEumkNRxIzJ9lhMe24gjeuA05krtaF8GygUHD,0tSt4SUsOj8fKBL2OwFTAz878S85snjiNnAx7n8z
BR0isoSnDlgTmIqukAORkXTz6C9ABpEWp1Yw4Fx6,hBG5vMBqkXoKVhe5nKFmfjAVyNoGHSr22VXcrkoN,BR0isoSnDlgTmIqukAORkXTz6C9ABpEWp1Yw4Fx6,0tSt4SUsOj8fKBL2OwFTAz878S85snjiNnAx7n8z,BR0isoSnDlgTmIqukAORkXTz6C9ABpEWp1Yw4Fx6,G97yzpX8HPnbmrVEC0Aoz2si9mlAiCfZmduqw99n
0tSt4SUsOj8fKBL2OwFTAz878S85snjiNnAx7n8z,G0PLr6xT9E96wJTJXQDNB728J4rHnKFKya5jIcwT,0tSt4SUsOj8fKBL2OwFTAz878S85snjiNnAx7n8z,hBG5vMBqkXoKVhe5nKFmfjAVyNoGHSr22VXcrkoN,0tSt4SUsOj8fKBL2OwFTAz878S85snjiNnAx7n8z,MOx9AM3J6rnEQQJCSsWfT7wdOetSni3OV0mrNgho
hBG5vMBqkXoKVhe5nKFmfjAVyNoGHSr22VXcrkoN,DboXcHUzjiTnEyfVzMA8hgefX2B7suIPftuPWSyq,hBG5vMBqkXoKVhe5nKFmfjAVyNoGHSr22VXcrkoN,G0PLr6xT9E96wJTJXQDNB728J4rHnKFKya5jIcwT,hBG5vMBqkXoKVhe5nKFmfjAVyNoGHSr22VXcrkoN,I9zyEumkNRxIzJ9lhMe24gjeuA05krtaF8GygUHD
G0PLr6xT9E96wJTJXQDNB728J4rHnKFKya5jIcwT,neo9uYRJVawyUm1nyXvQrJxwVqapvXp6gVg6kwxr,G0PLr6xT9E96wJTJXQDNB728J4rHnKFKya5jIcwT,G97yzpX8HPnbmrVEC0Aoz2si9mlAiCfZmduqw99n,G97yzpX8HPnbmrVEC0Aoz2si9mlAiCfZmduqw99n,BR0isoSnDlgTmIqukAORkXTz6C9ABpEWp1Yw4Fx6
DboXcHUzjiTnEyfVzMA8hgefX2B7suIPftuPWSyq,nOgJEtffp9e3P1qN9pqUrIZB0WQ9VIdptmx5wtia,DboXcHUzjiTnEyfVzMA8hgefX2B7suIPftuPWSyq,MOx9AM3J6rnEQQJCSsWfT7wdOetSni3OV0mrNgho,MOx9AM3J6rnEQQJCSsWfT7wdOetSni3OV0mrNgho,0tSt4SUsOj8fKBL2OwFTAz878S85snjiNnAx7n8z
neo9uYRJVawyUm1nyXvQrJxwVqapvXp6gVg6kwxr,G97yzpX8HPnbmrVEC0Aoz2si9mlAiCfZmduqw99n,G97yzpX8HPnbmrVEC0Aoz2si9mlAiCfZmduqw99n,I9zyEumkNRxIzJ9lhMe24gjeuA05krtaF8GygUHD,I9zyEumkNRxIzJ9lhMe24gjeuA05krtaF8GygUHD,G97yzpX8HPnbmrVEC0Aoz2si9mlAiCfZmduqw99n
G97yzpX8HPnbmrVEC0Aoz2si9mlAiCfZmduqw99n,MOx9AM3J6rnEQQJCSsWfT7wdOetSni3OV0mrNgho,MOx9AM3J6rnEQQJCSsWfT7wdOetSni3OV0mrNgho,BR0isoSnDlgTmIqukAORkXTz6C9ABpEWp1Yw4Fx6,BR0isoSnDlgTmIqukAORkXTz6C9ABpEWp1Yw4Fx6,MOx9AM3J6rnEQQJCSsWfT7wdOetSni3OV0mrNgho
MOx9AM3J6rnEQQJCSsWfT7wdOetSni3OV0mrNgho,I9zyEumkNRxIzJ9lhMe24gjeuA05krtaF8GygUHD,I9zyEumkNRxIzJ9lhMe24gjeuA05krtaF8GygUHD,0tSt4SUsOj8fKBL2OwFTAz878S85snjiNnAx7n8z,0tSt4SUsOj8fKBL2OwFTAz878S85snjiNnAx7n8z,I9zyEumkNRxIzJ9lhMe24gjeuA05krtaF8GygUHD
I9zyEumkNRxIzJ9lhMe24gjeuA05krtaF8GygUHD,BR0isoSnDlgTmIqukAORkXTz6C9ABpEWp1Yw4Fx6,BR0isoSnDlgTmIqukAORkXTz6C9ABpEWp1Yw4Fx6,hBG5vMBqkXoKVhe5nKFmfjAVyNoGHSr22VXcrkoN,hBG5vMBqkXoKVhe5nKFmfjAVyNoGHSr22VXcrkoN,BR0isoSnDlgTmIqukAORkXTz6C9ABpEWp1Yw4Fx6
BR0isoSnDlgTmIqukAORkXTz6C9ABpEWp1Yw4Fx6,0tSt4SUsOj8fKBL2OwFTAz878S85snjiNnAx7n8z,0tSt4SUsOj8fKBL2OwFTAz878S85snjiNnAx7n8z,G0PLr6xT9E96wJTJXQDNB728J4rHnKFKya5jIcwT,G97yzpX8HPnbmrVEC0Aoz2si9mlAiCfZmduqw99n,0tSt4SUsOj8fKBL2OwFTAz878S85snjiNnAx7n8z
0tSt4SUsOj8fKBL2OwFTAz878S85snjiNnAx7n8z,hBG5vMBqkXoKVhe5nKFmfjAVyNoGHSr22VXcrkoN,hBG5vMBqkXoKVhe5nKFmfjAVyNoGHSr22VXcrkoN,G97yzpX8HPnbmrVEC0Aoz2si9mlAiCfZmduqw99n,MOx9AM3J6rnEQQJCSsWfT7wdOetSni3OV0mrNgho,G97yzpX8HPnbmrVEC0Aoz2si9mlAiCfZmduqw99n
hBG5vMBqkXoKVhe5nKFmfjAVyNoGHSr22VXcrkoN,G0PLr6xT9E96wJTJXQDNB728J4rHnKFKya5jIcwT,G0PLr6xT9E96wJTJXQDNB728J4rHnKFKya5jIcwT,MOx9AM3J6rnEQQJCSsWfT7wdOetSni3OV0mrNgho,I9zyEumkNRxIzJ9lhMe24gjeuA05krtaF8GygUHD,MOx9AM3J6rnEQQJCSsWfT7wdOetSni3OV0mrNgho
G0PLr6xT9E96wJTJXQDNB728J4rHnKFKya5jIcwT,DboXcHUzjiTnEyfVzMA8hgefX2B7suIPftuPWSyq,DboXcHUzjiTnEyfVzMA8hgefX2B7suIPftuPWSyq,I9zyEumkNRxIzJ9lhMe24gjeuA05krtaF8GygUHD,BR0isoSnDlgTmIqukAORkXTz6C9ABpEWp1Yw4Fx6,I9zyEumkNRxIzJ9lhMe24gjeuA05krtaF8GygUHD
DboXcHUzjiTnEyfVzMA8hgefX2B7suIPftuPWSyq,neo9uYRJVawyUm1nyXvQrJxwVqapvXp6gVg6kwxr,G97yzpX8HPnbmrVEC0Aoz2si9mlAiCfZmduqw99n,BR0isoSnDlgTmIqukAORkXTz6C9ABpEWp1Yw4Fx6,0tSt4SUsOj8fKBL2OwFTAz878S85snjiNnAx7n8z,BR0isoSnDlgTmIqukAORkXTz6C9ABpEWp1Yw4Fx6
neo9uYRJVawyUm1nyXvQrJxwVqapvXp6gVg6kwxr,nOgJEtffp9e3P1qN9pqUrIZB0WQ9VIdptmx5wtia,MOx9AM3J6rnEQQJCSsWfT7wdOetSni3OV0mrNgho,0tSt4SUsOj8fKBL2OwFTAz878S85snjiNnAx7n8z,hBG5vMBqkXoKVhe5nKFmfjAVyNoGHSr22VXcrkoN,0tSt4SUsOj8fKBL2OwFTAz878S85snjiNnAx7n8z
G97yzpX8HPnbmrVEC0Aoz2si9mlAiCfZmduqw99n,G97yzpX8HPnbmrVEC0Aoz2si9mlAiCfZmduqw99n,I9zyEumkNRxIzJ9lhMe24gjeuA05krtaF8GygUHD,hBG5vMBqkXoKVhe5nKFmfjAVyNoGHSr22VXcrkoN,G97yzpX8HPnbmrVEC0Aoz2si9mlAiCfZmduqw99n,G97yzpX8HPnbmrVEC0Aoz2si9mlAiCfZmduqw99n
MOx9AM3J6rnEQQJCSsWfT7wdOetSni3OV0mrNgho,MOx9AM3J6rnEQQJCSsWfT7wdOetSni3OV0mrNgho,BR0isoSnDlgTmIqukAORkXTz6C9ABpEWp1Yw4Fx6,G0PLr6xT9E96wJTJXQDNB728J4rHnKFKya5jIcwT,MOx9AM3J6rnEQQJCSsWfT7wdOetSni3OV0mrNgho,MOx9AM3J6rnEQQJCSsWfT7wdOetSni3OV0mrNgho
I9zyEumkNRxIzJ9lhMe24gjeuA05krtaF8GygUHD,I9zyEumkNRxIzJ9lhMe24gjeuA05krtaF8GygUHD,0tSt4SUsOj8fKBL2OwFTAz878S85snjiNnAx7n8z,G97yzpX8HPnbmrVEC0Aoz2si9mlAiCfZmduqw99n,I9zyEumkNRxIzJ9lhMe24gjeuA05krtaF8GygUHD,I9zyEumkNRxIzJ9lhMe24gjeuA05krtaF8GygUHD
BR0isoSnDlgTmIqukAORkXTz6C9ABpEWp1Yw4Fx6,BR0isoSnDlgTmIqukAORkXTz6C9ABpEWp1Yw4Fx6,hBG5vMBqkXoKVhe5nKFmfjAVyNoGHSr22VXcrkoN,MOx9AM3J6rnEQQJCSsWfT7wdOetSni3OV0mrNgho,BR0isoSnDlgTmIqukAORkXTz6C9ABpEWp1Yw4Fx6,BR0isoSnDlgTmIqukAORkXTz6C9ABpEWp1Yw4Fx6
0tSt4SUsOj8fKBL2OwFTAz878S85snjiNnAx7n8z,0tSt4SUsOj8fKBL2OwFTAz878S85snjiNnAx7n8z,G0PLr6xT9E96wJTJXQDNB728J4rHnKFKya5jIcwT,I9zyEumkNRxIzJ9lhMe24gjeuA05krtaF8GygUHD,0tSt4SUsOj8fKBL2OwFTAz878S85snjiNnAx7n8z,0tSt4SUsOj8fKBL2OwFTAz878S85snjiNnAx7n8z
hBG5vMBqkXoKVhe5nKFmfjAVyNoGHSr22VXcrkoN,hBG5vMBqkXoKVhe5nKFmfjAVyNoGHSr22VXcrkoN,DboXcHUzjiTnEyfVzMA8hgefX2B7suIPftuPWSyq,BR0isoSnDlgTmIqukAORkXTz6C9ABpEWp1Yw4Fx6,hBG5vMBqkXoKVhe5nKFmfjAVyNoGHSr22VXcrkoN,G97yzpX8HPnbmrVEC0Aoz2si9mlAiCfZmduqw99n
G0PLr6xT9E96wJTJXQDNB728J4rHnKFKya5jIcwT,G0PLr6xT9E96wJTJXQDNB728J4rHnKFKya5jIcwT,G97yzpX8HPnbmrVEC0Aoz2si9mlAiCfZmduqw99n,0tSt4SUsOj8fKBL2OwFTAz878S85snjiNnAx7n8z,G97yzpX8HPnbmrVEC0Aoz2si9mlAiCfZmduqw99n,MOx9AM3J6rnEQQJCSsWfT7wdOetSni3OV0mrNgho
DboXcHUzjiTnEyfVzMA8hgefX2B7suIPftuPWSyq,DboXcHUzjiTnEyfVzMA8hgefX2B7suIPftuPWSyq,MOx9AM3J6rnEQQJCSsWfT7wdOetSni3OV0mrNgho,hBG5vMBqkXoKVhe5nKFmfjAVyNoGHSr22VXcrkoN,MOx9AM3J6rnEQQJCSsWfT7wdOetSni3OV0mrNgho,I9zyEumkNRxIzJ9lhMe24gjeuA05krtaF8GygUHD
neo9uYRJVawyUm1nyXvQrJxwVqapvXp6gVg6kwxr,neo9uYRJVawyUm1nyXvQrJxwVqapvXp6gVg6kwxr,I9zyEumkNRxIzJ9lhMe24gjeuA05krtaF8GygUHD,G0PLr6xT9E96wJTJXQDNB728J4rHnKFKya5jIcwT,I9zyEumkNRxIzJ9lhMe24gjeuA05krtaF8GygUHD,BR0isoSnDlgTmIqukAORkXTz6C9ABpEWp1Yw4Fx6
G97yzpX8HPnbmrVEC0Aoz2si9mlAiCfZmduqw99n,nOgJEtffp9e3P1qN9pqUrIZB0WQ9VIdptmx5wtia,BR0isoSnDlgTmIqukAORkXTz6C9ABpEWp1Yw4Fx6,G97yzpX8HPnbmrVEC0Aoz2si9mlAiCfZmduqw99n,BR0isoSnDlgTmIqukAORkXTz6C9ABpEWp1Yw4Fx6,0tSt4SUsOj8fKBL2OwFTAz878S85snjiNnAx7n8z
MOx9AM3J6rnEQQJCSsWfT7wdOetSni3OV0mrNgho,G97yzpX8HPnbmrVEC0Aoz2si9mlAiCfZmduqw99n,0tSt4SUsOj8fKBL2OwFTAz878S85snjiNnAx7n8z,MOx9AM3J6rnEQQJCSsWfT7wdOetSni3OV0mrNgho,0tSt4SUsOj8fKBL2OwFTAz878S85snjiNnAx7n8z,G97yzpX8HPnbmrVEC0Aoz2si9mlAiCfZmduqw99n
I9zyEumkNRxIzJ9lhMe24gjeuA05krtaF8GygUHD,MOx9AM3J6rnEQQJCSsWfT7wdOetSni3OV0mrNgho,hBG5vMBqkXoKVhe5nKFmfjAVyNoGHSr22VXcrkoN,I9zyEumkNRxIzJ9lhMe24gjeuA05krtaF8GygUHD,hBG5vMBqkXoKVhe5nKFmfjAVyNoGHSr22VXcrkoN,MOx9AM3J6rnEQQJCSsWfT7wdOetSni3OV0mrNgho
BR0isoSnDlgTmIqukAORkXTz6C9ABpEWp1Yw4Fx6,I9zyEumkNRxIzJ9lhMe24gjeuA05krtaF8GygUHD,G0PLr6xT9E96wJTJXQDNB728J4rHnKFKya5jIcwT,BR0isoSnDlgTmIqukAORkXTz6C9ABpEWp1Yw4Fx6,G97yzpX8HPnbmrVEC0Aoz2si9mlAiCfZmduqw99n,I9zyEumkNRxIzJ9lhMe24gjeuA05krtaF8GygUHD
0tSt4SUsOj8fKBL2OwFTAz878S85snjiNnAx7n8z,BR0isoSnDlgTmIqukAORkXTz6C9ABpEWp1Yw4Fx6,DboXcHUzjiTnEyfVzMA8hgefX2B7suIPftuPWSyq,0tSt4SUsOj8fKBL2OwFTAz878S85snjiNnAx7n8z,MOx9AM3J6rnEQQJCSsWfT7wdOetSni3OV0mrNgho,BR0isoSnDlgTmIqukAORkXTz6C9ABpEWp1Yw4Fx6
hBG5vMBqkXoKVhe5nKFmfjAVyNoGHSr22VXcrkoN,0tSt4SUsOj8fKBL2OwFTAz878S85snjiNnAx7n8z,G97yzpX8HPnbmrVEC0Aoz2si9mlAiCfZmduqw99n,hBG5vMBqkXoKVhe5nKFmfjAVyNoGHSr22VXcrkoN,I9zyEumkNRxIzJ9lhMe24gjeuA05krtaF8GygUHD,0tSt4SUsOj8fKBL2OwFTAz878S85snjiNnAx7n8z
G0PLr6xT9E96wJTJXQDNB728J4rHnKFKya5jIcwT,hBG5vMBqkXoKVhe5nKFmfjAVyNoGHSr22VXcrkoN,MOx9AM3J6rnEQQJCSsWfT7wdOetSni3OV0mrNgho,G0PLr6xT9E96wJTJXQDNB728J4rHnKFKya5jIcwT,BR0isoSnDlgTmIqukAORkXTz6C9ABpEWp1Yw4Fx6,G97yzpX8HPnbmrVEC0Aoz2si9mlAiCfZmduqw99n
DboXcHUzjiTnEyfVzMA8hgefX2B7suIPftuPWSyq,G0PLr6xT9E96wJTJXQDNB728J4rHnKFKya5jIcwT,I9zyEumkNRxIzJ9lhMe24gjeuA05krtaF8GygUHD,G97yzpX8HPnbmrVEC0Aoz2si9mlAiCfZmduqw99n,0tSt4SUsOj8fKBL2OwFTAz878S85snjiNnAx7n8z,MOx9AM3J6rnEQQJCSsWfT7wdOetSni3OV0mrNgho
neo9uYRJVawyUm1nyXvQrJxwVqapvXp6gVg6kwxr,DboXcHUzjiTnEyfVzMA8hgefX2B7suIPftuPWSyq,BR0isoSnDlgTmIqukAORkXTz6C9ABpEWp1Yw4Fx6,MOx9AM3J6rnEQQJCSsWfT7wdOetSni3OV0mrNgho,hBG5vMBqkXoKVhe5nKFmfjAVyNoGHSr22VXcrkoN,I9zyEumkNRxIzJ9lhMe24gjeuA05krtaF8GygUHD
G97yzpX8HPnbmrVEC0Aoz2si9mlAiCfZmduqw99n,neo9uYRJVawyUm1nyXvQrJxwVqapvXp6gVg6kwxr,0tSt4SUsOj8fKBL2OwFTAz878S85snjiNnAx7n8z,I9zyEumkNRxIzJ9lhMe24gjeuA05krtaF8GygUHD,G97yzpX8HPnbmrVEC0Aoz2si9mlAiCfZmduqw99n,BR0isoSnDlgTmIqukAORkXTz6C9ABpEWp1Yw4Fx6
MOx9AM3J6rnEQQJCSsWfT7wdOetSni3OV0mrNgho,nOgJEtffp9e3P1qN9pqUrIZB0WQ9VIdptmx5wtia,hBG5vMBqkXoKVhe5nKFmfjAVyNoGHSr22VXcrkoN,BR0isoSnDlgTmIqukAORkXTz6C9ABpEWp1Yw4Fx6,MOx9AM3J6rnEQQJCSsWfT7wdOetSni3OV0mrNgho,0tSt4SUsOj8fKBL2OwFTAz878S85snjiNnAx7n8z
I9zyEumkNRxIzJ9lhMe24gjeuA05krtaF8GygUHD,G97yzpX8HPnbmrVEC0Aoz2si9mlAiCfZmduqw99n,G0PLr6xT9E96wJTJXQDNB728J4rHnKFKya5jIcwT,0tSt4SUsOj8fKBL2OwFTAz878S85snjiNnAx7n8z,I9zyEumkNRxIzJ9lhMe24gjeuA05krtaF8GygUHD,G97yzpX8HPnbmrVEC0Aoz2si9mlAiCfZmduqw99n
BR0isoSnDlgTmIqukAORkXTz6C9ABpEWp1Yw4Fx6,MOx9AM3J6rnEQQJCSsWfT7wdOetSni3OV0mrNgho,DboXcHUzjiTnEyfVzMA8hgefX2B7suIPftuPWSyq,hBG5vMBqkXoKVhe5nKFmfjAVyNoGHSr22VXcrkoN,BR0isoSnDlgTmIqukAORkXTz6C9ABpEWp1Yw4Fx6,MOx9AM3J6rnEQQJCSsWfT7wdOetSni3OV0mrNgho
0tSt4SUsOj8fKBL2OwFTAz878S85snjiNnAx7n8z,I9zyEumkNRxIzJ9lhMe24gjeuA05krtaF8GygUHD,G97yzpX8HPnbmrVEC0Aoz2si9mlAiCfZmduqw99n,G0PLr6xT9E96wJTJXQDNB728J4rHnKFKya5jIcwT,0tSt4SUsOj8fKBL2OwFTAz878S85snjiNnAx7n8z,I9zyEumkNRxIzJ9lhMe24gjeuA05krtaF8GygUHD
hBG5vMBqkXoKVhe5nKFmfjAVyNoGHSr22VXcrkoN,BR0isoSnDlgTmIqukAORkXTz6C9ABpEWp1Yw4Fx6,MOx9AM3J6rnEQQJCSsWfT7wdOetSni3OV0mrNgho,G97yzpX8HPnbmrVEC0Aoz2si9mlAiCfZmduqw99n,hBG5vMBqkXoKVhe5nKFmfjAVyNoGHSr22VXcrkoN,BR0isoSnDlgTmIqukAORkXTz6C9ABpEWp1Yw4Fx6
G0PLr6xT9E96wJTJXQDNB728J4rHnKFKya5jIcwT,0tSt4SUsOj8fKBL2OwFTAz878S85snjiNnAx7n8z,I9zyEumkNRxIzJ9lhMe24gjeuA05krtaF8GygUHD,MOx9AM3J6rnEQQJCSsWfT7wdOetSni3OV0mrNgho,G97yzpX8HPnbmrVEC0Aoz2si9mlAiCfZmduqw99n,0tSt4SUsOj8fKBL2OwFTAz878S85snjiNnAx7n8z
DboXcHUzjiTnEyfVzMA8hgefX2B7suIPftuPWSyq,hBG5vMBqkXoKVhe5nKFmfjAVyNoGHSr22VXcrkoN,BR0isoSnDlgTmIqukAORkXTz6C9ABpEWp1Yw4Fx6,I9zyEumkNRxIzJ9lhMe24gjeuA05krtaF8GygUHD,MOx9AM3J6rnEQQJCSsWfT7wdOetSni3OV0mrNgho,G97yzpX8HPnbmrVEC0Aoz2si9mlAiCfZmduqw99n
neo9uYRJVawyUm1nyXvQrJxwVqapvXp6gVg6kwxr,G0PLr6xT9E96wJTJXQDNB728J4rHnKFKya5jIcwT,0tSt4SUsOj8fKBL2OwFTAz878S85snjiNnAx7n8z,BR0isoSnDlgTmIqukAORkXTz6C9ABpEWp1Yw4Fx6,I9zyEumkNRxIzJ9lhMe24gjeuA05krtaF8GygUHD,MOx9AM3J6rnEQQJCSsWfT7wdOetSni3OV0mrNgho
G97yzpX8HPnbmrVEC0Aoz2si9mlAiCfZmduqw99n,DboXcHUzjiTnEyfVzMA8hgefX2B7suIPftuPWSyq,hBG5vMBqkXoKVhe5nKFmfjAVyNoGHSr22VXcrkoN,0tSt4SUsOj8fKBL2OwFTAz878S85snjiNnAx7n8z,BR0isoSnDlgTmIqukAORkXTz6C9ABpEWp1Yw4Fx6,I9zyEumkNRxIzJ9lhMe24gjeuA05krtaF8GygUHD
MOx9AM3J6rnEQQJCSsWfT7wdOetSni3OV0mrNgho,neo9uYRJVawyUm1nyXvQrJxwVqapvXp6gVg6kwxr,G0PLr6xT9E96wJTJXQDNB728J4rHnKFKya5jIcwT,hBG5vMBqkXoKVhe5nKFmfjAVyNoGHSr22VXcrkoN,0tSt4SUsOj8fKBL2OwFTAz878S85snjiNnAx7n8z,BR0isoSnDlgTmIqukAORkXTz6C9ABpEWp1Yw4Fx6
I9zyEumkNRxIzJ9lhMe24gjeuA05krtaF8GygUHD,nOgJEtffp9e3P1qN9pqUrIZB0WQ9VIdptmx5wtia,DboXcHUzjiTnEyfVzMA8hgefX2B7suIPftuPWSyq,G0PLr6xT9E96wJTJXQDNB728J4rHnKFKya5jIcwT,hBG5vMBqkXoKVhe5nKFmfjAVyNoGHSr22VXcrkoN,0tSt4SUsOj8fKBL2OwFTAz878S85snjiNnAx7n8z
BR0isoSnDlgTmIqukAORkXTz6C9ABpEWp1Yw4Fx6,G97yzpX8HPnbmrVEC0Aoz2si9mlAiCfZmduqw99n,G97yzpX8HPnbmrVEC0Aoz2si9mlAiCfZmduqw99n,G97yzpX8HPnbmrVEC0Aoz2si9mlAiCfZmduqw99n,G97yzpX8HPnbmrVEC0Aoz2si9mlAiCfZmduqw99n,G97yzpX8HPnbmrVEC0Aoz2si9mlAiCfZmduqw99n
0tSt4SUsOj8fKBL2OwFTAz878S85snjiNnAx7n8z,MOx9AM3J6rnEQQJCSsWfT7wdOetSni3OV0mrNgho,MOx9AM3J6rnEQQJCSsWfT7wdOetSni3OV0mrNgho,MOx9AM3J6rnEQQJCSsWfT7wdOetSni3OV0mrNgho,MOx9AM3J6rnEQQJCSsWfT7wdOetSni3OV0mrNgho,MOx9AM3J6rnEQQJCSsWfT7wdOetSni3OV0mrNgho
hBG5vMBqkXoKVhe5nKFmfjAVyNoGHSr22VXcrkoN,I9zyEumkNRxIzJ9lhMe24gjeuA05krtaF8GygUHD,I9zyEumkNRxIzJ9lhMe24gjeuA05krtaF8GygUHD,I9zyEumkNRxIzJ9lhMe24gjeuA05krtaF8GygUHD,I9zyEumkNRxIzJ9lhMe24gjeuA05krtaF8GygUHD,I9zyEumkNRxIzJ9lhMe24gjeuA05krtaF8GygUHD
G0PLr6xT9E96wJTJXQDNB728J4rHnKFKya5jIcwT,BR0isoSnDlgTmIqukAORkXTz6C9ABpEWp1Yw4Fx6,BR0isoSnDlgTmIqukAORkXTz6C9ABpEWp1Yw4Fx6,BR0isoSnDlgTmIqukAORkXTz6C9ABpEWp1Yw4Fx6,BR0isoSnDlgTmIqukAORkXTz6C9ABpEWp1Yw4Fx6,BR0isoSnDlgTmIqukAORkXTz6C9ABpEWp1Yw4Fx6
DboXcHUzjiTnEyfVzMA8hgefX2B7suIPftuPWSyq,0tSt4SUsOj8fKBL2OwFTAz878S85snjiNnAx7n8z,0tSt4SUsOj8fKBL2OwFTAz878S85snjiNnAx7n8z,0tSt4SUsOj8fKBL2OwFTAz878S85snjiNnAx7n8z,0tSt4SUsOj8fKBL2OwFTAz878S85snjiNnAx7n8z,0tSt4SUsOj8fKBL2OwFTAz878S85snjiNnAx7n8z
neo9uYRJVawyUm1nyXvQrJxwVqapvXp6gVg6kwxr,hBG5vMBqkXoKVhe5nKFmfjAVyNoGHSr22VXcrkoN,hBG5vMBqkXoKVhe5nKFmfjAVyNoGHSr22VXcrkoN,hBG5vMBqkXoKVhe5nKFmfjAVyNoGHSr22VXcrkoN,hBG5vMBqkXoKVhe5nKFmfjAVyNoGHSr22VXcrkoN,G97yzpX8HPnbmrVEC0Aoz2si9mlAiCfZmduqw99n
G97yzpX8HPnbmrVEC0Aoz2si9mlAiCfZmduqw99n,G0PLr6xT9E96wJTJXQDNB728J4rHnKFKya5jIcwT,G0PLr6xT9E96wJTJXQDNB728J4rHnKFKya5jIcwT,G0PLr6xT9E96wJTJXQDNB728J4rHnKFKya5jIcwT,G97yzpX8HPnbmrVEC0Aoz2si9mlAiCfZmduqw99n,MOx9AM3J6rnEQQJCSsWfT7wdOetSni3OV0mrNgho
MOx9AM3J6rnEQQJCSsWfT7wdOetSni3OV0mrNgho,DboXcHUzjiTnEyfVzMA8hgefX2B7suIPftuPWSyq,DboXcHUzjiTnEyfVzMA8hgefX2B7suIPftuPWSyq,G97yzpX8HPnbmrVEC0Aoz2si9mlAiCfZmduqw99n,MOx9AM3J6rnEQQJCSsWfT7wdOetSni3OV0mrNgho,I9zyEumkNRxIzJ9lhMe24gjeuA05krtaF8GygUHD
I9zyEumkNRxIzJ9lhMe24gjeuA05krtaF8GygUHD,neo9uYRJVawyUm1nyXvQrJxwVqapvXp6gVg6kwxr,G97yzpX8HPnbmrVEC0Aoz2si9mlAiCfZmduqw99n,MOx9AM3J6rnEQQJCSsWfT7wdOetSni3OV0mrNgho,I9zyEumkNRxIzJ9lhMe24gjeuA05krtaF8GygUHD,BR0isoSnDlgTmIqukAORkXTz6C9ABpEWp1Yw4Fx6
BR0isoSnDlgTmIqukAORkXTz6C9ABpEWp1Yw4Fx6,nOgJEtffp9e3P1qN9pqUrIZB0WQ9VIdptmx5wtia,MOx9AM3J6rnEQQJCSsWfT7wdOetSni3OV0mrNgho,I9zyEumkNRxIzJ9lhMe24gjeuA05krtaF8GygUHD,BR0isoSnDlgTmIqukAORkXTz6C9ABpEWp1Yw4Fx6,0tSt4SUsOj8fKBL2OwFTAz878S85snjiNnAx7n8z
0tSt4SUsOj8fKBL2OwFTAz878S85snjiNnAx7n8z,G97yzpX8HPnbmrVEC0Aoz2si9mlAiCfZmduqw99n,I9zyEumkNRxIzJ9lhMe24gjeuA05krtaF8GygUHD,BR0isoSnDlgTmIqukAORkXTz6C9ABpEWp1Yw4Fx6,0tSt4SUsOj8fKBL2OwFTAz878S85snjiNnAx7n8z,G97yzpX8HPnbmrVEC0Aoz2si9mlAiCfZmduqw99n
hBG5vMBqkXoKVhe5nKFmfjAVyNoGHSr22VXcrkoN,MOx9AM3J6rnEQQJCSsWfT7wdOetSni3OV0mrNgho,BR0isoSnDlgTmIqukAORkXTz6C9ABpEWp1Yw4Fx6,0tSt4SUsOj8fKBL2OwFTAz878S85snjiNnAx7n8z,hBG5vMBqkXoKVhe5nKFmfjAVyNoGHSr22VXcrkoN,MOx9AM3J6rnEQQJCSsWfT7wdOetSni3OV0mrNgho
G0PLr6xT9E96wJTJXQDNB728J4rHnKFKya5jIcwT,I9zyEumkNRxIzJ9lhMe24gjeuA05krtaF8GygUHD,0tSt4SUsOj8fKBL2OwFTAz878S85snjiNnAx7n8z,hBG5vMBqkXoKVhe5nKFmfjAVyNoGHSr22VXcrkoN,G97yzpX8HPnbmrVEC0Aoz2si9mlAiCfZmduqw99n,I9zyEumkNRxIzJ9lhMe24gjeuA05krtaF8GygUHD
DboXcHUzjiTnEyfVzMA8hgefX2B7suIPftuPWSyq,BR0isoSnDlgTmIqukAORkXTz6C9ABpEWp1Yw4Fx6,hBG5vMBqkXoKVhe5nKFmfjAVyNoGHSr22VXcrkoN,G0PLr6xT9E96wJTJXQDNB728J4rHnKFKya5jIcwT,MOx9AM3J6rnEQQJCSsWfT7wdOetSni3OV0mrNgho,BR0isoSnDlgTmIqukAORkXTz6C9ABpEWp1Yw4Fx6
neo9uYRJVawyUm1nyXvQrJxwVqapvXp6gVg6kwxr,0tSt4SUsOj8fKBL2OwFTAz878S85snjiNnAx7n8z,G0PLr6xT9E96wJTJXQDNB728J4rHnKFKya5jIcwT,G97yzpX8HPnbmrVEC0Aoz2si9mlAiCfZmduqw99n,I9zyEumkNRxIzJ9lhMe24gjeuA05krtaF8GygUHD,0tSt4SUsOj8fKBL2OwFTAz878S85snjiNnAx7n8z
G97yzpX8HPnbmrVEC0Aoz2si9mlAiCfZmduqw99n,hBG5vMBqkXoKVhe5nKFmfjAVyNoGHSr22VXcrkoN,DboXcHUzjiTnEyfVzMA8hgefX2B7suIPftuPWSyq,MOx9AM3J6rnEQQJCSsWfT7wdOetSni3OV0mrNgho,BR0isoSnDlgTmIqukAORkXTz6C9ABpEWp1Yw4Fx6,G97yzpX8HPnbmrVEC0Aoz2si9mlAiCfZmduqw99n
MOx9AM3J6rnEQQJCSsWfT7wdOetSni3OV0mrNgho,G0PLr6xT9E96wJTJXQDNB728J4rHnKFKya5jIcwT,G97yzpX8HPnbmrVEC0Aoz2si9mlAiCfZmduqw99n,I9zyEumkNRxIzJ9lhMe24gjeuA05krtaF8GygUHD,0tSt4SUsOj8fKBL2OwFTAz878S85snjiNnAx7n8z,MOx9AM3J6rnEQQJCSsWfT7wdOetSni3OV0mrNgho
I9zyEumkNRxIzJ9lhMe24gjeuA05krtaF8GygUHD,DboXcHUzjiTnEyfVzMA8hgefX2B7suIPftuPWSyq,MOx9AM3J6rnEQQJCSsWfT7wdOetSni3OV0mrNgho,BR0isoSnDlgTmIqukAORkXTz6C9ABpEWp1Yw4Fx6,hBG5vMBqkXoKVhe5nKFmfjAVyNoGHSr22VXcrkoN,I9zyEumkNRxIzJ9lhMe24gjeuA05krtaF8GygUHD
BR0isoSnDlgTmIqukAORkXTz6C9ABpEWp1Yw4Fx6,neo9uYRJVawyUm1nyXvQrJxwVqapvXp6gVg6kwxr,I9zyEumkNRxIzJ9lhMe24gjeuA05krtaF8GygUHD,0tSt4SUsOj8fKBL2OwFTAz878S85snjiNnAx7n8z,G97yzpX8HPnbmrVEC0Aoz2si9mlAiCfZmduqw99n,BR0isoSnDlgTmIqukAORkXTz6C9ABpEWp1Yw4Fx6
0tSt4SUsOj8fKBL2OwFTAz878S85snjiNnAx7n8z,nOgJEtffp9e3P1qN9pqUrIZB0WQ9VIdptmx5wtia,BR0isoSnDlgTmIqukAORkXTz6C9ABpEWp1Yw4Fx6,hBG5vMBqkXoKVhe5nKFmfjAVyNoGHSr22VXcrkoN,MOx9AM3J6rnEQQJCSsWfT7wdOetSni3OV0mrNgho,0tSt4SUsOj8fKBL2OwFTAz878S85snjiNnAx7n8z
hBG5vMBqkXoKVhe5nKFmfjAVyNoGHSr22VXcrkoN,G97yzpX8HPnbmrVEC0Aoz2si9mlAiCfZmduqw99n,0tSt4SUsOj8fKBL2OwFTAz878S85snjiNnAx7n8z,G0PLr6xT9E96wJTJXQDNB728J4rHnKFKya5jIcwT,I9zyEumkNRxIzJ9lhMe24gjeuA05krtaF8GygUHD,G97yzpX8HPnbmrVEC0Aoz2si9mlAiCfZmduqw99n
G0PLr6xT9E96wJTJXQDNB728J4rHnKFKya5jIcwT,MOx9AM3J6rnEQQJCSsWfT7wdOetSni3OV0mrNgho,hBG5vMBqkXoKVhe5nKFmfjAVyNoGHSr22VXcrkoN,G97yzpX8HPnbmrVEC0Aoz2si9mlAiCfZmduqw99n,BR0isoSnDlgTmIqukAORkXTz6C9ABpEWp1Yw4Fx6,MOx9AM3J6rnEQQJCSsWfT7wdOetSni3OV0mrNgho
DboXcHUzjiTnEyfVzMA8hgefX2B7suIPftuPWSyq,I9zyEumkNRxIzJ9lhMe24gjeuA05krtaF8GygUHD,G0PLr6xT9E96wJTJXQDNB728J4rHnKFKya5jIcwT,MOx9AM3J6rnEQQJCSsWfT7wdOetSni3OV0mrNgho,0tSt4SUsOj8fKBL2OwFTAz878S85snjiNnAx7n8z,I9zyEumkNRxIzJ9lhMe24gjeuA05krtaF8GygUHD
neo9uYRJVawyUm1nyXvQrJxwVqapvXp6gVg6kwxr,BR0isoSnDlgTmIqukAORkXTz6C9ABpEWp1Yw4Fx6,DboXcHUzjiTnEyfVzMA8hgefX2B7suIPftuPWSyq,I9zyEumkNRxIzJ9lhMe24gjeuA05krtaF8GygUHD,hBG5vMBqkXoKVhe5nKFmfjAVyNoGHSr22VXcrkoN,BR0isoSnDlgTmIqukAORkXTz6C9ABpEWp1Yw4Fx6
G97yzpX8HPnbmrVEC0Aoz2si9mlAiCfZmduqw99n,0tSt4SUsOj8fKBL2OwFTAz878S85snjiNnAx7n8z,G97yzpX8HPnbmrVEC0Aoz2si9mlAiCfZmduqw99n,BR0isoSnDlgTmIqukAORkXTz6C9ABpEWp1Yw4Fx6,G97yzpX8HPnbmrVEC0Aoz2si9mlAiCfZmduqw99n,0tSt4SUsOj8fKBL2OwFTAz878S85snjiNnAx7n8z
MOx9AM3J6rnEQQJCSsWfT7wdOetSni3OV0mrNgho,hBG5vMBqkXoKVhe5nKFmfjAVyNoGHSr22VXcrkoN,MOx9AM3J6rnEQQJCSsWfT7wdOetSni3OV0mrNgho,0tSt4SUsOj8fKBL2OwFTAz878S85snjiNnAx7n8z,MOx9AM3J6rnEQQJCSsWfT7wdOetSni3OV0mrNgho,G97yzpX8HPnbmrVEC0Aoz2si9mlAiCfZmduqw99n
I9zyEumkNRxIzJ9lhMe24gjeuA05krtaF8GygUHD,G0PLr6xT9E96wJTJXQDNB728J4rHnKFKya5jIcwT,I9zyEumkNRxIzJ9lhMe24gjeuA05krtaF8GygUHD,hBG5vMBqkXoKVhe5nKFmfjAVyNoGHSr22VXcrkoN,I9zyEumkNRxIzJ9lhMe24gjeuA05krtaF8GygUHD,MOx9AM3J6rnEQQJCSsWfT7wdOetSni3OV0mrNgho
BR0isoSnDlgTmIqukAORkXTz6C9ABpEWp1Yw4Fx6,DboXcHUzjiTnEyfVzMA8hgefX2B7suIPftuPWSyq,BR0isoSnDlgTmIqukAORkXTz6C9ABpEWp1Yw4Fx6,G0PLr6xT9E96wJTJXQDNB728J4rHnKFKya5jIcwT,BR0isoSnDlgTmIqukAORkXTz6C9ABpEWp1Yw4Fx6,I9zyEumkNRxIzJ9lhMe24gjeuA05krtaF8GygUHD
0tSt4SUsOj8fKBL2OwFTAz878S85snjiNnAx7n8z,neo9uYRJVawyUm1nyXvQrJxwVqapvXp6gVg6kwxr,0tSt4SUsOj8fKBL2OwFTAz878S85snjiNnAx7n8z,G97yzpX8HPnbmrVEC0Aoz2si9mlAiCfZmduqw99n,0tSt4SUsOj8fKBL2OwFTAz878S85snjiNnAx7n8z,BR0isoSnDlgTmIqukAORkXTz6C9ABpEWp1Yw4Fx6
hBG5vMBqkXoKVhe5nKFmfjAVyNoGHSr22VXcrkoN,nOgJEtffp9e3P1qN9pqUrIZB0WQ9VIdptmx5wtia,hBG5vMBqkXoKVhe5nKFmfjAVyNoGHSr22VXcrkoN,MOx9AM3J6rnEQQJCSsWfT7wdOetSni3OV0mrNgho,hBG5vMBqkXoKVhe5nKFmfjAVyNoGHSr22VXcrkoN,0tSt4SUsOj8fKBL2OwFTAz878S85snjiNnAx7n8z
G0PLr6xT9E96wJTJXQDNB728J4rHnKFKya5jIcwT,G97yzpX8HPnbmrVEC0Aoz2si9mlAiCfZmduqw99n,G0PLr6xT9E96wJTJXQDNB728J4rHnKFKya5jIcwT,I9zyEumkNRxIzJ9lhMe24gjeuA05krtaF8GygUHD,G97yzpX8HPnbmrVEC0Aoz2si9mlAiCfZmduqw99n,G97yzpX8HPnbmrVEC0Aoz2si9mlAiCfZmduqw99n
DboXcHUzjiTnEyfVzMA8hgefX2B7suIPftuPWSyq,MOx9AM3J6rnEQQJCSsWfT7wdOetSni3OV0mrNgho,DboXcHUzjiTnEyfVzMA8hgefX2B7suIPftuPWSyq,BR0isoSnDlgTmIqukAORkXTz6C9ABpEWp1Yw4Fx6,MOx9AM3J6rnEQQJCSsWfT7wdOetSni3OV0mrNgho,MOx9AM3J6rnEQQJCSsWfT7wdOetSni3OV0mrNgho
neo9uYRJVawyUm1nyXvQrJxwVqapvXp6gVg6kwxr,I9zyEumkNRxIzJ9lhMe24gjeuA05krtaF8GygUHD,G97yzpX8HPnbmrVEC0Aoz2si9mlAiCfZmduqw99n,0tSt4SUsOj8fKBL2OwFTAz878S85snjiNnAx7n8z,I9zyEumkNRxIzJ9lhMe24gjeuA05krtaF8GygUHD,I9zyEumkNRxIzJ9lhMe24gjeuA05krtaF8GygUHD
G97yzpX8HPnbmrVEC0Aoz2si9mlAiCfZmduqw99n,BR0isoSnDlgTmIqukAORkXTz6C9ABpEWp1Yw4Fx6,MOx9AM3J6rnEQQJCSsWfT7wdOetSni3OV0mrNgho,hBG5vMBqkXoKVhe5nKFmfjAVyNoGHSr22VXcrkoN,BR0isoSnDlgTmIqukAORkXTz6C9ABpEWp1Yw4Fx6,BR0isoSnDlgTmIqukAORkXTz6C9ABpEWp1Yw4Fx6
MOx9AM3J6rnEQQJCSsWfT7wdOetSni3OV0mrNgho,0tSt4SUsOj8fKBL2OwFTAz878S85snjiNnAx7n8z,I9zyEumkNRxIzJ9lhMe24gjeuA05krtaF8GygUHD,G0PLr6xT9E96wJTJXQDNB728J4rHnKFKya5jIcwT,0tSt4SUsOj8fKBL2OwFTAz878S85snjiNnAx7n8z,0tSt4SUsOj8fKBL2OwFTAz878S85snjiNnAx7n8z
I9zyEumkNRxIzJ9lhMe24gjeuA05krtaF8GygUHD,hBG5vMBqkXoKVhe5nKFmfjAVyNoGHSr22VXcrkoN,BR0isoSnDlgTmIqukAORkXTz6C9ABpEWp1Yw4Fx6,G97yzpX8HPnbmrVEC0Aoz2si9mlAiCfZmduqw99n,hBG5vMBqkXoKVhe5nKFmfjAVyNoGHSr22VXcrkoN,G97yzpX8HPnbmrVEC0Aoz2si9mlAiCfZmduqw99n
BR0isoSnDlgTmIqukAORkXTz6C9ABpEWp1Yw4Fx6,G0PLr6xT9E96wJTJXQDNB728J4rHnKFKya5jIcwT,0tSt4SUsOj8fKBL2OwFTAz878S85snjiNnAx7n8z,MOx9AM3J6rnEQQJCSsWfT7wdOetSni3OV0mrNgho,G97yzpX8HPnbmrVEC0Aoz2si9mlAiCfZmduqw99n,MOx9AM3J6rnEQQJCSsWfT7wdOetSni3OV0mrNgho
0tSt4SUsOj8fKBL2OwFTAz878S85snjiNnAx7n8z,DboXcHUzjiTnEyfVzMA8hgefX2B7suIPftuPWSyq,hBG5vMBqkXoKVhe5nKFmfjAVyNoGHSr22VXcrkoN,I9zyEumkNRxIzJ9lhMe24gjeuA05krtaF8GygUHD,MOx9AM3J6rnEQQJCSsWfT7wdOetSni3OV0mrNgho,I9zyEumkNRxIzJ9lhMe24gjeuA05krtaF8GygUHD
hBG5vMBqkXoKVhe5nKFmfjAVyNoGHSr22VXcrkoN,neo9uYRJVawyUm1nyXvQrJxwVqapvXp6gVg6kwxr,G0PLr6xT9E96wJTJXQDNB728J4rHnKFKya5jIcwT,BR0isoSnDlgTmIqukAORkXTz6C9ABpEWp1Yw4Fx6,I9zyEumkNRxIzJ9lhMe24gjeuA05krtaF8GygUHD,BR0isoSnDlgTmIqukAORkXTz6C9ABpEWp1Yw4Fx6
G0PLr6xT9E96wJTJXQDNB728J4rHnKFKya5jIcwT,nOgJEtffp9e3P1qN9pqUrIZB0WQ9VIdptmx5wtia,DboXcHUzjiTnEyfVzMA8hgefX2B7suIPftuPWSyq,0tSt4SUsOj8fKBL2OwFTAz878S85snjiNnAx7n8z,BR0isoSnDlgTmIqukAORkXTz6C9ABpEWp1Yw4Fx6,0tSt4SUsOj8fKBL2OwFTAz878S85snjiNnAx7n8z
DboXcHUzjiTnEyfVzMA8hgefX2B7suIPftuPWSyq,G97yzpX8HPnbmrVEC0Aoz2si9mlAiCfZmduqw99n,G97yzpX8HPnbmrVEC0Aoz2si9mlAiCfZmduqw99n,hBG5vMBqkXoKVhe5nKFmfjAVyNoGHSr22VXcrkoN,0tSt4SUsOj8fKBL2OwFTAz878S85snjiNnAx7n8z,G97yzpX8HPnbmrVEC0Aoz2si9mlAiCfZmduqw99n
neo9uYRJVawyUm1nyXvQrJxwVqapvXp6gVg6kwxr,MOx9AM3J6rnEQQJCSsWfT7wdOetSni3OV0mrNgho,MOx9AM3J6rnEQQJCSsWfT7wdOetSni3OV0mrNgho,G0PLr6xT9E96wJTJXQDNB728J4rHnKFKya5jIcwT,hBG5vMBqkXoKVhe5nKFmfjAVyNoGHSr22VXcrkoN,MOx9AM3J6rnEQQJCSsWfT7wdOetSni3OV0mrNgho
G97yzpX8HPnbmrVEC0Aoz2si9mlAiCfZmduqw99n,I9zyEumkNRxIzJ9lhMe24gjeuA05krtaF8GygUHD,I9zyEumkNRxIzJ9lhMe24gjeuA05krtaF8GygUHD,G97yzpX8HPnbmrVEC0Aoz2si9mlAiCfZmduqw99n,G97yzpX8HPnbmrVEC0Aoz2si9mlAiCfZmduqw99n,I9zyEumkNRxIzJ9lhMe24gjeuA05krtaF8GygUHD
MOx9AM3J6rnEQQJCSsWfT7wdOetSni3OV0mrNgho,BR0isoSnDlgTmIqukAORkXTz6C9ABpEWp1Yw4Fx6,BR0isoSnDlgTmIqukAORkXTz6C9ABpEWp1Yw4Fx6,MOx9AM3J6rnEQQJCSsWfT7wdOetSni3OV0mrNgho,MOx9AM3J6rnEQQJCSsWfT7wdOetSni3OV0mrNgho,BR0isoSnDlgTmIqukAORkXTz6C9ABpEWp1Yw4Fx6
I9zyEumkNRxIzJ9lhMe24gjeuA05krtaF8GygUHD,0tSt4SUsOj8fKBL2OwFTAz878S85snjiNnAx7n8z,0tSt4SUsOj8fKBL2OwFTAz878S85snjiNnAx7n8z,I9zyEumkNRxIzJ9lhMe24gjeuA05krtaF8GygUHD,I9zyEumkNRxIzJ9lhMe24gjeuA05krtaF8GygUHD,0tSt4SUsOj8fKBL2OwFTAz878S85snjiNnAx7n8z
BR0isoSnDlgTmIqukAORkXTz6C9ABpEWp1Yw4Fx6,hBG5vMBqkXoKVhe5nKFmfjAVyNoGHSr22VXcrkoN,hBG5vMBqkXoKVhe5nKFmfjAVyNoGHSr22VXcrkoN,BR0isoSnDlgTmIqukAORkXTz6C9ABpEWp1Yw4Fx6,BR0isoSnDlgTmIqukAORkXTz6C9ABpEWp1Yw4Fx6,G97yzpX8HPnbmrVEC0Aoz2si9mlAiCfZmduqw99n
0tSt4SUsOj8fKBL2OwFTAz878S85snjiNnAx7n8z,G0PLr6xT9E96wJTJXQDNB728J4rHnKFKya5jIcwT,G0PLr6xT9E96wJTJXQDNB728J4rHnKFKya5jIcwT,0tSt4SUsOj8fKBL2OwFTAz878S85snjiNnAx7n8z,0tSt4SUsOj8fKBL2OwFTAz878S85snjiNnAx7n8z,MOx9AM3J6rnEQQJCSsWfT7wdOetSni3OV0mrNgho
hBG5vMBqkXoKVhe5nKFmfjAVyNoGHSr22VXcrkoN,DboXcHUzjiTnEyfVzMA8hgefX2B7suIPftuPWSyq,DboXcHUzjiTnEyfVzMA8hgefX2B7suIPftuPWSyq,hBG5vMBqkXoKVhe5nKFmfjAVyNoGHSr22VXcrkoN,hBG5vMBqkXoKVhe5nKFmfjAVyNoGHSr22VXcrkoN,I9zyEumkNRxIzJ9lhMe24gjeuA05krtaF8GygUHD
G0PLr6xT9E96wJTJXQDNB728J4rHnKFKya5jIcwT,neo9uYRJVawyUm1nyXvQrJxwVqapvXp6gVg6kwxr,G97yzpX8HPnbmrVEC0Aoz2si9mlAiCfZmduqw99n,G0PLr6xT9E96wJTJXQDNB728J4rHnKFKya5jIcwT,G97yzpX8HPnbmrVEC0Aoz2si9mlAiCfZmduqw99n,BR0isoSnDlgTmIqukAORkXTz6C9ABpEWp1Yw4Fx6
DboXcHUzjiTnEyfVzMA8hgefX2B7suIPftuPWSyq,nOgJEtffp9e3P1qN9pqUrIZB0WQ9VIdptmx5wtia,MOx9AM3J6rnEQQJCSsWfT7wdOetSni3OV0mrNgho,G97yzpX8HPnbmrVEC0Aoz2si9mlAiCfZmduqw99n,MOx9AM3J6rnEQQJCSsWfT7wdOetSni3OV0mrNgho,0tSt4SUsOj8fKBL2OwFTAz878S85snjiNnAx7n8z
neo9uYRJVawyUm1nyXvQrJxwVqapvXp6gVg6kwxr,G97yzpX8HPnbmrVEC0Aoz2si9mlAiCfZmduqw99n,I9zyEumkNRxIzJ9lhMe24gjeuA05krtaF8GygUHD,MOx9AM3J6rnEQQJCSsWfT7wdOetSni3OV0mrNgho,I9zyEumkNRxIzJ9lhMe24gjeuA05krtaF8GygUHD,G97yzpX8HPnbmrVEC0Aoz2si9mlAiCfZmduqw99n
G97yzpX8HPnbmrVEC0Aoz2si9mlAiCfZmduqw99n,MOx9AM3J6rnEQQJCSsWfT7wdOetSni3OV0mrNgho,BR0isoSnDlgTmIqukAORkXTz6C9ABpEWp1Yw4Fx6,I9zyEumkNRxIzJ9lhMe24gjeuA05krtaF8GygUHD,BR0isoSnDlgTmIqukAORkXTz6C9ABpEWp1Yw4Fx6,MOx9AM3J6rnEQQJCSsWfT7wdOetSni3OV0mrNgho
MOx9AM3J6rnEQQJCSsWfT7wdOetSni3OV0mrNgho,I9zyEumkNRxIzJ9lhMe24gjeuA05krtaF8GygUHD,0tSt4SUsOj8fKBL2OwFTAz878S85snjiNnAx7n8z,BR0isoSnDlgTmIqukAORkXTz6C9ABpEWp1Yw4Fx6,0tSt4SUsOj8fKBL2OwFTAz878S85snjiNnAx7n8z,I9zyEumkNRxIzJ9lhMe24gjeuA05krtaF8GygUHD
I9zyEumkNRxIzJ9lhMe24gjeuA05krtaF8GygUHD,BR0isoSnDlgTmIqukAORkXTz6C9ABpEWp1Yw4Fx6,hBG5vMBqkXoKVhe5nKFmfjAVyNoGHSr22VXcrkoN,0tSt4SUsOj8fKBL2OwFTAz878S85snjiNnAx7n8z,hBG5vMBqkXoKVhe5nKFmfjAVyNoGHSr22VXcrkoN,BR0isoSnDlgTmIqukAORkXTz6C9ABpEWp1Yw4Fx6
BR0isoSnDlgTmIqukAORkXTz6C9ABpEWp1Yw4Fx6,0tSt4SUsOj8fKBL2OwFTAz878S85snjiNnAx7n8z,G0PLr6xT9E96wJTJXQDNB728J4rHnKFKya5jIcwT,hBG5vMBqkXoKVhe5nKFmfjAVyNoGHSr22VXcrkoN,G97yzpX8HPnbmrVEC0Aoz2si9mlAiCfZmduqw99n,0tSt4SUsOj8fKBL2OwFTAz878S85snjiNnAx7n8z
0tSt4SUsOj8fKBL2OwFTAz878S85snjiNnAx7n8z,hBG5vMBqkXoKVhe5nKFmfjAVyNoGHSr22VXcrkoN,DboXcHUzjiTnEyfVzMA8hgefX2B7suIPftuPWSyq,G0PLr6xT9E96wJTJXQDNB728J4rHnKFKya5jIcwT,MOx9AM3J6rnEQQJCSsWfT7wdOetSni3OV0mrNgho,G97yzpX8HPnbmrVEC0Aoz2si9mlAiCfZmduqw99n
hBG5vMBqkXoKVhe5nKFmfjAVyNoGHSr22VXcrkoN,G0PLr6xT9E96wJTJXQDNB728J4rHnKFKya5jIcwT,G97yzpX8HPnbmrVEC0Aoz2si9mlAiCfZmduqw99n,G97yzpX8HPnbmrVEC0Aoz2si9mlAiCfZmduqw99n,I9zyEumkNRxIzJ9lhMe24gjeuA05krtaF8GygUHD,MOx9AM3J6rnEQQJCSsWfT7wdOetSni3OV0mrNgho
G0PLr6xT9E96wJTJXQDNB728J4rHnKFKya5jIcwT,DboXcHUzjiTnEyfVzMA8hgefX2B7suIPftuPWSyq,MOx9AM3J6rnEQQJCSsWfT7wdOetSni3OV0mrNgho,MOx9AM3J6rnEQQJCSsWfT7wdOetSni3OV0mrNgho,BR0isoSnDlgTmIqukAORkXTz6C9ABpEWp1Yw4Fx6,I9zyEumkNRxIzJ9lhMe24gjeuA05krtaF8GygUHD
DboXcHUzjiTnEyfVzMA8hgefX2B7suIPftuPWSyq,neo9uYRJVawyUm1nyXvQrJxwVqapvXp6gVg6kwxr,I9zyEumkNRxIzJ9lhMe24gjeuA05krtaF8GygUHD,I9zyEumkNRxIzJ9lhMe24gjeuA05krtaF8GygUHD,0tSt4SUsOj8fKBL2OwFTAz878S85snjiNnAx7n8z,BR0isoSnDlgTmIqukAORkXTz6C9ABpEWp1Yw4Fx6
neo9uYRJVawyUm1nyXvQrJxwVqapvXp6gVg6kwxr,nOgJEtffp9e3P1qN9pqUrIZB0WQ9VIdptmx5wtia,BR0isoSnDlgTmIqukAORkXTz6C9ABpEWp1Yw4Fx6,BR0isoSnDlgTmIqukAORkXTz6C9ABpEWp1Yw4Fx6,hBG5vMBqkXoKVhe5nKFmfjAVyNoGHSr22VXcrkoN,0tSt4SUsOj8fKBL2OwFTAz878S85snjiNnAx7n8z
G97yzpX8HPnbmrVEC0Aoz2si9mlAiCfZmduqw99n,G97yzpX8HPnbmrVEC0Aoz2si9mlAiCfZmduqw99n,0tSt4SUsOj8fKBL2OwFTAz878S85snjiNnAx7n8z,0tSt4SUsOj8fKBL2OwFTAz878S85snjiNnAx7n8z,G97yzpX8HPnbmrVEC0Aoz2si9mlAiCfZmduqw99n,G97yzpX8HPnbmrVEC0Aoz2si9mlAiCfZmduqw99n
MOx9AM3J6rnEQQJCSsWfT7wdOetSni3OV0mrNgho,MOx9AM3J6rnEQQJCSsWfT7wdOetSni3OV0mrNgho,hBG5vMBqkXoKVhe5nKFmfjAVyNoGHSr22VXcrkoN,hBG5vMBqkXoKVhe5nKFmfjAVyNoGHSr22VXcrkoN,MOx9AM3J6rnEQQJCSsWfT7wdOetSni3OV0mrNgho,MOx9AM3J6rnEQQJCSsWfT7wdOetSni3OV0mrNgho
I9zyEumkNRxIzJ9lhMe24gjeuA05krtaF8GygUHD,I9zyEumkNRxIzJ9lhMe24gjeuA05krtaF8GygUHD,G0PLr6xT9E96wJTJXQDNB728J4rHnKFKya5jIcwT,G0PLr6xT9E96wJTJXQDNB728J4rHnKFKya5jIcwT,I9zyEumkNRxIzJ9lhMe24gjeuA05krtaF8GygUHD,I9zyEumkNRxIzJ9lhMe24gjeuA05krtaF8GygUHD
BR0isoSnDlgTmIqukAORkXTz6C9ABpEWp1Yw4Fx6,BR0isoSnDlgTmIqukAORkXTz6C9ABpEWp1Yw4Fx6,DboXcHUzjiTnEyfVzMA8hgefX2B7suIPftuPWSyq,G97yzpX8HPnbmrVEC0Aoz2si9mlAiCfZmduqw99n,BR0isoSnDlgTmIqukAORkXTz6C9ABpEWp1Yw4Fx6,BR0isoSnDlgTmIqukAORkXTz6C9ABpEWp1Yw4Fx6
0tSt4SUsOj8fKBL2OwFTAz878S85snjiNnAx7n8z,0tSt4SUsOj8fKBL2OwFTAz878S85snjiNnAx7n8z,G97yzpX8HPnbmrVEC0Aoz2si9mlAiCfZmduqw99n,MOx9AM3J6rnEQQJCSsWfT7wdOetSni3OV0mrNgho,0tSt4SUsOj8fKBL2OwFTAz878S85snjiNnAx7n8z,0tSt4SUsOj8fKBL2OwFTAz878S85snjiNnAx7n8z
hBG5vMBqkXoKVhe5nKFmfjAVyNoGHSr22VXcrkoN,hBG5vMBqkXoKVhe5nKFmfjAVyNoGHSr22VXcrkoN,MOx9AM3J6rnEQQJCSsWfT7wdOetSni3OV0mrNgho,I9zyEumkNRxIzJ9lhMe24gjeuA05krtaF8GygUHD,hBG5vMBqkXoKVhe5nKFmfjAVyNoGHSr22VXcrkoN,G97yzpX8HPnbmrVEC0Aoz2si9mlAiCfZmduqw99n
G0PLr6xT9E96wJTJXQDNB728J4rHnKFKya5jIcwT,G0PLr6xT9E96wJTJXQDNB728J4rHnKFKya5jIcwT,I9zyEumkNRxIzJ9lhMe24gjeuA05krtaF8GygUHD,BR0isoSnDlgTmIqukAORkXTz6C9ABpEWp1Yw4Fx6,G97yzpX8HPnbmrVEC0Aoz2si9mlAiCfZmduqw99n,MOx9AM3J6rnEQQJCSsWfT7wdOetSni3OV0mrNgho
DboXcHUzjiTnEyfVzMA8hgefX2B7suIPftuPWSyq,DboXcHUzjiTnEyfVzMA8hgefX2B7suIPftuPWSyq,BR0isoSnDlgTmIqukAORkXTz6C9ABpEWp1Yw4Fx6,0tSt4SUsOj8fKBL2OwFTAz878S85snjiNnAx7n8z,MOx9AM3J6rnEQQJCSsWfT7wdOetSni3OV0mrNgho,I9zyEumkNRxIzJ9lhMe24gjeuA05krtaF8GygUHD
neo9uYRJVawyUm1nyXvQrJxwVqapvXp6gVg6kwxr,neo9uYRJVawyUm1nyXvQrJxwVqapvXp6gVg6kwxr,0tSt4SUsOj8fKBL2OwFTAz878S85snjiNnAx7n8z,hBG5vMBqkXoKVhe5nKFmfjAVyNoGHSr22VXcrkoN,I9zyEumkNRxIzJ9lhMe24gjeuA05krtaF8GygUHD,BR0isoSnDlgTmIqukAORkXTz6C9ABpEWp1Yw4Fx6
G97yzpX8HPnbmrVEC0Aoz2si9mlAiCfZmduqw99n,nOgJEtffp9e3P1qN9pqUrIZB0WQ9VIdptmx5wtia,hBG5vMBqkXoKVhe5nKFmfjAVyNoGHSr22VXcrkoN,G0PLr6xT9E96wJTJXQDNB728J4rHnKFKya5jIcwT,BR0isoSnDlgTmIqukAORkXTz6C9ABpEWp1Yw4Fx6,0tSt4SUsOj8fKBL2OwFTAz878S85snjiNnAx7n8z
MOx9AM3J6rnEQQJCSsWfT7wdOetSni3OV0mrNgho,G97yzpX8HPnbmrVEC0Aoz2si9mlAiCfZmduqw99n,G0PLr6xT9E96wJTJXQDNB728J4rHnKFKya5jIcwT,G97yzpX8HPnbmrVEC0Aoz2si9mlAiCfZmduqw99n,0tSt4SUsOj8fKBL2OwFTAz878S85snjiNnAx7n8z,G97yzpX8HPnbmrVEC0Aoz2si9mlAiCfZmduqw99n
I9zyEumkNRxIzJ9lhMe24gjeuA05krtaF8GygUHD,MOx9AM3J6rnEQQJCSsWfT7wdOetSni3OV0mrNgho,DboXcHUzjiTnEyfVzMA8hgefX2B7suIPftuPWSyq,MOx9AM3J6rnEQQJCSsWfT7wdOetSni3OV0mrNgho,hBG5vMBqkXoKVhe5nKFmfjAVyNoGHSr22VXcrkoN,MOx9AM3J6rnEQQJCSsWfT7wdOetSni3OV0mrNgho
BR0isoSnDlgTmIqukAORkXTz6C9ABpEWp1Yw4Fx6,I9zyEumkNRxIzJ9lhMe24gjeuA05krtaF8GygUHD,G97yzpX8HPnbmrVEC0Aoz2si9mlAiCfZmduqw99n,I9zyEumkNRxIzJ9lhMe24gjeuA05krtaF8GygUHD,G97yzpX8HPnbmrVEC0Aoz2si9mlAiCfZmduqw99n,I9zyEumkNRxIzJ9lhMe24gjeuA05krtaF8GygUHD
0tSt4SUsOj8fKBL2OwFTAz878S85snjiNnAx7n8z,BR0isoSnDlgTmIqukAORkXTz6C9ABpEWp1Yw4Fx6,MOx9AM3J6rnEQQJCSsWfT7wdOetSni3OV0mrNgho,BR0isoSnDlgTmIqukAORkXTz6C9ABpEWp1Yw4Fx6,MOx9AM3J6rnEQQJCSsWfT7wdOetSni3OV0mrNgho,BR0isoSnDlgTmIqukAORkXTz6C9ABpEWp1Yw4Fx6
hBG5vMBqkXoKVhe5nKFmfjAVyNoGHSr22VXcrkoN,0tSt4SUsOj8fKBL2OwFTAz878S85snjiNnAx7n8z,I9zyEumkNRxIzJ9lhMe24gjeuA05krtaF8GygUHD,0tSt4SUsOj8fKBL2OwFTAz878S85snjiNnAx7n8z,I9zyEumkNRxIzJ9lhMe24gjeuA05krtaF8GygUHD,0tSt4SUsOj8fKBL2OwFTAz878S85snjiNnAx7n8z
G0PLr6xT9E96wJTJXQDNB728J4rHnKFKya5jIcwT,hBG5vMBqkXoKVhe5nKFmfjAVyNoGHSr22VXcrkoN,BR0isoSnDlgTmIqukAORkXTz6C9ABpEWp1Yw4Fx6,hBG5vMBqkXoKVhe5nKFmfjAVyNoGHSr22VXcrkoN,BR0isoSnDlgTmIqukAORkXTz6C9ABpEWp1Yw4Fx6,G97yzpX8HPnbmrVEC0Aoz2si9mlAiCfZmduqw99n
DboXcHUzjiTnEyfVzMA8hgefX2B7suIPftuPWSyq,G0PLr6xT9E96wJTJXQDNB728J4rHnKFKya5jIcwT,0tSt4SUsOj8fKBL2OwFTAz878S85snjiNnAx7n8z,G0PLr6xT9E96wJTJXQDNB728J4rHnKFKya5jIcwT,0tSt4SUsOj8fKBL2OwFTAz878S85snjiNnAx7n8z,MOx9AM3J6rnEQQJCSsWfT7wdOetSni3OV0mrNgho
neo9uYRJVawyUm1nyXvQrJxwVqapvXp6gVg6kwxr,DboXcHUzjiTnEyfVzMA8hgefX2B7suIPftuPWSyq,hBG5vMBqkXoKVhe5nKFmfjAVyNoGHSr22VXcrkoN,G97yzpX8HPnbmrVEC0Aoz2si9mlAiCfZmduqw99n,hBG5vMBqkXoKVhe5nKFmfjAVyNoGHSr22VXcrkoN,I9zyEumkNRxIzJ9lhMe24gjeuA05krtaF8GygUHD
G97yzpX8HPnbmrVEC0Aoz2si9mlAiCfZmduqw99n,neo9uYRJVawyUm1nyXvQrJxwVqapvXp6gVg6kwxr,G0PLr6xT9E96wJTJXQDNB728J4rHnKFKya5jIcwT,MOx9AM3J6rnEQQJCSsWfT7wdOetSni3OV0mrNgho,G97yzpX8HPnbmrVEC0Aoz2si9mlAiCfZmduqw99n,BR0isoSnDlgTmIqukAORkXTz6C9ABpEWp1Yw4Fx6
MOx9AM3J6rnEQQJCSsWfT7wdOetSni3OV0mrNgho,nOgJEtffp9e3P1qN9pqUrIZB0WQ9VIdptmx5wtia,DboXcHUzjiTnEyfVzMA8hgefX2B7suIPftuPWSyq,I9zyEumkNRxIzJ9lhMe24gjeuA05krtaF8GygUHD,MOx9AM3J6rnEQQJCSsWfT7wdOetSni3OV0mrNgho,0tSt4SUsOj8fKBL2OwFTAz878S85snjiNnAx7n8z
I9zyEumkNRxIzJ9lhMe24gjeuA05krtaF8GygUHD,G97yzpX8HPnbmrVEC0Aoz2si9mlAiCfZmduqw99n,G97yzpX8HPnbmrVEC0Aoz2si9mlAiCfZmduqw99n,BR0isoSnDlgTmIqukAORkXTz6C9ABpEWp1Yw4Fx6,I9zyEumkNRxIzJ9lhMe24gjeuA05krtaF8GygUHD,G97yzpX8HPnbmrVEC0Aoz2si9mlAiCfZmduqw99n
BR0isoSnDlgTmIqukAORkXTz6C9ABpEWp1Yw4Fx6,MOx9AM3J6rnEQQJCSsWfT7wdOetSni3OV0mrNgho,MOx9AM3J6rnEQQJCSsWfT7wdOetSni3OV0mrNgho,0tSt4SUsOj8fKBL2OwFTAz878S85snjiNnAx7n8z,BR0isoSnDlgTmIqukAORkXTz6C9ABpEWp1Yw4Fx6,MOx9AM3J6rnEQQJCSsWfT7wdOetSni3OV0mrNgho
0tSt4SUsOj8fKBL2OwFTAz878S85snjiNnAx7n8z,I9zyEumkNRxIzJ9lhMe24gjeuA05krtaF8GygUHD,I9zyEumkNRxIzJ9lhMe24gjeuA05krtaF8GygUHD,hBG5vMBqkXoKVhe5nKFmfjAVyNoGHSr22VXcrkoN,0tSt4SUsOj8fKBL2OwFTAz878S85snjiNnAx7n8z,I9zyEumkNRxIzJ9lhMe24gjeuA05krtaF8GygUHD
hBG5vMBqkXoKVhe5nKFmfjAVyNoGHSr22VXcrkoN,BR0isoSnDlgTmIqukAORkXTz6C9ABpEWp1Yw4Fx6,BR0isoSnDlgTmIqukAORkXTz6C9ABpEWp1Yw4Fx6,G0PLr6xT9E96wJTJXQDNB728J4rHnKFKya5jIcwT,hBG5vMBqkXoKVhe5nKFmfjAVyNoGHSr22VXcrkoN,BR0isoSnDlgTmIqukAORkXTz6C9ABpEWp1Yw4Fx6
G0PLr6xT9E96wJTJXQDNB728J4rHnKFKya5jIcwT,0tSt4SUsOj8fKBL2OwFTAz878S85snjiNnAx7n8z,0tSt4SUsOj8fKBL2OwFTAz878S85snjiNnAx7n8z,G97yzpX8HPnbmrVEC0Aoz2si9mlAiCfZmduqw99n,G97yzpX8HPnbmrVEC0Aoz2si9mlAiCfZmduqw99n,0tSt4SUsOj8fKBL2OwFTAz878S85snjiNnAx7n8z
DboXcHUzjiTnEyfVzMA8hgefX2B7suIPftuPWSyq,hBG5vMBqkXoKVhe5nKFmfjAVyNoGHSr22VXcrkoN,hBG5vMBqkXoKVhe5nKFmfjAVyNoGHSr22VXcrkoN,MOx9AM3J6rnEQQJCSsWfT7wdOetSni3OV0mrNgho,MOx9AM3J6rnEQQJCSsWfT7wdOetSni3OV0mrNgho,G97yzpX8HPnbmrVEC0Aoz2si9mlAiCfZmduqw99n
neo9uYRJVawyUm1nyXvQrJxwVqapvXp6gVg6kwxr,G0PLr6xT9E96wJTJXQDNB728J4rHnKFKya5jIcwT,G0PLr6xT9E96wJTJXQDNB728J4rHnKFKya5jIcwT,I9zyEumkNRxIzJ9lhMe24gjeuA05krtaF8GygUHD,I9zyEumkNRxIzJ9lhMe24gjeuA05krtaF8GygUHD,MOx9AM3J6rnEQQJCSsWfT7wdOetSni3OV0mrNgho
G97yzpX8HPnbmrVEC0Aoz2si9mlAiCfZmduqw99n,DboXcHUzjiTnEyfVzMA8hgefX2B7suIPftuPWSyq,DboXcHUzjiTnEyfVzMA8hgefX2B7suIPftuPWSyq,BR0isoSnDlgTmIqukAORkXTz6C9ABpEWp1Yw4Fx6,BR0isoSnDlgTmIqukAORkXTz6C9ABpEWp1Yw4Fx6,I9zyEumkNRxIzJ9lhMe24gjeuA05krtaF8GygUHD
MOx9AM3J6rnEQQJCSsWfT7wdOetSni3OV0mrNgho,neo9uYRJVawyUm1nyXvQrJxwVqapvXp6gVg6kwxr,G97yzpX8HPnbmrVEC0Aoz2si9mlAiCfZmduqw99n,0tSt4SUsOj8fKBL2OwFTAz878S85snjiNnAx7n8z,0tSt4SUsOj8fKBL2OwFTAz878S85snjiNnAx7n8z,BR0isoSnDlgTmIqukAORkXTz6C9ABpEWp1Yw4Fx6
I9zyEumkNRxIzJ9lhMe24gjeuA05krtaF8GygUHD,nOgJEtffp9e3P1qN9pqUrIZB0WQ9VIdptmx5wtia,MOx9AM3J6rnEQQJCSsWfT7wdOetSni3OV0mrNgho,hBG5vMBqkXoKVhe5nKFmfjAVyNoGHSr22VXcrkoN,hBG5vMBqkXoKVhe5nKFmfjAVyNoGHSr22VXcrkoN,0tSt4SUsOj8fKBL2OwFTAz878S85snjiNnAx7n8z
BR0isoSnDlgTmIqukAORkXTz6C9ABpEWp1Yw4Fx6,G97yzpX8HPnbmrVEC0Aoz2si9mlAiCfZmduqw99n,I9zyEumkNRxIzJ9lhMe24gjeuA05krtaF8GygUHD,G0PLr6xT9E96wJTJXQDNB728J4rHnKFKya5jIcwT,G97yzpX8HPnbmrVEC0Aoz2si9mlAiCfZmduqw99n,G97yzpX8HPnbmrVEC0Aoz2si9mlAiCfZmduqw99n
0tSt4SUsOj8fKBL2OwFTAz878S85snjiNnAx7n8z,MOx9AM3J6rnEQQJCSsWfT7wdOetSni3OV0mrNgho,BR0isoSnDlgTmIqukAORkXTz6C9ABpEWp1Yw4Fx6,G97yzpX8HPnbmrVEC0Aoz2si9mlAiCfZmduqw99n,MOx9AM3J6rnEQQJCSsWfT7wdOetSni3OV0mrNgho,MOx9AM3J6rnEQQJCSsWfT7wdOetSni3OV0mrNgho
hBG5vMBqkXoKVhe5nKFmfjAVyNoGHSr22VXcrkoN,I9zyEumkNRxIzJ9lhMe24gjeuA05krtaF8GygUHD,0tSt4SUsOj8fKBL2OwFTAz878S85snjiNnAx7n8z,MOx9AM3J6rnEQQJCSsWfT7wdOetSni3OV0mrNgho,I9zyEumkNRxIzJ9lhMe24gjeuA05krtaF8GygUHD,I9zyEumkNRxIzJ9lhMe24gjeuA05krtaF8GygUHD
G0PLr6xT9E96wJTJXQDNB728J4rHnKFKya5jIcwT,BR0isoSnDlgTmIqukAORkXTz6C9ABpEWp1Yw4Fx6,hBG5vMBqkXoKVhe5nKFmfjAVyNoGHSr22VXcrkoN,I9zyEumkNRxIzJ9lhMe24gjeuA05krtaF8GygUHD,BR0isoSnDlgTmIqukAORkXTz6C9ABpEWp1Yw4Fx6,BR0isoSnDlgTmIqukAORkXTz6C9ABpEWp1Yw4Fx6
DboXcHUzjiTnEyfVzMA8hgefX2B7suIPftuPWSyq,0tSt4SUsOj8fKBL2OwFTAz878S85snjiNnAx7n8z,G0PLr6xT9E96wJTJXQDNB728J4rHnKFKya5jIcwT,BR0isoSnDlgTmIqukAORkXTz6C9ABpEWp1Yw4Fx6,0tSt4SUsOj8fKBL2OwFTAz878S85snjiNnAx7n8z,0tSt4SUsOj8fKBL2OwFTAz878S85snjiNnAx7n8z
neo9uYRJVawyUm1nyXvQrJxwVqapvXp6gVg6kwxr,hBG5vMBqkXoKVhe5nKFmfjAVyNoGHSr22VXcrkoN,DboXcHUzjiTnEyfVzMA8hgefX2B7suIPftuPWSyq,0tSt4SUsOj8fKBL2OwFTAz878S85snjiNnAx7n8z,hBG5vMBqkXoKVhe5nKFmfjAVyNoGHSr22VXcrkoN,G97yzpX8HPnbmrVEC0Aoz2si9mlAiCfZmduqw99n
G97yzpX8HPnbmrVEC0Aoz2si9mlAiCfZmduqw99n,G0PLr6xT9E96wJTJXQDNB728J4rHnKFKya5jIcwT,G97yzpX8HPnbmrVEC0Aoz2si9mlAiCfZmduqw99n,hBG5vMBqkXoKVhe5nKFmfjAVyNoGHSr22VXcrkoN,G97yzpX8HPnbmrVEC0Aoz2si9mlAiCfZmduqw99n,MOx9AM3J6rnEQQJCSsWfT7wdOetSni3OV0mrNgho
MOx9AM3J6rnEQQJCSsWfT7wdOetSni3OV0mrNgho,DboXcHUzjiTnEyfVzMA8hgefX2B7suIPftuPWSyq,MOx9AM3J6rnEQQJCSsWfT7wdOetSni3OV0mrNgho,G0PLr6xT9E96wJTJXQDNB728J4rHnKFKya5jIcwT,MOx9AM3J6rnEQQJCSsWfT7wdOetSni3OV0mrNgho,I9zyEumkNRxIzJ9lhMe24gjeuA05krtaF8GygUHD
I9zyEumkNRxIzJ9lhMe24gjeuA05krtaF8GygUHD,neo9uYRJVawyUm1nyXvQrJxwVqapvXp6gVg6kwxr,I9zyEumkNRxIzJ9lhMe24gjeuA05krtaF8GygUHD,G97yzpX8HPnbmrVEC0Aoz2si9mlAiCfZmduqw99n,I9zyEumkNRxIzJ9lhMe24gjeuA05krtaF8GygUHD,BR0isoSnDlgTmIqukAORkXTz6C9ABpEWp1Yw4Fx6
BR0isoSnDlgTmIqukAORkXTz6C9ABpEWp1Yw4Fx6,nOgJEtffp9e3P1qN9pqUrIZB0WQ9VIdptmx5wtia,BR0isoSnDlgTmIqukAORkXTz6C9ABpEWp1Yw4Fx6,MOx9AM3J6rnEQQJCSsWfT7wdOetSni3OV0mrNgho,BR0isoSnDlgTmIqukAORkXTz6C9ABpEWp1Yw4Fx6,0tSt4SUsOj8fKBL2OwFTAz878S85snjiNnAx7n8z
0tSt4SUsOj8fKBL2OwFTAz878S85snjiNnAx7n8z,G97yzpX8HPnbmrVEC0Aoz2si9mlAiCfZmduqw99n,0tSt4SUsOj8fKBL2OwFTAz878S85snjiNnAx7n8z,I9zyEumkNRxIzJ9lhMe24gjeuA05krtaF8GygUHD,0tSt4SUsOj8fKBL2OwFTAz878S85snjiNnAx7n8z,G97yzpX8HPnbmrVEC0Aoz2si9mlAiCfZmduqw99n
hBG5vMBqkXoKVhe5nKFmfjAVyNoGHSr22VXcrkoN,MOx9AM3J6rnEQQJCSsWfT7wdOetSni3OV0mrNgho,hBG5vMBqkXoKVhe5nKFmfjAVyNoGHSr22VXcrkoN,BR0isoSnDlgTmIqukAORkXTz6C9ABpEWp1Yw4Fx6,hBG5vMBqkXoKVhe5nKFmfjAVyNoGHSr22VXcrkoN,MOx9AM3J6rnEQQJCSsWfT7wdOetSni3OV0mrNgho
G0PLr6xT9E96wJTJXQDNB728J4rHnKFKya5jIcwT,I9zyEumkNRxIzJ9lhMe24gjeuA05krtaF8GygUHD,G0PLr6xT9E96wJTJXQDNB728J4rHnKFKya5jIcwT,0tSt4SUsOj8fKBL2OwFTAz878S85snjiNnAx7n8z,G97yzpX8HPnbmrVEC0Aoz2si9mlAiCfZmduqw99n,I9zyEumkNRxIzJ9lhMe24gjeuA05krtaF8GygUHD
DboXcHUzjiTnEyfVzMA8hgefX2B7suIPftuPWSyq,BR0isoSnDlgTmIqukAORkXTz6C9ABpEWp1Yw4Fx6,DboXcHUzjiTnEyfVzMA8hgefX2B7suIPftuPWSyq,hBG5vMBqkXoKVhe5nKFmfjAVyNoGHSr22VXcrkoN,MOx9AM3J6rnEQQJCSsWfT7wdOetSni3OV0mrNgho,BR0isoSnDlgTmIqukAORkXTz6C9ABpEWp1Yw4Fx6
neo9uYRJVawyUm1nyXvQrJxwVqapvXp6gVg6kwxr,0tSt4SUsOj8fKBL2OwFTAz878S85snjiNnAx7n8z,G97yzpX8HPnbmrVEC0Aoz2si9mlAiCfZmduqw99n,G0PLr6xT9E96wJTJXQDNB728J4rHnKFKya5jIcwT,I9zyEumkNRxIzJ9lhMe24gjeuA05krtaF8GygUHD,0tSt4SUsOj8fKBL2OwFTAz878S85snjiNnAx7n8z
G97yzpX8HPnbmrVEC0Aoz2si9mlAiCfZmduqw99n,hBG5vMBqkXoKVhe5nKFmfjAVyNoGHSr22VXcrkoN,MOx9AM3J6rnEQQJCSsWfT7wdOetSni3OV0mrNgho,G97yzpX8HPnbmrVEC0Aoz2si9mlAiCfZmduqw99n,BR0isoSnDlgTmIqukAORkXTz6C9ABpEWp1Yw4Fx6,G97yzpX8HPnbmrVEC0Aoz2si9mlAiCfZmduqw99n
MOx9AM3J6rnEQQJCSsWfT7wdOetSni3OV0mrNgho,G0PLr6xT9E96wJTJXQDNB728J4rHnKFKya5jIcwT,I9zyEumkNRxIzJ9lhMe24gjeuA05krtaF8GygUHD,MOx9AM3J6rnEQQJCSsWfT7wdOetSni3OV0mrNgho,0tSt4SUsOj8fKBL2OwFTAz878S85snjiNnAx7n8z,MOx9AM3J6rnEQQJCSsWfT7wdOetSni3OV0mrNgho
I9zyEumkNRxIzJ9lhMe24gjeuA05krtaF8GygUHD,DboXcHUzjiTnEyfVzMA8hgefX2B7suIPftuPWSyq,BR0isoSnDlgTmIqukAORkXTz6C9ABpEWp1Yw4Fx6,I9zyEumkNRxIzJ9lhMe24gjeuA05krtaF8GygUHD,hBG5vMBqkXoKVhe5nKFmfjAVyNoGHSr22VXcrkoN,I9zyEumkNRxIzJ9lhMe24gjeuA05krtaF8GygUHD
BR0isoSnDlgTmIqukAORkXTz6C9ABpEWp1Yw4Fx6,neo9uYRJVawyUm1nyXvQrJxwVqapvXp6gVg6kwxr,0tSt4SUsOj8fKBL2OwFTAz878S85snjiNnAx7n8z,BR0isoSnDlgTmIqukAORkXTz6C9ABpEWp1Yw4Fx6,G97yzpX8HPnbmrVEC0Aoz2si9mlAiCfZmduqw99n,BR0isoSnDlgTmIqukAORkXTz6C9ABpEWp1Yw4Fx6
0tSt4SUsOj8fKBL2OwFTAz878S85snjiNnAx7n8z,nOgJEtffp9e3P1qN9pqUrIZB0WQ9VIdptmx5wtia,hBG5vMBqkXoKVhe5nKFmfjAVyNoGHSr22VXcrkoN,0tSt4SUsOj8fKBL2OwFTAz878S85snjiNnAx7n8z,MOx9AM3J6rnEQQJCSsWfT7wdOetSni3OV0mrNgho,0tSt4SUsOj8fKBL2OwFTAz878S85snjiNnAx7n8z
hBG5vMBqkXoKVhe5nKFmfjAVyNoGHSr22VXcrkoN,G97yzpX8HPnbmrVEC0Aoz2si9mlAiCfZmduqw99n,G0PLr6xT9E96wJTJXQDNB728J4rHnKFKya5jIcwT,hBG5vMBqkXoKVhe5nKFmfjAVyNoGHSr22VXcrkoN,I9zyEumkNRxIzJ9lhMe24gjeuA05krtaF8GygUHD,G97yzpX8HPnbmrVEC0Aoz2si9mlAiCfZmduqw99n
G0PLr6xT9E96wJTJXQDNB728J4rHnKFKya5jIcwT,MOx9AM3J6rnEQQJCSsWfT7wdOetSni3OV0mrNgho,DboXcHUzjiTnEyfVzMA8hgefX2B7suIPftuPWSyq,G0PLr6xT9E96wJTJXQDNB728J4rHnKFKya5jIcwT,BR0isoSnDlgTmIqukAORkXTz6C9ABpEWp1Yw4Fx6,MOx9AM3J6rnEQQJCSsWfT7wdOetSni3OV0mrNgho
DboXcHUzjiTnEyfVzMA8hgefX2B7suIPftuPWSyq,I9zyEumkNRxIzJ9lhMe24gjeuA05krtaF8GygUHD,G97yzpX8HPnbmrVEC0Aoz2si9mlAiCfZmduqw99n,G97yzpX8HPnbmrVEC0Aoz2si9mlAiCfZmduqw99n,0tSt4SUsOj8fKBL2OwFTAz878S85snjiNnAx7n8z,I9zyEumkNRxIzJ9lhMe24gjeuA05krtaF8GygUHD
neo9uYRJVawyUm1nyXvQrJxwVqapvXp6gVg6kwxr,BR0isoSnDlgTmIqukAORkXTz6C9ABpEWp1Yw4Fx6,MOx9AM3J6rnEQQJCSsWfT7wdOetSni3OV0mrNgho,MOx9AM3J6rnEQQJCSsWfT7wdOetSni3OV0mrNgho,hBG5vMBqkXoKVhe5nKFmfjAVyNoGHSr22VXcrkoN,BR0isoSnDlgTmIqukAORkXTz6C9ABpEWp1Yw4Fx6
G97yzpX8HPnbmrVEC0Aoz2si9mlAiCfZmduqw99n,0tSt4SUsOj8fKBL2OwFTAz878S85snjiNnAx7n8z,I9zyEumkNRxIzJ9lhMe24gjeuA05krtaF8GygUHD,I9zyEumkNRxIzJ9lhMe24gjeuA05krtaF8GygUHD,G97yzpX8HPnbmrVEC0Aoz2si9mlAiCfZmduqw99n,0tSt4SUsOj8fKBL2OwFTAz878S85snjiNnAx7n8z
MOx9AM3J6rnEQQJCSsWfT7wdOetSni3OV0mrNgho,hBG5vMBqkXoKVhe5nKFmfjAVyNoGHSr22VXcrkoN,BR0isoSnDlgTmIqukAORkXTz6C9ABpEWp1Yw4Fx6,BR0isoSnDlgTmIqukAORkXTz6C9ABpEWp1Yw4Fx6,MOx9AM3J6rnEQQJCSsWfT7wdOetSni3OV0mrNgho,G97yzpX8HPnbmrVEC0Aoz2si9mlAiCfZmduqw99n
I9zyEumkNRxIzJ9lhMe24gjeuA05krtaF8GygUHD,G0PLr6xT9E96wJTJXQDNB728J4rHnKFKya5jIcwT,0tSt4SUsOj8fKBL2OwFTAz878S85snjiNnAx7n8z,0tSt4SUsOj8fKBL2OwFTAz878S85snjiNnAx7n8z,I9zyEumkNRxIzJ9lhMe24gjeuA05krtaF8GygUHD,MOx9AM3J6rnEQQJCSsWfT7wdOetSni3OV0mrNgho
BR0isoSnDlgTmIqukAORkXTz6C9ABpEWp1Yw4Fx6,DboXcHUzjiTnEyfVzMA8hgefX2B7suIPftuPWSyq,hBG5vMBqkXoKVhe5nKFmfjAVyNoGHSr22VXcrkoN,hBG5vMBqkXoKVhe5nKFmfjAVyNoGHSr22VXcrkoN,BR0isoSnDlgTmIqukAORkXTz6C9ABpEWp1Yw4Fx6,I9zyEumkNRxIzJ9lhMe24gjeuA05krtaF8GygUHD
0tSt4SUsOj8fKBL2OwFTAz878S85snjiNnAx7n8z,neo9uYRJVawyUm1nyXvQrJxwVqapvXp6gVg6kwxr,G0PLr6xT9E96wJTJXQDNB728J4rHnKFKya5jIcwT,G0PLr6xT9E96wJTJXQDNB728J4rHnKFKya5jIcwT,0tSt4SUsOj8fKBL2OwFTAz878S85snjiNnAx7n8z,BR0isoSnDlgTmIqukAORkXTz6C9ABpEWp1Yw4Fx6
hBG5vMBqkXoKVhe5nKFmfjAVyNoGHSr22VXcrkoN,nOgJEtffp9e3P1qN9pqUrIZB0WQ9VIdptmx5wtia,DboXcHUzjiTnEyfVzMA8hgefX2B7suIPftuPWSyq,G97yzpX8HPnbmrVEC0Aoz2si9mlAiCfZmduqw99n,hBG5vMBqkXoKVhe5nKFmfjAVyNoGHSr22VXcrkoN,0tSt4SUsOj8fKBL2OwFTAz878S85snjiNnAx7n8z
G0PLr6xT9E96wJTJXQDNB728J4rHnKFKya5jIcwT,G97yzpX8HPnbmrVEC0Aoz2si9mlAiCfZmduqw99n,G97yzpX8HPnbmrVEC0Aoz2si9mlAiCfZmduqw99n,MOx9AM3J6rnEQQJCSsWfT7wdOetSni3OV0mrNgho,G97yzpX8HPnbmrVEC0Aoz2si9mlAiCfZmduqw99n,G97yzpX8HPnbmrVEC0Aoz2si9mlAiCfZmduqw99n
DboXcHUzjiTnEyfVzMA8hgefX2B7suIPftuPWSyq,MOx9AM3J6rnEQQJCSsWfT7wdOetSni3OV0mrNgho,MOx9AM3J6rnEQQJCSsWfT7wdOetSni3OV0mrNgho,I9zyEumkNRxIzJ9lhMe24gjeuA05krtaF8GygUHD,MOx9AM3J6rnEQQJCSsWfT7wdOetSni3OV0mrNgho,MOx9AM3J6rnEQQJCSsWfT7wdOetSni3OV0mrNgho
neo9uYRJVawyUm1nyXvQrJxwVqapvXp6gVg6kwxr,I9zyEumkNRxIzJ9lhMe24gjeuA05krtaF8GygUHD,I9zyEumkNRxIzJ9lhMe24gjeuA05krtaF8GygUHD,BR0isoSnDlgTmIqukAORkXTz6C9ABpEWp1Yw4Fx6,I9zyEumkNRxIzJ9lhMe24gjeuA05krtaF8GygUHD,I9zyEumkNRxIzJ9lhMe24gjeuA05krtaF8GygUHD
G97yzpX8HPnbmrVEC0Aoz2si9mlAiCfZmduqw99n,BR0isoSnDlgTmIqukAORkXTz6C9ABpEWp1Yw4Fx6,BR0isoSnDlgTmIqukAORkXTz6C9ABpEWp1Yw4Fx6,0tSt4SUsOj8fKBL2OwFTAz878S85snjiNnAx7n8z,BR0isoSnDlgTmIqukAORkXTz6C9ABpEWp1Yw4Fx6,BR0isoSnDlgTmIqukAORkXTz6C9ABpEWp1Yw4Fx6
MOx9AM3J6rnEQQJCSsWfT7wdOetSni3OV0mrNgho,0tSt4SUsOj8fKBL2OwFTAz878S85snjiNnAx7n8z,0tSt4SUsOj8fKBL2OwFTAz878S85snjiNnAx7n8z,hBG5vMBqkXoKVhe5nKFmfjAVyNoGHSr22VXcrkoN,0tSt4SUsOj8fKBL2OwFTAz878S85snjiNnAx7n8z,0tSt4SUsOj8fKBL2OwFTAz878S85snjiNnAx7n8z
I9zyEumkNRxIzJ9lhMe24gjeuA05krtaF8GygUHD,hBG5vMBqkXoKVhe5nKFmfjAVyNoGHSr22VXcrkoN,hBG5vMBqkXoKVhe5nKFmfjAVyNoGHSr22VXcrkoN,G0PLr6xT9E96wJTJXQDNB728J4rHnKFKya5jIcwT,hBG5vMBqkXoKVhe5nKFmfjAVyNoGHSr22VXcrkoN,G97yzpX8HPnbmrVEC0Aoz2si9mlAiCfZmduqw99n
BR0isoSnDlgTmIqukAORkXTz6C9ABpEWp1Yw4Fx6,G0PLr6xT9E96wJTJXQDNB728J4rHnKFKya5jIcwT,G0PLr6xT9E96wJTJXQDNB728J4rHnKFKya5jIcwT,G97yzpX8HPnbmrVEC0Aoz2si9mlAiCfZmduqw99n,G97yzpX8HPnbmrVEC0Aoz2si9mlAiCfZmduqw99n,MOx9AM3J6rnEQQJCSsWfT7wdOetSni3OV0mrNgho
0tSt4SUsOj8fKBL2OwFTAz878S85snjiNnAx7n8z,DboXcHUzjiTnEyfVzMA8hgefX2B7suIPftuPWSyq,DboXcHUzjiTnEyfVzMA8hgefX2B7suIPftuPWSyq,MOx9AM3J6rnEQQJCSsWfT7wdOetSni3OV0mrNgho,MOx9AM3J6rnEQQJCSsWfT7wdOetSni3OV0mrNgho,I9zyEumkNRxIzJ9lhMe24gjeuA05krtaF8GygUHD
hBG5vMBqkXoKVhe5nKFmfjAVyNoGHSr22VXcrkoN,neo9uYRJVawyUm1nyXvQrJxwVqapvXp6gVg6kwxr,G97yzpX8HPnbmrVEC0Aoz2si9mlAiCfZmduqw99n,I9zyEumkNRxIzJ9lhMe24gjeuA05krtaF8GygUHD,I9zyEumkNRxIzJ9lhMe24gjeuA05krtaF8GygUHD,BR0isoSnDlgTmIqukAORkXTz6C9ABpEWp1Yw4Fx6
G0PLr6xT9E96wJTJXQDNB728J4rHnKFKya5jIcwT,nOgJEtffp9e3P1qN9pqUrIZB0WQ9VIdptmx5wtia,MOx9AM3J6rnEQQJCSsWfT7wdOetSni3OV0mrNgho,BR0isoSnDlgTmIqukAORkXTz6C9ABpEWp1Yw4Fx6,BR0isoSnDlgTmIqukAORkXTz6C9ABpEWp1Yw4Fx6,0tSt4SUsOj8fKBL2OwFTAz878S85snjiNnAx7n8z
DboXcHUzjiTnEyfVzMA8hgefX2B7suIPftuPWSyq,G97yzpX8HPnbmrVEC0Aoz2si9mlAiCfZmduqw99n,I9zyEumkNRxIzJ9lhMe24gjeuA05krtaF8GygUHD,0tSt4SUsOj8fKBL2OwFTAz878S85snjiNnAx7n8z,0tSt4SUsOj8fKBL2OwFTAz878S85snjiNnAx7n8z,G97yzpX8HPnbmrVEC0Aoz2si9mlAiCfZmduqw99n
neo9uYRJVawyUm1nyXvQrJxwVqapvXp6gVg6kwxr,MOx9AM3J6rnEQQJCSsWfT7wdOetSni3OV0mrNgho,BR0isoSnDlgTmIqukAORkXTz6C9ABpEWp1Yw4Fx6,hBG5vMBqkXoKVhe5nKFmfjAVyNoGHSr22VXcrkoN,hBG5vMBqkXoKVhe5nKFmfjAVyNoGHSr22VXcrkoN,MOx9AM3J6rnEQQJCSsWfT7wdOetSni3OV0mrNgho
G97yzpX8HPnbmrVEC0Aoz2si9mlAiCfZmduqw99n,I9zyEumkNRxIzJ9lhMe24gjeuA05krtaF8GygUHD,0tSt4SUsOj8fKBL2OwFTAz878S85snjiNnAx7n8z,G0PLr6xT9E96wJTJXQDNB728J4rHnKFKya5jIcwT,G97yzpX8HPnbmrVEC0Aoz2si9mlAiCfZmduqw99n,I9zyEumkNRxIzJ9lhMe24gjeuA05krtaF8GygUHD
MOx9AM3J6rnEQQJCSsWfT7wdOetSni3OV0mrNgho,BR0isoSnDlgTmIqukAORkXTz6C9ABpEWp1Yw4Fx6,hBG5vMBqkXoKVhe5nKFmfjAVyNoGHSr22VXcrkoN,G97yzpX8HPnbmrVEC0Aoz2si9mlAiCfZmduqw99n,MOx9AM3J6rnEQQJCSsWfT7wdOetSni3OV0mrNgho,BR0isoSnDlgTmIqukAORkXTz6C9ABpEWp1Yw4Fx6
I9zyEumkNRxIzJ9lhMe24gjeuA05krtaF8GygUHD,0tSt4SUsOj8fKBL2OwFTAz878S85snjiNnAx7n8z,G0PLr6xT9E96wJTJXQDNB728J4rHnKFKya5jIcwT,MOx9AM3J6rnEQQJCSsWfT7wdOetSni3OV0mrNgho,I9zyEumkNRxIzJ9lhMe24gjeuA05krtaF8GygUHD,0tSt4SUsOj8fKBL2OwFTAz878S85snjiNnAx7n8z
BR0isoSnDlgTmIqukAORkXTz6C9ABpEWp1Yw4Fx6,hBG5vMBqkXoKVhe5nKFmfjAVyNoGHSr22VXcrkoN,DboXcHUzjiTnEyfVzMA8hgefX2B7suIPftuPWSyq,I9zyEumkNRxIzJ9lhMe24gjeuA05krtaF8GygUHD,BR0isoSnDlgTmIqukAORkXTz6C9ABpEWp1Yw4Fx6,G97yzpX8HPnbmrVEC0Aoz2si9mlAiCfZmduqw99n
0tSt4SUsOj8fKBL2OwFTAz878S85snjiNnAx7n8z,G0PLr6xT9E96wJTJXQDNB728J4rHnKFKya5jIcwT,G97yzpX8HPnbmrVEC0Aoz2si9mlAiCfZmduqw99n,BR0isoSnDlgTmIqukAORkXTz6C9ABpEWp1Yw4Fx6,0tSt4SUsOj8fKBL2OwFTAz878S85snjiNnAx7n8z,MOx9AM3J6rnEQQJCSsWfT7wdOetSni3OV0mrNgho
hBG5vMBqkXoKVhe5nKFmfjAVyNoGHSr22VXcrkoN,DboXcHUzjiTnEyfVzMA8hgefX2B7suIPftuPWSyq,MOx9AM3J6rnEQQJCSsWfT7wdOetSni3OV0mrNgho,0tSt4SUsOj8fKBL2OwFTAz878S85snjiNnAx7n8z,hBG5vMBqkXoKVhe5nKFmfjAVyNoGHSr22VXcrkoN,I9zyEumkNRxIzJ9lhMe24gjeuA05krtaF8GygUHD
G0PLr6xT9E96wJTJXQDNB728J4rHnKFKya5jIcwT,neo9uYRJVawyUm1nyXvQrJxwVqapvXp6gVg6kwxr,I9zyEumkNRxIzJ9lhMe24gjeuA05krtaF8GygUHD,hBG5vMBqkXoKVhe5nKFmfjAVyNoGHSr22VXcrkoN,G97yzpX8HPnbmrVEC0Aoz2si9mlAiCfZmduqw99n,BR0isoSnDlgTmIqukAORkXTz6C9ABpEWp1Yw4Fx6
DboXcHUzjiTnEyfVzMA8hgefX2B7suIPftuPWSyq,nOgJEtffp9e3P1qN9pqUrIZB0WQ9VIdptmx5wtia,BR0isoSnDlgTmIqukAORkXTz6C9ABpEWp1Yw4Fx6,G0PLr6xT9E96wJTJXQDNB728J4rHnKFKya5jIcwT,MOx9AM3J6rnEQQJCSsWfT7wdOetSni3OV0mrNgho,0tSt4SUsOj8fKBL2OwFTAz878S85snjiNnAx7n8z
neo9uYRJVawyUm1nyXvQrJxwVqapvXp6gVg6kwxr,G97yzpX8HPnbmrVEC0Aoz2si9mlAiCfZmduqw99n,0tSt4SUsOj8fKBL2OwFTAz878S85snjiNnAx7n8z,G97yzpX8HPnbmrVEC0Aoz2si9mlAiCfZmduqw99n,I9zyEumkNRxIzJ9lhMe24gjeuA05krtaF8GygUHD,G97yzpX8HPnbmrVEC0Aoz2si9mlAiCfZmduqw99n
G97yzpX8HPnbmrVEC0Aoz2si9mlAiCfZmduqw99n,MOx9AM3J6rnEQQJCSsWfT7wdOetSni3OV0mrNgho,hBG5vMBqkXoKVhe5nKFmfjAVyNoGHSr22VXcrkoN,MOx9AM3J6rnEQQJCSsWfT7wdOetSni3OV0mrNgho,BR0isoSnDlgTmIqukAORkXTz6C9ABpEWp1Yw4Fx6,MOx9AM3J6rnEQQJCSsWfT7wdOetSni3OV0mrNgho
MOx9AM3J6rnEQQJCSsWfT7wdOetSni3OV0mrNgho,I9zyEumkNRxIzJ9lhMe24gjeuA05krtaF8GygUHD,G0PLr6xT9E96wJTJXQDNB728J4rHnKFKya5jIcwT,I9zyEumkNRxIzJ9lhMe24gjeuA05krtaF8GygUHD,0tSt4SUsOj8fKBL2OwFTAz878S85snjiNnAx7n8z,I9zyEumkNRxIzJ9lhMe24gjeuA05krtaF8GygUHD
I9zyEumkNRxIzJ9lhMe24gjeuA05krtaF8GygUHD,BR0isoSnDlgTmIqukAORkXTz6C9ABpEWp1Yw4Fx6,DboXcHUzjiTnEyfVzMA8hgefX2B7suIPftuPWSyq,BR0isoSnDlgTmIqukAORkXTz6C9ABpEWp1Yw4Fx6,hBG5vMBqkXoKVhe5nKFmfjAVyNoGHSr22VXcrkoN,BR0isoSnDlgTmIqukAORkXTz6C9ABpEWp1Yw4Fx6
BR0isoSnDlgTmIqukAORkXTz6C9ABpEWp1Yw4Fx6,0tSt4SUsOj8fKBL2OwFTAz878S85snjiNnAx7n8z,G97yzpX8HPnbmrVEC0Aoz2si9mlAiCfZmduqw99n,0tSt4SUsOj8fKBL2OwFTAz878S85snjiNnAx7n8z,G97yzpX8HPnbmrVEC0Aoz2si9mlAiCfZmduqw99n,0tSt4SUsOj8fKBL2OwFTAz878S85snjiNnAx7n8z
0tSt4SUsOj8fKBL2OwFTAz878S85snjiNnAx7n8z,hBG5vMBqkXoKVhe5nKFmfjAVyNoGHSr22VXcrkoN,MOx9AM3J6rnEQQJCSsWfT7wdOetSni3OV0mrNgho,hBG5vMBqkXoKVhe5nKFmfjAVyNoGHSr22VXcrkoN,MOx9AM3J6rnEQQJCSsWfT7wdOetSni3OV0mrNgho,G97yzpX8HPnbmrVEC0Aoz2si9mlAiCfZmduqw99n
hBG5vMBqkXoKVhe5nKFmfjAVyNoGHSr22VXcrkoN,G0PLr6xT9E96wJTJXQDNB728J4rHnKFKya5jIcwT,I9zyEumkNRxIzJ9lhMe24gjeuA05krtaF8GygUHD,G0PLr6xT9E96wJTJXQDNB728J4rHnKFKya5jIcwT,I9zyEumkNRxIzJ9lhMe24gjeuA05krtaF8GygUHD,MOx9AM3J6rnEQQJCSsWfT7wdOetSni3OV0mrNgho
G0PLr6xT9E96wJTJXQDNB728J4rHnKFKya5jIcwT,DboXcHUzjiTnEyfVzMA8hgefX2B7suIPftuPWSyq,BR0isoSnDlgTmIqukAORkXTz6C9ABpEWp1Yw4Fx6,G97yzpX8HPnbmrVEC0Aoz2si9mlAiCfZmduqw99n,BR0isoSnDlgTmIqukAORkXTz6C9ABpEWp1Yw4Fx6,I9zyEumkNRxIzJ9lhMe24gjeuA05krtaF8GygUHD
DboXcHUzjiTnEyfVzMA8hgefX2B7suIPftuPWSyq,neo9uYRJVawyUm1nyXvQrJxwVqapvXp6gVg6kwxr,0tSt4SUsOj8fKBL2OwFTAz878S85snjiNnAx7n8z,MOx9AM3J6rnEQQJCSsWfT7wdOetSni3OV0mrNgho,0tSt4SUsOj8fKBL2OwFTAz878S85snjiNnAx7n8z,BR0isoSnDlgTmIqukAORkXTz6C9ABpEWp1Yw4Fx6
neo9uYRJVawyUm1nyXvQrJxwVqapvXp6gVg6kwxr,nOgJEtffp9e3P1qN9pqUrIZB0WQ9VIdptmx5wtia,hBG5vMBqkXoKVhe5nKFmfjAVyNoGHSr22VXcrkoN,I9zyEumkNRxIzJ9lhMe24gjeuA05krtaF8GygUHD,hBG5vMBqkXoKVhe5nKFmfjAVyNoGHSr22VXcrkoN,0tSt4SUsOj8fKBL2OwFTAz878S85snjiNnAx7n8z
G97yzpX8HPnbmrVEC0Aoz2si9mlAiCfZmduqw99n,G97yzpX8HPnbmrVEC0Aoz2si9mlAiCfZmduqw99n,G0PLr6xT9E96wJTJXQDNB728J4rHnKFKya5jIcwT,BR0isoSnDlgTmIqukAORkXTz6C9ABpEWp1Yw4Fx6,G97yzpX8HPnbmrVEC0Aoz2si9mlAiCfZmduqw99n,G97yzpX8HPnbmrVEC0Aoz2si9mlAiCfZmduqw99n
MOx9AM3J6rnEQQJCSsWfT7wdOetSni3OV0mrNgho,MOx9AM3J6rnEQQJCSsWfT7wdOetSni3OV0mrNgho,DboXcHUzjiTnEyfVzMA8hgefX2B7suIPftuPWSyq,0tSt4SUsOj8fKBL2OwFTAz878S85snjiNnAx7n8z,MOx9AM3J6rnEQQJCSsWfT7wdOetSni3OV0mrNgho,MOx9AM3J6rnEQQJCSsWfT7wdOetSni3OV0mrNgho
I9zyEumkNRxIzJ9lhMe24gjeuA05krtaF8GygUHD,I9zyEumkNRxIzJ9lhMe24gjeuA05krtaF8GygUHD,G97yzpX8HPnbmrVEC0Aoz2si9mlAiCfZmduqw99n,hBG5vMBqkXoKVhe5nKFmfjAVyNoGHSr22VXcrkoN,I9zyEumkNRxIzJ9lhMe24gjeuA05krtaF8GygUHD,I9zyEumkNRxIzJ9lhMe24gjeuA05krtaF8GygUHD
BR0isoSnDlgTmIqukAORkXTz6C9ABpEWp1Yw4Fx6,BR0isoSnDlgTmIqukAORkXTz6C9ABpEWp1Yw4Fx6,MOx9AM3J6rnEQQJCSsWfT7wdOetSni3OV0mrNgho,G0PLr6xT9E96wJTJXQDNB728J4rHnKFKya5jIcwT,BR0isoSnDlgTmIqukAORkXTz6C9ABpEWp1Yw4Fx6,BR0isoSnDlgTmIqukAORkXTz6C9ABpEWp1Yw4Fx6
0tSt4SUsOj8fKBL2OwFTAz878S85snjiNnAx7n8z,0tSt4SUsOj8fKBL2OwFTAz878S85snjiNnAx7n8z,I9zyEumkNRxIzJ9lhMe24gjeuA05krtaF8GygUHD,G97yzpX8HPnbmrVEC0Aoz2si9mlAiCfZmduqw99n,0tSt4SUsOj8fKBL2OwFTAz878S85snjiNnAx7n8z,0tSt4SUsOj8fKBL2OwFTAz878S85snjiNnAx7n8z
hBG5vMBqkXoKVhe5nKFmfjAVyNoGHSr22VXcrkoN,hBG5vMBqkXoKVhe5nKFmfjAVyNoGHSr22VXcrkoN,BR0isoSnDlgTmIqukAORkXTz6C9ABpEWp1Yw4Fx6,MOx9AM3J6rnEQQJCSsWfT7wdOetSni3OV0mrNgho,hBG5vMBqkXoKVhe5nKFmfjAVyNoGHSr22VXcrkoN,G97yzpX8HPnbmrVEC0Aoz2si9mlAiCfZmduqw99n
G0PLr6xT9E96wJTJXQDNB728J4rHnKFKya5jIcwT,G0PLr6xT9E96wJTJXQDNB728J4rHnKFKya5jIcwT,0tSt4SUsOj8fKBL2OwFTAz878S85snjiNnAx7n8z,I9zyEumkNRxIzJ9lhMe24gjeuA05krtaF8GygUHD,G97yzpX8HPnbmrVEC0Aoz2si9mlAiCfZmduqw99n,MOx9AM3J6rnEQQJCSsWfT7wdOetSni3OV0mrNgho
DboXcHUzjiTnEyfVzMA8hgefX2B7suIPftuPWSyq,DboXcHUzjiTnEyfVzMA8hgefX2B7suIPftuPWSyq,hBG5vMBqkXoKVhe5nKFmfjAVyNoGHSr22VXcrkoN,BR0isoSnDlgTmIqukAORkXTz6C9ABpEWp1Yw4Fx6,MOx9AM3J6rnEQQJCSsWfT7wdOetSni3OV0mrNgho,I9zyEumkNRxIzJ9lhMe24gjeuA05krtaF8GygUHD
neo9uYRJVawyUm1nyXvQrJxwVqapvXp6gVg6kwxr,neo9uYRJVawyUm1nyXvQrJxwVqapvXp6gVg6kwxr,G0PLr6xT9E96wJTJXQDNB728J4rHnKFKya5jIcwT,0tSt4SUsOj8fKBL2OwFTAz878S85snjiNnAx7n8z,I9zyEumkNRxIzJ9lhMe24gjeuA05krtaF8GygUHD,BR0isoSnDlgTmIqukAORkXTz6C9ABpEWp1Yw4Fx6
G97yzpX8HPnbmrVEC0Aoz2si9mlAiCfZmduqw99n,nOgJEtffp9e3P1qN9pqUrIZB0WQ9VIdptmx5wtia,DboXcHUzjiTnEyfVzMA8hgefX2B7suIPftuPWSyq,hBG5vMBqkXoKVhe5nKFmfjAVyNoGHSr22VXcrkoN,BR0isoSnDlgTmIqukAORkXTz6C9ABpEWp1Yw4Fx6,0tSt4SUsOj8fKBL2OwFTAz878S85snjiNnAx7n8z
MOx9AM3J6rnEQQJCSsWfT7wdOetSni3OV0mrNgho,G97yzpX8HPnbmrVEC0Aoz2si9mlAiCfZmduqw99n,G97yzpX8HPnbmrVEC0Aoz2si9mlAiCfZmduqw99n,G0PLr6xT9E96wJTJXQDNB728J4rHnKFKya5jIcwT,0tSt4SUsOj8fKBL2OwFTAz878S85snjiNnAx7n8z,G97yzpX8HPnbmrVEC0Aoz2si9mlAiCfZmduqw99n
I9zyEumkNRxIzJ9lhMe24gjeuA05krtaF8GygUHD,MOx9AM3J6rnEQQJCSsWfT7wdOetSni3OV0mrNgho,MOx9AM3J6rnEQQJCSsWfT7wdOetSni3OV0mrNgho,G97yzpX8HPnbmrVEC0Aoz2si9mlAiCfZmduqw99n,hBG5vMBqkXoKVhe5nKFmfjAVyNoGHSr22VXcrkoN,MOx9AM3J6rnEQQJCSsWfT7wdOetSni3OV0mrNgho
BR0isoSnDlgTmIqukAORkXTz6C9ABpEWp1Yw4Fx6,I9zyEumkNRxIzJ9lhMe24gjeuA05krtaF8GygUHD,I9zyEumkNRxIzJ9lhMe24gjeuA05krtaF8GygUHD,MOx9AM3J6rnEQQJCSsWfT7wdOetSni3OV0mrNgho,G97yzpX8HPnbmrVEC0Aoz2si9mlAiCfZmduqw99n,I9zyEumkNRxIzJ9lhMe24gjeuA05krtaF8GygUHD
0tSt4SUsOj8fKBL2OwFTAz878S85snjiNnAx7n8z,BR0isoSnDlgTmIqukAORkXTz6C9ABpEWp1Yw4Fx6,BR0isoSnDlgTmIqukAORkXTz6C9ABpEWp1Yw4Fx6,I9zyEumkNRxIzJ9lhMe24gjeuA05krtaF8GygUHD,MOx9AM3J6rnEQQJCSsWfT7wdOetSni3OV0mrNgho,BR0isoSnDlgTmIqukAORkXTz6C9ABpEWp1Yw4Fx6
hBG5vMBqkXoKVhe5nKFmfjAVyNoGHSr22VXcrkoN,0tSt4SUsOj8fKBL2OwFTAz878S85snjiNnAx7n8z,0tSt4SUsOj8fKBL2OwFTAz878S85snjiNnAx7n8z,BR0isoSnDlgTmIqukAORkXTz6C9ABpEWp1Yw4Fx6,I9zyEumkNRxIzJ9lhMe24gjeuA05krtaF8GygUHD,0tSt4SUsOj8fKBL2OwFTAz878S85snjiNnAx7n8z
G0PLr6xT9E96wJTJXQDNB728J4rHnKFKya5jIcwT,hBG5vMBqkXoKVhe5nKFmfjAVyNoGHSr22VXcrkoN,hBG5vMBqkXoKVhe5nKFmfjAVyNoGHSr22VXcrkoN,0tSt4SUsOj8fKBL2OwFTAz878S85snjiNnAx7n8z,BR0isoSnDlgTmIqukAORkXTz6C9ABpEWp1Yw4Fx6,G97yzpX8HPnbmrVEC0Aoz2si9mlAiCfZmduqw99n
DboXcHUzjiTnEyfVzMA8hgefX2B7suIPftuPWSyq,G0PLr6xT9E96wJTJXQDNB728J4rHnKFKya5jIcwT,G0PLr6xT9E96wJTJXQDNB728J4rHnKFKya5jIcwT,hBG5vMBqkXoKVhe5nKFmfjAVyNoGHSr22VXcrkoN,0tSt4SUsOj8fKBL2OwFTAz878S85snjiNnAx7n8z,MOx9AM3J6rnEQQJCSsWfT7wdOetSni3OV0mrNgho
neo9uYRJVawyUm1nyXvQrJxwVqapvXp6gVg6kwxr,DboXcHUzjiTnEyfVzMA8hgefX2B7suIPftuPWSyq,DboXcHUzjiTnEyfVzMA8hgefX2B7suIPftuPWSyq,G0PLr6xT9E96wJTJXQDNB728J4rHnKFKya5jIcwT,hBG5vMBqkXoKVhe5nKFmfjAVyNoGHSr22VXcrkoN,I9zyEumkNRxIzJ9lhMe24gjeuA05krtaF8GygUHD
G97yzpX8HPnbmrVEC0Aoz2si9mlAiCfZmduqw99n,neo9uYRJVawyUm1nyXvQrJxwVqapvXp6gVg6kwxr,G97yzpX8HPnbmrVEC0Aoz2si9mlAiCfZmduqw99n,G97yzpX8HPnbmrVEC0Aoz2si9mlAiCfZmduqw99n,G97yzpX8HPnbmrVEC0Aoz2si9mlAiCfZmduqw99n,BR0isoSnDlgTmIqukAORkXTz6C9ABpEWp1Yw4Fx6
MOx9AM3J6rnEQQJCSsWfT7wdOetSni3OV0mrNgho,nOgJEtffp9e3P1qN9pqUrIZB0WQ9VIdptmx5wtia,MOx9AM3J6rnEQQJCSsWfT7wdOetSni3OV0mrNgho,MOx9AM3J6rnEQQJCSsWfT7wdOetSni3OV0mrNgho,MOx9AM3J6rnEQQJCSsWfT7wdOetSni3OV0mrNgho,0tSt4SUsOj8fKBL2OwFTAz878S85snjiNnAx7n8z
I9zyEumkNRxIzJ9lhMe24gjeuA05krtaF8GygUHD,G97yzpX8HPnbmrVEC0Aoz2si9mlAiCfZmduqw99n,I9zyEumkNRxIzJ9lhMe24gjeuA05krtaF8GygUHD,I9zyEumkNRxIzJ9lhMe24gjeuA05krtaF8GygUHD,I9zyEumkNRxIzJ9lhMe24gjeuA05krtaF8GygUHD,G97yzpX8HPnbmrVEC0Aoz2si9mlAiCfZmduqw99n
BR0isoSnDlgTmIqukAORkXTz6C9ABpEWp1Yw4Fx6,MOx9AM3J6rnEQQJCSsWfT7wdOetSni3OV0mrNgho,BR0isoSnDlgTmIqukAORkXTz6C9ABpEWp1Yw4Fx6,BR0isoSnDlgTmIqukAORkXTz6C9ABpEWp1Yw4Fx6,BR0isoSnDlgTmIqukAORkXTz6C9ABpEWp1Yw4Fx6,MOx9AM3J6rnEQQJCSsWfT7wdOetSni3OV0mrNgho
0tSt4SUsOj8fKBL2OwFTAz878S85snjiNnAx7n8z,I9zyEumkNRxIzJ9lhMe24gjeuA05krtaF8GygUHD,0tSt4SUsOj8fKBL2OwFTAz878S85snjiNnAx7n8z,0tSt4SUsOj8fKBL2OwFTAz878S85snjiNnAx7n8z,0tSt4SUsOj8fKBL2OwFTAz878S85snjiNnAx7n8z,I9zyEumkNRxIzJ9lhMe24gjeuA05krtaF8GygUHD
hBG5vMBqkXoKVhe5nKFmfjAVyNoGHSr22VXcrkoN,BR0isoSnDlgTmIqukAORkXTz6C9ABpEWp1Yw4Fx6,hBG5vMBqkXoKVhe5nKFmfjAVyNoGHSr22VXcrkoN,hBG5vMBqkXoKVhe5nKFmfjAVyNoGHSr22VXcrkoN,hBG5vMBqkXoKVhe5nKFmfjAVyNoGHSr22VXcrkoN,BR0isoSnDlgTmIqukAORkXTz6C9ABpEWp1Yw4Fx6
G0PLr6xT9E96wJTJXQDNB728J4rHnKFKya5jIcwT,0tSt4SUsOj8fKBL2OwFTAz878S85snjiNnAx7n8z,G0PLr6xT9E96wJTJXQDNB728J4rHnKFKya5jIcwT,G0PLr6xT9E96wJTJXQDNB728J4rHnKFKya5jIcwT,G97yzpX8HPnbmrVEC0Aoz2si9mlAiCfZmduqw99n,0tSt4SUsOj8fKBL2OwFTAz878S85snjiNnAx7n8z
DboXcHUzjiTnEyfVzMA8hgefX2B7suIPftuPWSyq,hBG5vMBqkXoKVhe5nKFmfjAVyNoGHSr22VXcrkoN,DboXcHUzjiTnEyfVzMA8hgefX2B7suIPftuPWSyq,G97yzpX8HPnbmrVEC0Aoz2si9mlAiCfZmduqw99n,MOx9AM3J6rnEQQJCSsWfT7wdOetSni3OV0mrNgho,G97yzpX8HPnbmrVEC0Aoz2si9mlAiCfZmduqw99n
neo9uYRJVawyUm1nyXvQrJxwVqapvXp6gVg6kwxr,G0PLr6xT9E96wJTJXQDNB728J4rHnKFKya5jIcwT,G97yzpX8HPnbmrVEC0Aoz2si9mlAiCfZmduqw99n,MOx9AM3J6rnEQQJCSsWfT7wdOetSni3OV0mrNgho,I9zyEumkNRxIzJ9lhMe24gjeuA05krtaF8GygUHD,MOx9AM3J6rnEQQJCSsWfT7wdOetSni3OV0mrNgho
G97yzpX8HPnbmrVEC0Aoz2si9mlAiCfZmduqw99n,DboXcHUzjiTnEyfVzMA8hgefX2B7suIPftuPWSyq,MOx9AM3J6rnEQQJCSsWfT7wdOetSni3OV0mrNgho,I9zyEumkNRxIzJ9lhMe24gjeuA05krtaF8GygUHD,BR0isoSnDlgTmIqukAORkXTz6C9ABpEWp1Yw4Fx6,I9zyEumkNRxIzJ9lhMe24gjeuA05krtaF8GygUHD
MOx9AM3J6rnEQQJCSsWfT7wdOetSni3OV0mrNgho,neo9uYRJVawyUm1nyXvQrJxwVqapvXp6gVg6kwxr,I9zyEumkNRxIzJ9lhMe24gjeuA05krtaF8GygUHD,BR0isoSnDlgTmIqukAORkXTz6C9ABpEWp1Yw4Fx6,0tSt4SUsOj8fKBL2OwFTAz878S85snjiNnAx7n8z,BR0isoSnDlgTmIqukAORkXTz6C9ABpEWp1Yw4Fx6
I9zyEumkNRxIzJ9lhMe24gjeuA05krtaF8GygUHD,nOgJEtffp9e3P1qN9pqUrIZB0WQ9VIdptmx5wtia,BR0isoSnDlgTmIqukAORkXTz6C9ABpEWp1Yw4Fx6,0tSt4SUsOj8fKBL2OwFTAz878S85snjiNnAx7n8z,hBG5vMBqkXoKVhe5nKFmfjAVyNoGHSr22VXcrkoN,0tSt4SUsOj8fKBL2OwFTAz878S85snjiNnAx7n8z
BR0isoSnDlgTmIqukAORkXTz6C9ABpEWp1Yw4Fx6,G97yzpX8HPnbmrVEC0Aoz2si9mlAiCfZmduqw99n,0tSt4SUsOj8fKBL2OwFTAz878S85snjiNnAx7n8z,hBG5vMBqkXoKVhe5nKFmfjAVyNoGHSr22VXcrkoN,G97yzpX8HPnbmrVEC0Aoz2si9mlAiCfZmduqw99n,G97yzpX8HPnbmrVEC0Aoz2si9mlAiCfZmduqw99n
0tSt4SUsOj8fKBL2OwFTAz878S85snjiNnAx7n8z,MOx9AM3J6rnEQQJCSsWfT7wdOetSni3OV0mrNgho,hBG5vMBqkXoKVhe5nKFmfjAVyNoGHSr22VXcrkoN,G0PLr6xT9E96wJTJXQDNB728J4rHnKFKya5jIcwT,MOx9AM3J6rnEQQJCSsWfT7wdOetSni3OV0mrNgho,MOx9AM3J6rnEQQJCSsWfT7wdOetSni3OV0mrNgho
hBG5vMBqkXoKVhe5nKFmfjAVyNoGHSr22VXcrkoN,I9zyEumkNRxIzJ9lhMe24gjeuA05krtaF8GygUHD,G0PLr6xT9E96wJTJXQDNB728J4rHnKFKya5jIcwT,G97yzpX8HPnbmrVEC0Aoz2si9mlAiCfZmduqw99n,I9zyEumkNRxIzJ9lhMe24gjeuA05krtaF8GygUHD,I9zyEumkNRxIzJ9lhMe24gjeuA05krtaF8GygUHD
G0PLr6xT9E96wJTJXQDNB728J4rHnKFKya5jIcwT,BR0isoSnDlgTmIqukAORkXTz6C9ABpEWp1Yw4Fx6,DboXcHUzjiTnEyfVzMA8hgefX2B7suIPftuPWSyq,MOx9AM3J6rnEQQJCSsWfT7wdOetSni3OV0mrNgho,BR0isoSnDlgTmIqukAORkXTz6C9ABpEWp1Yw4Fx6,BR0isoSnDlgTmIqukAORkXTz6C9ABpEWp1Yw4Fx6
DboXcHUzjiTnEyfVzMA8hgefX2B7suIPftuPWSyq,0tSt4SUsOj8fKBL2OwFTAz878S85snjiNnAx7n8z,G97yzpX8HPnbmrVEC0Aoz2si9mlAiCfZmduqw99n,I9zyEumkNRxIzJ9lhMe24gjeuA05krtaF8GygUHD,0tSt4SUsOj8fKBL2OwFTAz878S85snjiNnAx7n8z,0tSt4SUsOj8fKBL2OwFTAz878S85snjiNnAx7n8z
neo9uYRJVawyUm1nyXvQrJxwVqapvXp6gVg6kwxr,hBG5vMBqkXoKVhe5nKFmfjAVyNoGHSr22VXcrkoN,MOx9AM3J6rnEQQJCSsWfT7wdOetSni3OV0mrNgho,BR0isoSnDlgTmIqukAORkXTz6C9ABpEWp1Yw4Fx6,hBG5vMBqkXoKVhe5nKFmfjAVyNoGHSr22VXcrkoN,G97yzpX8HPnbmrVEC0Aoz2si9mlAiCfZmduqw99n
G97yzpX8HPnbmrVEC0Aoz2si9mlAiCfZmduqw99n,G0PLr6xT9E96wJTJXQDNB728J4rHnKFKya5jIcwT,I9zyEumkNRxIzJ9lhMe24gjeuA05krtaF8GygUHD,0tSt4SUsOj8fKBL2OwFTAz878S85snjiNnAx7n8z,G97yzpX8HPnbmrVEC0Aoz2si9mlAiCfZmduqw99n,MOx9AM3J6rnEQQJCSsWfT7wdOetSni3OV0mrNgho
MOx9AM3J6rnEQQJCSsWfT7wdOetSni3OV0mrNgho,DboXcHUzjiTnEyfVzMA8hgefX2B7suIPftuPWSyq,BR0isoSnDlgTmIqukAORkXTz6C9ABpEWp1Yw4Fx6,hBG5vMBqkXoKVhe5nKFmfjAVyNoGHSr22VXcrkoN,MOx9AM3J6rnEQQJCSsWfT7wdOetSni3OV0mrNgho,I9zyEumkNRxIzJ9lhMe24gjeuA05krtaF8GygUHD
I9zyEumkNRxIzJ9lhMe24gjeuA05krtaF8GygUHD,neo9uYRJVawyUm1nyXvQrJxwVqapvXp6gVg6kwxr,0tSt4SUsOj8fKBL2OwFTAz878S85snjiNnAx7n8z,G0PLr6xT9E96wJTJXQDNB728J4rHnKFKya5jIcwT,I9zyEumkNRxIzJ9lhMe24gjeuA05krtaF8GygUHD,BR0isoSnDlgTmIqukAORkXTz6C9ABpEWp1Yw4Fx6
BR0isoSnDlgTmIqukAORkXTz6C9ABpEWp1Yw4Fx6,nOgJEtffp9e3P1qN9pqUrIZB0WQ9VIdptmx5wtia,hBG5vMBqkXoKVhe5nKFmfjAVyNoGHSr22VXcrkoN,G97yzpX8HPnbmrVEC0Aoz2si9mlAiCfZmduqw99n,BR0isoSnDlgTmIqukAORkXTz6C9ABpEWp1Yw4Fx6,0tSt4SUsOj8fKBL2OwFTAz878S85snjiNnAx7n8z
0tSt4SUsOj8fKBL2OwFTAz878S85snjiNnAx7n8z,G97yzpX8HPnbmrVEC0Aoz2si9mlAiCfZmduqw99n,G0PLr6xT9E96wJTJXQDNB728J4rHnKFKya5jIcwT,MOx9AM3J6rnEQQJCSsWfT7wdOetSni3OV0mrNgho,0tSt4SUsOj8fKBL2OwFTAz878S85snjiNnAx7n8z,G97yzpX8HPnbmrVEC0Aoz2si9mlAiCfZmduqw99n
hBG5vMBqkXoKVhe5nKFmfjAVyNoGHSr22VXcrkoN,MOx9AM3J6rnEQQJCSsWfT7wdOetSni3OV0mrNgho,DboXcHUzjiTnEyfVzMA8hgefX2B7suIPftuPWSyq,I9zyEumkNRxIzJ9lhMe24gjeuA05krtaF8GygUHD,hBG5vMBqkXoKVhe5nKFmfjAVyNoGHSr22VXcrkoN,MOx9AM3J6rnEQQJCSsWfT7wdOetSni3OV0mrNgho
G0PLr6xT9E96wJTJXQDNB728J4rHnKFKya5jIcwT,I9zyEumkNRxIzJ9lhMe24gjeuA05krtaF8GygUHD,G97yzpX8HPnbmrVEC0Aoz2si9mlAiCfZmduqw99n,BR0isoSnDlgTmIqukAORkXTz6C9ABpEWp1Yw4Fx6,G97yzpX8HPnbmrVEC0Aoz2si9mlAiCfZmduqw99n,I9zyEumkNRxIzJ9lhMe24gjeuA05krtaF8GygUHD
DboXcHUzjiTnEyfVzMA8hgefX2B7suIPftuPWSyq,BR0isoSnDlgTmIqukAORkXTz6C9ABpEWp1Yw4Fx6,MOx9AM3J6rnEQQJCSsWfT7wdOetSni3OV0mrNgho,0tSt4SUsOj8fKBL2OwFTAz878S85snjiNnAx7n8z,MOx9AM3J6rnEQQJCSsWfT7wdOetSni3OV0mrNgho,BR0isoSnDlgTmIqukAORkXTz6C9ABpEWp1Yw4Fx6
neo9uYRJVawyUm1nyXvQrJxwVqapvXp6gVg6kwxr,0tSt4SUsOj8fKBL2OwFTAz878S85snjiNnAx7n8z,I9zyEumkNRxIzJ9lhMe24gjeuA05krtaF8GygUHD,hBG5vMBqkXoKVhe5nKFmfjAVyNoGHSr22VXcrkoN,I9zyEumkNRxIzJ9lhMe24gjeuA05krtaF8GygUHD,0tSt4SUsOj8fKBL2OwFTAz878S85snjiNnAx7n8z
G97yzpX8HPnbmrVEC0Aoz2si9mlAiCfZmduqw99n,hBG5vMBqkXoKVhe5nKFmfjAVyNoGHSr22VXcrkoN,BR0isoSnDlgTmIqukAORkXTz6C9ABpEWp1Yw4Fx6,G0PLr6xT9E96wJTJXQDNB728J4rHnKFKya5jIcwT,BR0isoSnDlgTmIqukAORkXTz6C9ABpEWp1Yw4Fx6,G97yzpX8HPnbmrVEC0Aoz2si9mlAiCfZmduqw99n
MOx9AM3J6rnEQQJCSsWfT7wdOetSni3OV0mrNgho,G0PLr6xT9E96wJTJXQDNB728J4rHnKFKya5jIcwT,0tSt4SUsOj8fKBL2OwFTAz878S85snjiNnAx7n8z,G97yzpX8HPnbmrVEC0Aoz2si9mlAiCfZmduqw99n,0tSt4SUsOj8fKBL2OwFTAz878S85snjiNnAx7n8z,MOx9AM3J6rnEQQJCSsWfT7wdOetSni3OV0mrNgho
I9zyEumkNRxIzJ9lhMe24gjeuA05krtaF8GygUHD,DboXcHUzjiTnEyfVzMA8hgefX2B7suIPftuPWSyq,hBG5vMBqkXoKVhe5nKFmfjAVyNoGHSr22VXcrkoN,MOx9AM3J6rnEQQJCSsWfT7wdOetSni3OV0mrNgho,hBG5vMBqkXoKVhe5nKFmfjAVyNoGHSr22VXcrkoN,I9zyEumkNRxIzJ9lhMe24gjeuA05krtaF8GygUHD
BR0isoSnDlgTmIqukAORkXTz6C9ABpEWp1Yw4Fx6,neo9uYRJVawyUm1nyXvQrJxwVqapvXp6gVg6kwxr,G0PLr6xT9E96wJTJXQDNB728J4rHnKFKya5jIcwT,I9zyEumkNRxIzJ9lhMe24gjeuA05krtaF8GygUHD,G97yzpX8HPnbmrVEC0Aoz2si9mlAiCfZmduqw99n,BR0isoSnDlgTmIqukAORkXTz6C9ABpEWp1Yw4Fx6
0tSt4SUsOj8fKBL2OwFTAz878S85snjiNnAx7n8z,nOgJEtffp9e3P1qN9pqUrIZB0WQ9VIdptmx5wtia,DboXcHUzjiTnEyfVzMA8hgefX2B7suIPftuPWSyq,BR0isoSnDlgTmIqukAORkXTz6C9ABpEWp1Yw4Fx6,MOx9AM3J6rnEQQJCSsWfT7wdOetSni3OV0mrNgho,0tSt4SUsOj8fKBL2OwFTAz878S85snjiNnAx7n8z
hBG5vMBqkXoKVhe5nKFmfjAVyNoGHSr22VXcrkoN,G97yzpX8HPnbmrVEC0Aoz2si9mlAiCfZmduqw99n,G97yzpX8HPnbmrVEC0Aoz2si9mlAiCfZmduqw99n,0tSt4SUsOj8fKBL2OwFTAz878S85snjiNnAx7n8z,I9zyEumkNRxIzJ9lhMe24gjeuA05krtaF8GygUHD,G97yzpX8HPnbmrVEC0Aoz2si9mlAiCfZmduqw99n
G0PLr6xT9E96wJTJXQDNB728J4rHnKFKya5jIcwT,MOx9AM3J6rnEQQJCSsWfT7wdOetSni3OV0mrNgho,MOx9AM3J6rnEQQJCSsWfT7wdOetSni3OV0mrNgho,hBG5vMBqkXoKVhe5nKFmfjAVyNoGHSr22VXcrkoN,BR0isoSnDlgTmIqukAORkXTz6C9ABpEWp1Yw4Fx6,MOx9AM3J6rnEQQJCSsWfT7wdOetSni3OV0mrNgho
DboXcHUzjiTnEyfVzMA8hgefX2B7suIPftuPWSyq,I9zyEumkNRxIzJ9lhMe24gjeuA05krtaF8GygUHD,I9zyEumkNRxIzJ9lhMe24gjeuA05krtaF8GygUHD,G0PLr6xT9E96wJTJXQDNB728J4rHnKFKya5jIcwT,0tSt4SUsOj8fKBL2OwFTAz878S85snjiNnAx7n8z,I9zyEumkNRxIzJ9lhMe24gjeuA05krtaF8GygUHD
neo9uYRJVawyUm1nyXvQrJxwVqapvXp6gVg6kwxr,BR0isoSnDlgTmIqukAORkXTz6C9ABpEWp1Yw4Fx6,BR0isoSnDlgTmIqukAORkXTz6C9ABpEWp1Yw4Fx6,G97yzpX8HPnbmrVEC0Aoz2si9mlAiCfZmduqw99n,hBG5vMBqkXoKVhe5nKFmfjAVyNoGHSr22VXcrkoN,BR0isoSnDlgTmIqukAORkXTz6C9ABpEWp1Yw4Fx6
G97yzpX8HPnbmrVEC0Aoz2si9mlAiCfZmduqw99n,0tSt4SUsOj8fKBL2OwFTAz878S85snjiNnAx7n8z,0tSt4SUsOj8fKBL2OwFTAz878S85snjiNnAx7n8z,MOx9AM3J6rnEQQJCSsWfT7wdOetSni3OV0mrNgho,G97yzpX8HPnbmrVEC0Aoz2si9mlAiCfZmduqw99n,0tSt4SUsOj8fKBL2OwFTAz878S85snjiNnAx7n8z
MOx9AM3J6rnEQQJCSsWfT7wdOetSni3OV0mrNgho,hBG5vMBqkXoKVhe5nKFmfjAVyNoGHSr22VXcrkoN,hBG5vMBqkXoKVhe5nKFmfjAVyNoGHSr22VXcrkoN,I9zyEumkNRxIzJ9lhMe24gjeuA05krtaF8GygUHD,MOx9AM3J6rnEQQJCSsWfT7wdOetSni3OV0mrNgho,G97yzpX8HPnbmrVEC0Aoz2si9mlAiCfZmduqw99n
I9zyEumkNRxIzJ9lhMe24gjeuA05krtaF8GygUHD,G0PLr6xT9E96wJTJXQDNB728J4rHnKFKya5jIcwT,G0PLr6xT9E96wJTJXQDNB728J4rHnKFKya5jIcwT,BR0isoSnDlgTmIqukAORkXTz6C9ABpEWp1Yw4Fx6,I9zyEumkNRxIzJ9lhMe24gjeuA05krtaF8GygUHD,MOx9AM3J6rnEQQJCSsWfT7wdOetSni3OV0mrNgho
BR0isoSnDlgTmIqukAORkXTz6C9ABpEWp1Yw4Fx6,DboXcHUzjiTnEyfVzMA8hgefX2B7suIPftuPWSyq,DboXcHUzjiTnEyfVzMA8hgefX2B7suIPftuPWSyq,0tSt4SUsOj8fKBL2OwFTAz878S85snjiNnAx7n8z,BR0isoSnDlgTmIqukAORkXTz6C9ABpEWp1Yw4Fx6,I9zyEumkNRxIzJ9lhMe24gjeuA05krtaF8GygUHD
0tSt4SUsOj8fKBL2OwFTAz878S85snjiNnAx7n8z,neo9uYRJVawyUm1nyXvQrJxwVqapvXp6gVg6kwxr,G97yzpX8HPnbmrVEC0Aoz2si9mlAiCfZmduqw99n,hBG5vMBqkXoKVhe5nKFmfjAVyNoGHSr22VXcrkoN,0tSt4SUsOj8fKBL2OwFTAz878S85snjiNnAx7n8z,BR0isoSnDlgTmIqukAORkXTz6C9ABpEWp1Yw4Fx6
hBG5vMBqkXoKVhe5nKFmfjAVyNoGHSr22VXcrkoN,nOgJEtffp9e3P1qN9pqUrIZB0WQ9VIdptmx5wtia,MOx9AM3J6rnEQQJCSsWfT7wdOetSni3OV0mrNgho,G0PLr6xT9E96wJTJXQDNB728J4rHnKFKya5jIcwT,hBG5vMBqkXoKVhe5nKFmfjAVyNoGHSr22VXcrkoN,0tSt4SUsOj8fKBL2OwFTAz878S85snjiNnAx7n8z
G0PLr6xT9E96wJTJXQDNB728J4rHnKFKya5jIcwT,G97yzpX8HPnbmrVEC0Aoz2si9mlAiCfZmduqw99n,I9zyEumkNRxIzJ9lhMe24gjeuA05krtaF8GygUHD,G97yzpX8HPnbmrVEC0Aoz2si9mlAiCfZmduqw99n,G97yzpX8HPnbmrVEC0Aoz2si9mlAiCfZmduqw99n,G97yzpX8HPnbmrVEC0Aoz2si9mlAiCfZmduqw99n
DboXcHUzjiTnEyfVzMA8hgefX2B7suIPftuPWSyq,MOx9AM3J6rnEQQJCSsWfT7wdOetSni3OV0mrNgho,BR0isoSnDlgTmIqukAORkXTz6C9ABpEWp1Yw4Fx6,MOx9AM3J6rnEQQJCSsWfT7wdOetSni3OV0mrNgho,MOx9AM3J6rnEQQJCSsWfT7wdOetSni3OV0mrNgho,MOx9AM3J6rnEQQJCSsWfT7wdOetSni3OV0mrNgho
neo9uYRJVawyUm1nyXvQrJxwVqapvXp6gVg6kwxr,I9zyEumkNRxIzJ9lhMe24gjeuA05krtaF8GygUHD,0tSt4SUsOj8fKBL2OwFTAz878S85snjiNnAx7n8z,I9zyEumkNRxIzJ9lhMe24gjeuA05krtaF8GygUHD,I9zyEumkNRxIzJ9lhMe24gjeuA05krtaF8GygUHD,I9zyEumkNRxIzJ9lhMe24gjeuA05krtaF8GygUHD
G97yzpX8HPnbmrVEC0Aoz2si9mlAiCfZmduqw99n,BR0isoSnDlgTmIqukAORkXTz6C9ABpEWp1Yw4Fx6,hBG5vMBqkXoKVhe5nKFmfjAVyNoGHSr22VXcrkoN,BR0isoSnDlgTmIqukAORkXTz6C9ABpEWp1Yw4Fx6,BR0isoSnDlgTmIqukAORkXTz6C9ABpEWp1Yw4Fx6,BR0isoSnDlgTmIqukAORkXTz6C9ABpEWp1Yw4Fx6
MOx9AM3J6rnEQQJCSsWfT7wdOetSni3OV0mrNgho,0tSt4SUsOj8fKBL2OwFTAz878S85snjiNnAx7n8z,G0PLr6xT9E96wJTJXQDNB728J4rHnKFKya5jIcwT,0tSt4SUsOj8fKBL2OwFTAz878S85snjiNnAx7n8z,0tSt4SUsOj8fKBL2OwFTAz878S85snjiNnAx7n8z,0tSt4SUsOj8fKBL2OwFTAz878S85snjiNnAx7n8z
I9zyEumkNRxIzJ9lhMe24gjeuA05krtaF8GygUHD,hBG5vMBqkXoKVhe5nKFmfjAVyNoGHSr22VXcrkoN,DboXcHUzjiTnEyfVzMA8hgefX2B7suIPftuPWSyq,hBG5vMBqkXoKVhe5nKFmfjAVyNoGHSr22VXcrkoN,hBG5vMBqkXoKVhe5nKFmfjAVyNoGHSr22VXcrkoN,G97yzpX8HPnbmrVEC0Aoz2si9mlAiCfZmduqw99n
BR0isoSnDlgTmIqukAORkXTz6C9ABpEWp1Yw4Fx6,G0PLr6xT9E96wJTJXQDNB728J4rHnKFKya5jIcwT,G97yzpX8HPnbmrVEC0Aoz2si9mlAiCfZmduqw99n,G0PLr6xT9E96wJTJXQDNB728J4rHnKFKya5jIcwT,G97yzpX8HPnbmrVEC0Aoz2si9mlAiCfZmduqw99n,MOx9AM3J6rnEQQJCSsWfT7wdOetSni3OV0mrNgho
0tSt4SUsOj8fKBL2OwFTAz878S85snjiNnAx7n8z,DboXcHUzjiTnEyfVzMA8hgefX2B7suIPftuPWSyq,MOx9AM3J6rnEQQJCSsWfT7wdOetSni3OV0mrNgho,G97yzpX8HPnbmrVEC0Aoz2si9mlAiCfZmduqw99n,MOx9AM3J6rnEQQJCSsWfT7wdOetSni3OV0mrNgho,I9zyEumkNRxIzJ9lhMe24gjeuA05krtaF8GygUHD
hBG5vMBqkXoKVhe5nKFmfjAVyNoGHSr22VXcrkoN,neo9uYRJVawyUm1nyXvQrJxwVqapvXp6gVg6kwxr,I9zyEumkNRxIzJ9lhMe24gjeuA05krtaF8GygUHD,MOx9AM3J6rnEQQJCSsWfT7wdOetSni3OV0mrNgho,I9zyEumkNRxIzJ9lhMe24gjeuA05krtaF8GygUHD,BR0isoSnDlgTmIqukAORkXTz6C9ABpEWp1Yw4Fx6
G0PLr6xT9E96wJTJXQDNB728J4rHnKFKya5jIcwT,nOgJEtffp9e3P1qN9pqUrIZB0WQ9VIdptmx5wtia,BR0isoSnDlgTmIqukAORkXTz6C9ABpEWp1Yw4Fx6,I9zyEumkNRxIzJ9lhMe24gjeuA05krtaF8GygUHD,BR0isoSnDlgTmIqukAORkXTz6C9ABpEWp1Yw4Fx6,0tSt4SUsOj8fKBL2OwFTAz878S85snjiNnAx7n8z
DboXcHUzjiTnEyfVzMA8hgefX2B7suIPftuPWSyq,G97yzpX8HPnbmrVEC0Aoz2si9mlAiCfZmduqw99n,0tSt4SUsOj8fKBL2OwFTAz878S85snjiNnAx7n8z,BR0isoSnDlgTmIqukAORkXTz6C9ABpEWp1Yw4Fx6,0tSt4SUsOj8fKBL2OwFTAz878S85snjiNnAx7n8z,G97yzpX8HPnbmrVEC0Aoz2si9mlAiCfZmduqw99n
neo9uYRJVawyUm1nyXvQrJxwVqapvXp6gVg6kwxr,MOx9AM3J6rnEQQJCSsWfT7wdOetSni3OV0mrNgho,hBG5vMBqkXoKVhe5nKFmfjAVyNoGHSr22VXcrkoN,0tSt4SUsOj8fKBL2OwFTAz878S85snjiNnAx7n8z,hBG5vMBqkXoKVhe5nKFmfjAVyNoGHSr22VXcrkoN,MOx9AM3J6rnEQQJCSsWfT7wdOetSni3OV0mrNgho
G97yzpX8HPnbmrVEC0Aoz2si9mlAiCfZmduqw99n,I9zyEumkNRxIzJ9lhMe24gjeuA05krtaF8GygUHD,G0PLr6xT9E96wJTJXQDNB728J4rHnKFKya5jIcwT,hBG5vMBqkXoKVhe5nKFmfjAVyNoGHSr22VXcrkoN,G97yzpX8HPnbmrVEC0Aoz2si9mlAiCfZmduqw99n,I9zyEumkNRxIzJ9lhMe24gjeuA05krtaF8GygUHD
MOx9AM3J6rnEQQJCSsWfT7wdOetSni3OV0mrNgho,BR0isoSnDlgTmIqukAORkXTz6C9ABpEWp1Yw4Fx6,DboXcHUzjiTnEyfVzMA8hgefX2B7suIPftuPWSyq,G0PLr6xT9E96wJTJXQDNB728J4rHnKFKya5jIcwT,MOx9AM3J6rnEQQJCSsWfT7wdOetSni3OV0mrNgho,BR0isoSnDlgTmIqukAORkXTz6C9ABpEWp1Yw4Fx6
I9zyEumkNRxIzJ9lhMe24gjeuA05krtaF8GygUHD,0tSt4SUsOj8fKBL2OwFTAz878S85snjiNnAx7n8z,G97yzpX8HPnbmrVEC0Aoz2si9mlAiCfZmduqw99n,G97yzpX8HPnbmrVEC0Aoz2si9mlAiCfZmduqw99n,I9zyEumkNRxIzJ9lhMe24gjeuA05krtaF8GygUHD,0tSt4SUsOj8fKBL2OwFTAz878S85snjiNnAx7n8z
BR0isoSnDlgTmIqukAORkXTz6C9ABpEWp1Yw4Fx6,hBG5vMBqkXoKVhe5nKFmfjAVyNoGHSr22VXcrkoN,MOx9AM3J6rnEQQJCSsWfT7wdOetSni3OV0mrNgho,MOx9AM3J6rnEQQJCSsWfT7wdOetSni3OV0mrNgho,BR0isoSnDlgTmIqukAORkXTz6C9ABpEWp1Yw4Fx6,G97yzpX8HPnbmrVEC0Aoz2si9mlAiCfZmduqw99n
0tSt4SUsOj8fKBL2OwFTAz878S85snjiNnAx7n8z,G0PLr6xT9E96wJTJXQDNB728J4rHnKFKya5jIcwT,I9zyEumkNRxIzJ9lhMe24gjeuA05krtaF8GygUHD,I9zyEumkNRxIzJ9lhMe24gjeuA05krtaF8GygUHD,0tSt4SUsOj8fKBL2OwFTAz878S85snjiNnAx7n8z,MOx9AM3J6rnEQQJCSsWfT7wdOetSni3OV0mrNgho
hBG5vMBqkXoKVhe5nKFmfjAVyNoGHSr22VXcrkoN,DboXcHUzjiTnEyfVzMA8hgefX2B7suIPftuPWSyq,BR0isoSnDlgTmIqukAORkXTz6C9ABpEWp1Yw4Fx6,BR0isoSnDlgTmIqukAORkXTz6C9ABpEWp1Yw4Fx6,hBG5vMBqkXoKVhe5nKFmfjAVyNoGHSr22VXcrkoN,I9zyEumkNRxIzJ9lhMe24gjeuA05krtaF8GygUHD
G0PLr6xT9E96wJTJXQDNB728J4rHnKFKya5jIcwT,neo9uYRJVawyUm1nyXvQrJxwVqapvXp6gVg6kwxr,0tSt4SUsOj8fKBL2OwFTAz878S85snjiNnAx7n8z,0tSt4SUsOj8fKBL2OwFTAz878S85snjiNnAx7n8z,G97yzpX8HPnbmrVEC0Aoz2si9mlAiCfZmduqw99n,BR0isoSnDlgTmIqukAORkXTz6C9ABpEWp1Yw4Fx6
DboXcHUzjiTnEyfVzMA8hgefX2B7suIPftuPWSyq,nOgJEtffp9e3P1qN9pqUrIZB0WQ9VIdptmx5wtia,hBG5vMBqkXoKVhe5nKFmfjAVyNoGHSr22VXcrkoN,hBG5vMBqkXoKVhe5nKFmfjAVyNoGHSr22VXcrkoN,MOx9AM3J6rnEQQJCSsWfT7wdOetSni3OV0mrNgho,0tSt4SUsOj8fKBL2OwFTAz878S85snjiNnAx7n8z
neo9uYRJVawyUm1nyXvQrJxwVqapvXp6gVg6kwxr,G97yzpX8HPnbmrVEC0Aoz2si9mlAiCfZmduqw99n,G0PLr6xT9E96wJTJXQDNB728J4rHnKFKya5jIcwT,G0PLr6xT9E96wJTJXQDNB728J4rHnKFKya5jIcwT,I9zyEumkNRxIzJ9lhMe24gjeuA05krtaF8GygUHD,G97yzpX8HPnbmrVEC0Aoz2si9mlAiCfZmduqw99n
G97yzpX8HPnbmrVEC0Aoz2si9mlAiCfZmduqw99n,MOx9AM3J6rnEQQJCSsWfT7wdOetSni3OV0mrNgho,DboXcHUzjiTnEyfVzMA8hgefX2B7suIPftuPWSyq,G97yzpX8HPnbmrVEC0Aoz2si9mlAiCfZmduqw99n,BR0isoSnDlgTmIqukAORkXTz6C9ABpEWp1Yw4Fx6,MOx9AM3J6rnEQQJCSsWfT7wdOetSni3OV0mrNgho
MOx9AM3J6rnEQQJCSsWfT7wdOetSni3OV0mrNgho,I9zyEumkNRxIzJ9lhMe24gjeuA05krtaF8GygUHD,G97yzpX8HPnbmrVEC0Aoz2si9mlAiCfZmduqw99n,MOx9AM3J6rnEQQJCSsWfT7wdOetSni3OV0mrNgho,0tSt4SUsOj8fKBL2OwFTAz878S85snjiNnAx7n8z,I9zyEumkNRxIzJ9lhMe24gjeuA05krtaF8GygUHD
I9zyEumkNRxIzJ9lhMe24gjeuA05krtaF8GygUHD,BR0isoSnDlgTmIqukAORkXTz6C9ABpEWp1Yw4Fx6,MOx9AM3J6rnEQQJCSsWfT7wdOetSni3OV0mrNgho,I9zyEumkNRxIzJ9lhMe24gjeuA05krtaF8GygUHD,hBG5vMBqkXoKVhe5nKFmfjAVyNoGHSr22VXcrkoN,BR0isoSnDlgTmIqukAORkXTz6C9ABpEWp1Yw4Fx6
BR0isoSnDlgTmIqukAORkXTz6C9ABpEWp1Yw4Fx6,0tSt4SUsOj8fKBL2OwFTAz878S85snjiNnAx7n8z,I9zyEumkNRxIzJ9lhMe24gjeuA05krtaF8GygUHD,BR0isoSnDlgTmIqukAORkXTz6C9ABpEWp1Yw4Fx6,G97yzpX8HPnbmrVEC0Aoz2si9mlAiCfZmduqw99n,0tSt4SUsOj8fKBL2OwFTAz878S85snjiNnAx7n8z
0tSt4SUsOj8fKBL2OwFTAz878S85snjiNnAx7n8z,hBG5vMBqkXoKVhe5nKFmfjAVyNoGHSr22VXcrkoN,BR0isoSnDlgTmIqukAORkXTz6C9ABpEWp1Yw4Fx6,0tSt4SUsOj8fKBL2OwFTAz878S85snjiNnAx7n8z,MOx9AM3J6rnEQQJCSsWfT7wdOetSni3OV0mrNgho,G97yzpX8HPnbmrVEC0Aoz2si9mlAiCfZmduqw99n
hBG5vMBqkXoKVhe5nKFmfjAVyNoGHSr22VXcrkoN,G0PLr6xT9E96wJTJXQDNB728J4rHnKFKya5jIcwT,0tSt4SUsOj8fKBL2OwFTAz878S85snjiNnAx7n8z,hBG5vMBqkXoKVhe5nKFmfjAVyNoGHSr22VXcrkoN,I9zyEumkNRxIzJ9lhMe24gjeuA05krtaF8GygUHD,MOx9AM3J6rnEQQJCSsWfT7wdOetSni3OV0mrNgho
G0PLr6xT9E96wJTJXQDNB728J4rHnKFKya5jIcwT,DboXcHUzjiTnEyfVzMA8hgefX2B7suIPftuPWSyq,hBG5vMBqkXoKVhe5nKFmfjAVyNoGHSr22VXcrkoN,G0PLr6xT9E96wJTJXQDNB728J4rHnKFKya5jIcwT,BR0isoSnDlgTmIqukAORkXTz6C9ABpEWp1Yw4Fx6,I9zyEumkNRxIzJ9lhMe24gjeuA05krtaF8GygUHD
DboXcHUzjiTnEyfVzMA8hgefX2B7suIPftuPWSyq,neo9uYRJVawyUm1nyXvQrJxwVqapvXp6gVg6kwxr,G0PLr6xT9E96wJTJXQDNB728J4rHnKFKya5jIcwT,G97yzpX8HPnbmrVEC0Aoz2si9mlAiCfZmduqw99n,0tSt4SUsOj8fKBL2OwFTAz878S85snjiNnAx7n8z,BR0isoSnDlgTmIqukAORkXTz6C9ABpEWp1Yw4Fx6
neo9uYRJVawyUm1nyXvQrJxwVqapvXp6gVg6kwxr,nOgJEtffp9e3P1qN9pqUrIZB0WQ9VIdptmx5wtia,DboXcHUzjiTnEyfVzMA8hgefX2B7suIPftuPWSyq,MOx9AM3J6rnEQQJCSsWfT7wdOetSni3OV0mrNgho,hBG5vMBqkXoKVhe5nKFmfjAVyNoGHSr22VXcrkoN,0tSt4SUsOj8fKBL2OwFTAz878S85snjiNnAx7n8z
G97yzpX8HPnbmrVEC0Aoz2si9mlAiCfZmduqw99n,G97yzpX8HPnbmrVEC0Aoz2si9mlAiCfZmduqw99n,G97yzpX8HPnbmrVEC0Aoz2si9mlAiCfZmduqw99n,I9zyEumkNRxIzJ9lhMe24gjeuA05krtaF8GygUHD,G97yzpX8HPnbmrVEC0Aoz2si9mlAiCfZmduqw99n,G97yzpX8HPnbmrVEC0Aoz2si9mlAiCfZmduqw99n
MOx9AM3J6rnEQQJCSsWfT7wdOetSni3OV0mrNgho,MOx9AM3J6rnEQQJCSsWfT7wdOetSni3OV0mrNgho,MOx9AM3J6rnEQQJCSsWfT7wdOetSni3OV0mrNgho,BR0isoSnDlgTmIqukAORkXTz6C9ABpEWp1Yw4Fx6,MOx9AM3J6rnEQQJCSsWfT7wdOetSni3OV0mrNgho,MOx9AM3J6rnEQQJCSsWfT7wdOetSni3OV0mrNgho
I9zyEumkNRxIzJ9lhMe24gjeuA05krtaF8GygUHD,I9zyEumkNRxIzJ9lhMe24gjeuA05krtaF8GygUHD,I9zyEumkNRxIzJ9lhMe24gjeuA05krtaF8GygUHD,0tSt4SUsOj8fKBL2OwFTAz878S85snjiNnAx7n8z,I9zyEumkNRxIzJ9lhMe24gjeuA05krtaF8GygUHD,I9zyEumkNRxIzJ9lhMe24gjeuA05krtaF8GygUHD
BR0isoSnDlgTmIqukAORkXTz6C9ABpEWp1Yw4Fx6,BR0isoSnDlgTmIqukAORkXTz6C9ABpEWp1Yw4Fx6,BR0isoSnDlgTmIqukAORkXTz6C9ABpEWp1Yw4Fx6,hBG5vMBqkXoKVhe5nKFmfjAVyNoGHSr22VXcrkoN,BR0isoSnDlgTmIqukAORkXTz6C9ABpEWp1Yw4Fx6,BR0isoSnDlgTmIqukAORkXTz6C9ABpEWp1Yw4Fx6
0tSt4SUsOj8fKBL2OwFTAz878S85snjiNnAx7n8z,0tSt4SUsOj8fKBL2OwFTAz878S85snjiNnAx7n8z,0tSt4SUsOj8fKBL2OwFTAz878S85snjiNnAx7n8z,G0PLr6xT9E96wJTJXQDNB728J4rHnKFKya5jIcwT,0tSt4SUsOj8fKBL2OwFTAz878S85snjiNnAx7n8z,0tSt4SUsOj8fKBL2OwFTAz878S85snjiNnAx7n8z
hBG5vMBqkXoKVhe5nKFmfjAVyNoGHSr22VXcrkoN,hBG5vMBqkXoKVhe5nKFmfjAVyNoGHSr22VXcrkoN,hBG5vMBqkXoKVhe5nKFmfjAVyNoGHSr22VXcrkoN,G97yzpX8HPnbmrVEC0Aoz2si9mlAiCfZmduqw99n,hBG5vMBqkXoKVhe5nKFmfjAVyNoGHSr22VXcrkoN,G97yzpX8HPnbmrVEC0Aoz2si9mlAiCfZmduqw99n
G0PLr6xT9E96wJTJXQDNB728J4rHnKFKya5jIcwT,G0PLr6xT9E96wJTJXQDNB728J4rHnKFKya5jIcwT,G0PLr6xT9E96wJTJXQDNB728J4rHnKFKya5jIcwT,MOx9AM3J6rnEQQJCSsWfT7wdOetSni3OV0mrNgho,G97yzpX8HPnbmrVEC0Aoz2si9mlAiCfZmduqw99n,MOx9AM3J6rnEQQJCSsWfT7wdOetSni3OV0mrNgho
DboXcHUzjiTnEyfVzMA8hgefX2B7suIPftuPWSyq,DboXcHUzjiTnEyfVzMA8hgefX2B7suIPftuPWSyq,DboXcHUzjiTnEyfVzMA8hgefX2B7suIPftuPWSyq,I9zyEumkNRxIzJ9lhMe24gjeuA05krtaF8GygUHD,MOx9AM3J6rnEQQJCSsWfT7wdOetSni3OV0mrNgho,I9zyEumkNRxIzJ9lhMe24gjeuA05krtaF8GygUHD
neo9uYRJVawyUm1nyXvQrJxwVqapvXp6gVg6kwxr,neo9uYRJVawyUm1nyXvQrJxwVqapvXp6gVg6kwxr,G97yzpX8HPnbmrVEC0Aoz2si9mlAiCfZmduqw99n,BR0isoSnDlgTmIqukAORkXTz6C9ABpEWp1Yw4Fx6,I9zyEumkNRxIzJ9lhMe24gjeuA05krtaF8GygUHD,BR0isoSnDlgTmIqukAORkXTz6C9ABpEWp1Yw4Fx6
G97yzpX8HPnbmrVEC0Aoz2si9mlAiCfZmduqw99n,nOgJEtffp9e3P1qN9pqUrIZB0WQ9VIdptmx5wtia,MOx9AM3J6rnEQQJCSsWfT7wdOetSni3OV0mrNgho,0tSt4SUsOj8fKBL2OwFTAz878S85snjiNnAx7n8z,BR0isoSnDlgTmIqukAORkXTz6C9ABpEWp1Yw4Fx6,0tSt4SUsOj8fKBL2OwFTAz878S85snjiNnAx7n8z
MOx9AM3J6rnEQQJCSsWfT7wdOetSni3OV0mrNgho,G97yzpX8HPnbmrVEC0Aoz2si9mlAiCfZmduqw99n,I9zyEumkNRxIzJ9lhMe24gjeuA05krtaF8GygUHD,hBG5vMBqkXoKVhe5nKFmfjAVyNoGHSr22VXcrkoN,0tSt4SUsOj8fKBL2OwFTAz878S85snjiNnAx7n8z,G97yzpX8HPnbmrVEC0Aoz2si9mlAiCfZmduqw99n
I9zyEumkNRxIzJ9lhMe24gjeuA05krtaF8GygUHD,MOx9AM3J6rnEQQJCSsWfT7wdOetSni3OV0mrNgho,BR0isoSnDlgTmIqukAORkXTz6C9ABpEWp1Yw4Fx6,G0PLr6xT9E96wJTJXQDNB728J4rHnKFKya5jIcwT,hBG5vMBqkXoKVhe5nKFmfjAVyNoGHSr22VXcrkoN,MOx9AM3J6rnEQQJCSsWfT7wdOetSni3OV0mrNgho
BR0isoSnDlgTmIqukAORkXTz6C9ABpEWp1Yw4Fx6,I9zyEumkNRxIzJ9lhMe24gjeuA05krtaF8GygUHD,0tSt4SUsOj8fKBL2OwFTAz878S85snjiNnAx7n8z,G97yzpX8HPnbmrVEC0Aoz2si9mlAiCfZmduqw99n,G97yzpX8HPnbmrVEC0Aoz2si9mlAiCfZmduqw99n,I9zyEumkNRxIzJ9lhMe24gjeuA05krtaF8GygUHD
0tSt4SUsOj8fKBL2OwFTAz878S85snjiNnAx7n8z,BR0isoSnDlgTmIqukAORkXTz6C9ABpEWp1Yw4Fx6,hBG5vMBqkXoKVhe5nKFmfjAVyNoGHSr22VXcrkoN,MOx9AM3J6rnEQQJCSsWfT7wdOetSni3OV0mrNgho,MOx9AM3J6rnEQQJCSsWfT7wdOetSni3OV0mrNgho,BR0isoSnDlgTmIqukAORkXTz6C9ABpEWp1Yw4Fx6
hBG5vMBqkXoKVhe5nKFmfjAVyNoGHSr22VXcrkoN,0tSt4SUsOj8fKBL2OwFTAz878S85snjiNnAx7n8z,G0PLr6xT9E96wJTJXQDNB728J4rHnKFKya5jIcwT,I9zyEumkNRxIzJ9lhMe24gjeuA05krtaF8GygUHD,I9zyEumkNRxIzJ9lhMe24gjeuA05krtaF8GygUHD,0tSt4SUsOj8fKBL2OwFTAz878S85snjiNnAx7n8z
G0PLr6xT9E96wJTJXQDNB728J4rHnKFKya5jIcwT,hBG5vMBqkXoKVhe5nKFmfjAVyNoGHSr22VXcrkoN,DboXcHUzjiTnEyfVzMA8hgefX2B7suIPftuPWSyq,BR0isoSnDlgTmIqukAORkXTz6C9ABpEWp1Yw4Fx6,BR0isoSnDlgTmIqukAORkXTz6C9ABpEWp1Yw4Fx6,G97yzpX8HPnbmrVEC0Aoz2si9mlAiCfZmduqw99n
DboXcHUzjiTnEyfVzMA8hgefX2B7suIPftuPWSyq,G0PLr6xT9E96wJTJXQDNB728J4rHnKFKya5jIcwT,G97yzpX8HPnbmrVEC0Aoz2si9mlAiCfZmduqw99n,0tSt4SUsOj8fKBL2OwFTAz878S85snjiNnAx7n8z,0tSt4SUsOj8fKBL2OwFTAz878S85snjiNnAx7n8z,MOx9AM3J6rnEQQJCSsWfT7wdOetSni3OV0mrNgho
neo9uYRJVawyUm1nyXvQrJxwVqapvXp6gVg6kwxr,DboXcHUzjiTnEyfVzMA8hgefX2B7suIPftuPWSyq,MOx9AM3J6rnEQQJCSsWfT7wdOetSni3OV0mrNgho,hBG5vMBqkXoKVhe5nKFmfjAVyNoGHSr22VXcrkoN,hBG5vMBqkXoKVhe5nKFmfjAVyNoGHSr22VXcrkoN,I9zyEumkNRxIzJ9lhMe24gjeuA05krtaF8GygUHD
G97yzpX8HPnbmrVEC0Aoz2si9mlAiCfZmduqw99n,neo9uYRJVawyUm1nyXvQrJxwVqapvXp6gVg6kwxr,I9zyEumkNRxIzJ9lhMe24gjeuA05krtaF8GygUHD,G0PLr6xT9E96wJTJXQDNB728J4rHnKFKya5jIcwT,G97yzpX8HPnbmrVEC0Aoz2si9mlAiCfZmduqw99n,BR0isoSnDlgTmIqukAORkXTz6C9ABpEWp1Yw4Fx6
MOx9AM3J6rnEQQJCSsWfT7wdOetSni3OV0mrNgho,nOgJEtffp9e3P1qN9pqUrIZB0WQ9VIdptmx5wtia,BR0isoSnDlgTmIqukAORkXTz6C9ABpEWp1Yw4Fx6,G97yzpX8HPnbmrVEC0Aoz2si9mlAiCfZmduqw99n,MOx9AM3J6rnEQQJCSsWfT7wdOetSni3OV0mrNgho,0tSt4SUsOj8fKBL2OwFTAz878S85snjiNnAx7n8z
I9zyEumkNRxIzJ9lhMe24gjeuA05krtaF8GygUHD,G97yzpX8HPnbmrVEC0Aoz2si9mlAiCfZmduqw99n,0tSt4SUsOj8fKBL2OwFTAz878S85snjiNnAx7n8z,MOx9AM3J6rnEQQJCSsWfT7wdOetSni3OV0mrNgho,I9zyEumkNRxIzJ9lhMe24gjeuA05krtaF8GygUHD,G97yzpX8HPnbmrVEC0Aoz2si9mlAiCfZmduqw99n
BR0isoSnDlgTmIqukAORkXTz6C9ABpEWp1Yw4Fx6,MOx9AM3J6rnEQQJCSsWfT7wdOetSni3OV0mrNgho,hBG5vMBqkXoKVhe5nKFmfjAVyNoGHSr22VXcrkoN,I9zyEumkNRxIzJ9lhMe24gjeuA05krtaF8GygUHD,BR0isoSnDlgTmIqukAORkXTz6C9ABpEWp1Yw4Fx6,MOx9AM3J6rnEQQJCSsWfT7wdOetSni3OV0mrNgho
0tSt4SUsOj8fKBL2OwFTAz878S85snjiNnAx7n8z,I9zyEumkNRxIzJ9lhMe24gjeuA05krtaF8GygUHD,G0PLr6xT9E96wJTJXQDNB728J4rHnKFKya5jIcwT,BR0isoSnDlgTmIqukAORkXTz6C9ABpEWp1Yw4Fx6,0tSt4SUsOj8fKBL2OwFTAz878S85snjiNnAx7n8z,I9zyEumkNRxIzJ9lhMe24gjeuA05krtaF8GygUHD
hBG5vMBqkXoKVhe5nKFmfjAVyNoGHSr22VXcrkoN,BR0isoSnDlgTmIqukAORkXTz6C9ABpEWp1Yw4Fx6,DboXcHUzjiTnEyfVzMA8hgefX2B7suIPftuPWSyq,0tSt4SUsOj8fKBL2OwFTAz878S85snjiNnAx7n8z,hBG5vMBqkXoKVhe5nKFmfjAVyNoGHSr22VXcrkoN,BR0isoSnDlgTmIqukAORkXTz6C9ABpEWp1Yw4Fx6
G0PLr6xT9E96wJTJXQDNB728J4rHnKFKya5jIcwT,0tSt4SUsOj8fKBL2OwFTAz878S85snjiNnAx7n8z,G97yzpX8HPnbmrVEC0Aoz2si9mlAiCfZmduqw99n,hBG5vMBqkXoKVhe5nKFmfjAVyNoGHSr22VXcrkoN,G97yzpX8HPnbmrVEC0Aoz2si9mlAiCfZmduqw99n,0tSt4SUsOj8fKBL2OwFTAz878S85snjiNnAx7n8z
DboXcHUzjiTnEyfVzMA8hgefX2B7suIPftuPWSyq,hBG5vMBqkXoKVhe5nKFmfjAVyNoGHSr22VXcrkoN,MOx9AM3J6rnEQQJCSsWfT7wdOetSni3OV0mrNgho,G0PLr6xT9E96wJTJXQDNB728J4rHnKFKya5jIcwT,MOx9AM3J6rnEQQJCSsWfT7wdOetSni3OV0mrNgho,G97yzpX8HPnbmrVEC0Aoz2si9mlAiCfZmduqw99n
neo9uYRJVawyUm1nyXvQrJxwVqapvXp6gVg6kwxr,G0PLr6xT9E96wJTJXQDNB728J4rHnKFKya5jIcwT,I9zyEumkNRxIzJ9lhMe24gjeuA05krtaF8GygUHD,G97yzpX8HPnbmrVEC0Aoz2si9mlAiCfZmduqw99n,I9zyEumkNRxIzJ9lhMe24gjeuA05krtaF8GygUHD,MOx9AM3J6rnEQQJCSsWfT7wdOetSni3OV0mrNgho
G97yzpX8HPnbmrVEC0Aoz2si9mlAiCfZmduqw99n,DboXcHUzjiTnEyfVzMA8hgefX2B7suIPftuPWSyq,BR0isoSnDlgTmIqukAORkXTz6C9ABpEWp1Yw4Fx6,MOx9AM3J6rnEQQJCSsWfT7wdOetSni3OV0mrNgho,BR0isoSnDlgTmIqukAORkXTz6C9ABpEWp1Yw4Fx6,I9zyEumkNRxIzJ9lhMe24gjeuA05krtaF8GygUHD
MOx9AM3J6rnEQQJCSsWfT7wdOetSni3OV0mrNgho,neo9uYRJVawyUm1nyXvQrJxwVqapvXp6gVg6kwxr,0tSt4SUsOj8fKBL2OwFTAz878S85snjiNnAx7n8z,I9zyEumkNRxIzJ9lhMe24gjeuA05krtaF8GygUHD,0tSt4SUsOj8fKBL2OwFTAz878S85snjiNnAx7n8z,BR0isoSnDlgTmIqukAORkXTz6C9ABpEWp1Yw4Fx6
I9zyEumkNRxIzJ9lhMe24gjeuA05krtaF8GygUHD,nOgJEtffp9e3P1qN9pqUrIZB0WQ9VIdptmx5wtia,hBG5vMBqkXoKVhe5nKFmfjAVyNoGHSr22VXcrkoN,BR0isoSnDlgTmIqukAORkXTz6C9ABpEWp1Yw4Fx6,hBG5vMBqkXoKVhe5nKFmfjAVyNoGHSr22VXcrkoN,0tSt4SUsOj8fKBL2OwFTAz878S85snjiNnAx7n8z
BR0isoSnDlgTmIqukAORkXTz6C9ABpEWp1Yw4Fx6,G97yzpX8HPnbmrVEC0Aoz2si9mlAiCfZmduqw99n,G0PLr6xT9E96wJTJXQDNB728J4rHnKFKya5jIcwT,0tSt4SUsOj8fKBL2OwFTAz878S85snjiNnAx7n8z,G97yzpX8HPnbmrVEC0Aoz2si9mlAiCfZmduqw99n,G97yzpX8HPnbmrVEC0Aoz2si9mlAiCfZmduqw99n
0tSt4SUsOj8fKBL2OwFTAz878S85snjiNnAx7n8z,MOx9AM3J6rnEQQJCSsWfT7wdOetSni3OV0mrNgho,DboXcHUzjiTnEyfVzMA8hgefX2B7suIPftuPWSyq,hBG5vMBqkXoKVhe5nKFmfjAVyNoGHSr22VXcrkoN,MOx9AM3J6rnEQQJCSsWfT7wdOetSni3OV0mrNgho,MOx9AM3J6rnEQQJCSsWfT7wdOetSni3OV0mrNgho
hBG5vMBqkXoKVhe5nKFmfjAVyNoGHSr22VXcrkoN,I9zyEumkNRxIzJ9lhMe24gjeuA05krtaF8GygUHD,G97yzpX8HPnbmrVEC0Aoz2si9mlAiCfZmduqw99n,G0PLr6xT9E96wJTJXQDNB728J4rHnKFKya5jIcwT,I9zyEumkNRxIzJ9lhMe24gjeuA05krtaF8GygUHD,I9zyEumkNRxIzJ9lhMe24gjeuA05krtaF8GygUHD
G0PLr6xT9E96wJTJXQDNB728J4rHnKFKya5jIcwT,BR0isoSnDlgTmIqukAORkXTz6C9ABpEWp1Yw4Fx6,MOx9AM3J6rnEQQJCSsWfT7wdOetSni3OV0mrNgho,G97yzpX8HPnbmrVEC0Aoz2si9mlAiCfZmduqw99n,BR0isoSnDlgTmIqukAORkXTz6C9ABpEWp1Yw4Fx6,BR0isoSnDlgTmIqukAORkXTz6C9ABpEWp1Yw4Fx6
DboXcHUzjiTnEyfVzMA8hgefX2B7suIPftuPWSyq,0tSt4SUsOj8fKBL2OwFTAz878S85snjiNnAx7n8z,I9zyEumkNRxIzJ9lhMe24gjeuA05krtaF8GygUHD,MOx9AM3J6rnEQQJCSsWfT7wdOetSni3OV0mrNgho,0tSt4SUsOj8fKBL2OwFTAz878S85snjiNnAx7n8z,0tSt4SUsOj8fKBL2OwFTAz878S85snjiNnAx7n8z
neo9uYRJVawyUm1nyXvQrJxwVqapvXp6gVg6kwxr,hBG5vMBqkXoKVhe5nKFmfjAVyNoGHSr22VXcrkoN,BR0isoSnDlgTmIqukAORkXTz6C9ABpEWp1Yw4Fx6,I9zyEumkNRxIzJ9lhMe24gjeuA05krtaF8GygUHD,hBG5vMBqkXoKVhe5nKFmfjAVyNoGHSr22VXcrkoN,G97yzpX8HPnbmrVEC0Aoz2si9mlAiCfZmduqw99n
G97yzpX8HPnbmrVEC0Aoz2si9mlAiCfZmduqw99n,G0PLr6xT9E96wJTJXQDNB728J4rHnKFKya5jIcwT,0tSt4SUsOj8fKBL2OwFTAz878S85snjiNnAx7n8z,BR0isoSnDlgTmIqukAORkXTz6C9ABpEWp1Yw4Fx6,G97yzpX8HPnbmrVEC0Aoz2si9mlAiCfZmduqw99n,MOx9AM3J6rnEQQJCSsWfT7wdOetSni3OV0mrNgho
MOx9AM3J6rnEQQJCSsWfT7wdOetSni3OV0mrNgho,DboXcHUzjiTnEyfVzMA8hgefX2B7suIPftuPWSyq,hBG5vMBqkXoKVhe5nKFmfjAVyNoGHSr22VXcrkoN,0tSt4SUsOj8fKBL2OwFTAz878S85snjiNnAx7n8z,MOx9AM3J6rnEQQJCSsWfT7wdOetSni3OV0mrNgho,I9zyEumkNRxIzJ9lhMe24gjeuA05krtaF8GygUHD
I9zyEumkNRxIzJ9lhMe24gjeuA05krtaF8GygUHD,neo9uYRJVawyUm1nyXvQrJxwVqapvXp6gVg6kwxr,G0PLr6xT9E96wJTJXQDNB728J4rHnKFKya5jIcwT,hBG5vMBqkXoKVhe5nKFmfjAVyNoGHSr22VXcrkoN,I9zyEumkNRxIzJ9lhMe24gjeuA05krtaF8GygUHD,BR0isoSnDlgTmIqukAORkXTz6C9ABpEWp1Yw4Fx6
BR0isoSnDlgTmIqukAORkXTz6C9ABpEWp1Yw4Fx6,nOgJEtffp9e3P1qN9pqUrIZB0WQ9VIdptmx5wtia,DboXcHUzjiTnEyfVzMA8hgefX2B7suIPftuPWSyq,G0PLr6xT9E96wJTJXQDNB728J4rHnKFKya5jIcwT,BR0isoSnDlgTmIqukAORkXTz6C9ABpEWp1Yw4Fx6,0tSt4SUsOj8fKBL2OwFTAz878S85snjiNnAx7n8z
0tSt4SUsOj8fKBL2OwFTAz878S85snjiNnAx7n8z,G97yzpX8HPnbmrVEC0Aoz2si9mlAiCfZmduqw99n,G97yzpX8HPnbmrVEC0Aoz2si9mlAiCfZmduqw99n,G97yzpX8HPnbmrVEC0Aoz2si9mlAiCfZmduqw99n,0tSt4SUsOj8fKBL2OwFTAz878S85snjiNnAx7n8z,G97yzpX8HPnbmrVEC0Aoz2si9mlAiCfZmduqw99n
hBG5vMBqkXoKVhe5nKFmfjAVyNoGHSr22VXcrkoN,MOx9AM3J6rnEQQJCSsWfT7wdOetSni3OV0mrNgho,MOx9AM3J6rnEQQJCSsWfT7wdOetSni3OV0mrNgho,MOx9AM3J6rnEQQJCSsWfT7wdOetSni3OV0mrNgho,hBG5vMBqkXoKVhe5nKFmfjAVyNoGHSr22VXcrkoN,MOx9AM3J6rnEQQJCSsWfT7wdOetSni3OV0mrNgho
G0PLr6xT9E96wJTJXQDNB728J4rHnKFKya5jIcwT,I9zyEumkNRxIzJ9lhMe24gjeuA05krtaF8GygUHD,I9zyEumkNRxIzJ9lhMe24gjeuA05krtaF8GygUHD,I9zyEumkNRxIzJ9lhMe24gjeuA05krtaF8GygUHD,G97yzpX8HPnbmrVEC0Aoz2si9mlAiCfZmduqw99n,I9zyEumkNRxIzJ9lhMe24gjeuA05krtaF8GygUHD
DboXcHUzjiTnEyfVzMA8hgefX2B7suIPftuPWSyq,BR0isoSnDlgTmIqukAORkXTz6C9ABpEWp1Yw4Fx6,BR0isoSnDlgTmIqukAORkXTz6C9ABpEWp1Yw4Fx6,BR0isoSnDlgTmIqukAORkXTz6C9ABpEWp1Yw4Fx6,MOx9AM3J6rnEQQJCSsWfT7wdOetSni3OV0mrNgho,BR0isoSnDlgTmIqukAORkXTz6C9ABpEWp1Yw4Fx6
neo9uYRJVawyUm1nyXvQrJxwVqapvXp6gVg6kwxr,0tSt4SUsOj8fKBL2OwFTAz878S85snjiNnAx7n8z,0tSt4SUsOj8fKBL2OwFTAz878S85snjiNnAx7n8z,0tSt4SUsOj8fKBL2OwFTAz878S85snjiNnAx7n8z,I9zyEumkNRxIzJ9lhMe24gjeuA05krtaF8GygUHD,0tSt4SUsOj8fKBL2OwFTAz878S85snjiNnAx7n8z
G97yzpX8HPnbmrVEC0Aoz2si9mlAiCfZmduqw99n,hBG5vMBqkXoKVhe5nKFmfjAVyNoGHSr22VXcrkoN,hBG5vMBqkXoKVhe5nKFmfjAVyNoGHSr22VXcrkoN,hBG5vMBqkXoKVhe5nKFmfjAVyNoGHSr22VXcrkoN,BR0isoSnDlgTmIqukAORkXTz6C9ABpEWp1Yw4Fx6,G97yzpX8HPnbmrVEC0Aoz2si9mlAiCfZmduqw99n
MOx9AM3J6rnEQQJCSsWfT7wdOetSni3OV0mrNgho,G0PLr6xT9E96wJTJXQDNB728J4rHnKFKya5jIcwT,G0PLr6xT9E96wJTJXQDNB728J4rHnKFKya5jIcwT,G0PLr6xT9E96wJTJXQDNB728J4rHnKFKya5jIcwT,0tSt4SUsOj8fKBL2OwFTAz878S85snjiNnAx7n8z,MOx9AM3J6rnEQQJCSsWfT7wdOetSni3OV0mrNgho
I9zyEumkNRxIzJ9lhMe24gjeuA05krtaF8GygUHD,DboXcHUzjiTnEyfVzMA8hgefX2B7suIPftuPWSyq,DboXcHUzjiTnEyfVzMA8hgefX2B7suIPftuPWSyq,G97yzpX8HPnbmrVEC0Aoz2si9mlAiCfZmduqw99n,hBG5vMBqkXoKVhe5nKFmfjAVyNoGHSr22VXcrkoN,I9zyEumkNRxIzJ9lhMe24gjeuA05krtaF8GygUHD
BR0isoSnDlgTmIqukAORkXTz6C9ABpEWp1Yw4Fx6,neo9uYRJVawyUm1nyXvQrJxwVqapvXp6gVg6kwxr,G97yzpX8HPnbmrVEC0Aoz2si9mlAiCfZmduqw99n,MOx9AM3J6rnEQQJCSsWfT7wdOetSni3OV0mrNgho,G97yzpX8HPnbmrVEC0Aoz2si9mlAiCfZmduqw99n,BR0isoSnDlgTmIqukAORkXTz6C9ABpEWp1Yw4Fx6
0tSt4SUsOj8fKBL2OwFTAz878S85snjiNnAx7n8z,nOgJEtffp9e3P1qN9pqUrIZB0WQ9VIdptmx5wtia,MOx9AM3J6rnEQQJCSsWfT7wdOetSni3OV0mrNgho,I9zyEumkNRxIzJ9lhMe24gjeuA05krtaF8GygUHD,MOx9AM3J6rnEQQJCSsWfT7wdOetSni3OV0mrNgho,0tSt4SUsOj8fKBL2OwFTAz878S85snjiNnAx7n8z
hBG5vMBqkXoKVhe5nKFmfjAVyNoGHSr22VXcrkoN,G97yzpX8HPnbmrVEC0Aoz2si9mlAiCfZmduqw99n,I9zyEumkNRxIzJ9lhMe24gjeuA05krtaF8GygUHD,BR0isoSnDlgTmIqukAORkXTz6C9ABpEWp1Yw4Fx6,I9zyEumkNRxIzJ9lhMe24gjeuA05krtaF8GygUHD,G97yzpX8HPnbmrVEC0Aoz2si9mlAiCfZmduqw99n
G0PLr6xT9E96wJTJXQDNB728J4rHnKFKya5jIcwT,MOx9AM3J6rnEQQJCSsWfT7wdOetSni3OV0mrNgho,BR0isoSnDlgTmIqukAORkXTz6C9ABpEWp1Yw4Fx6,0tSt4SUsOj8fKBL2OwFTAz878S85snjiNnAx7n8z,BR0isoSnDlgTmIqukAORkXTz6C9ABpEWp1Yw4Fx6,MOx9AM3J6rnEQQJCSsWfT7wdOetSni3OV0mrNgho
DboXcHUzjiTnEyfVzMA8hgefX2B7suIPftuPWSyq,I9zyEumkNRxIzJ9lhMe24gjeuA05krtaF8GygUHD,0tSt4SUsOj8fKBL2OwFTAz878S85snjiNnAx7n8z,hBG5vMBqkXoKVhe5nKFmfjAVyNoGHSr22VXcrkoN,0tSt4SUsOj8fKBL2OwFTAz878S85snjiNnAx7n8z,I9zyEumkNRxIzJ9lhMe24gjeuA05krtaF8GygUHD
neo9uYRJVawyUm1nyXvQrJxwVqapvXp6gVg6kwxr,BR0isoSnDlgTmIqukAORkXTz6C9ABpEWp1Yw4Fx6,hBG5vMBqkXoKVhe5nKFmfjAVyNoGHSr22VXcrkoN,G0PLr6xT9E96wJTJXQDNB728J4rHnKFKya5jIcwT,hBG5vMBqkXoKVhe5nKFmfjAVyNoGHSr22VXcrkoN,BR0isoSnDlgTmIqukAORkXTz6C9ABpEWp1Yw4Fx6
G97yzpX8HPnbmrVEC0Aoz2si9mlAiCfZmduqw99n,0tSt4SUsOj8fKBL2OwFTAz878S85snjiNnAx7n8z,G0PLr6xT9E96wJTJXQDNB728J4rHnKFKya5jIcwT,G97yzpX8HPnbmrVEC0Aoz2si9mlAiCfZmduqw99n,G97yzpX8HPnbmrVEC0Aoz2si9mlAiCfZmduqw99n,0tSt4SUsOj8fKBL2OwFTAz878S85snjiNnAx7n8z
MOx9AM3J6rnEQQJCSsWfT7wdOetSni3OV0mrNgho,hBG5vMBqkXoKVhe5nKFmfjAVyNoGHSr22VXcrkoN,DboXcHUzjiTnEyfVzMA8hgefX2B7suIPftuPWSyq,MOx9AM3J6rnEQQJCSsWfT7wdOetSni3OV0mrNgho,MOx9AM3J6rnEQQJCSsWfT7wdOetSni3OV0mrNgho,G97yzpX8HPnbmrVEC0Aoz2si9mlAiCfZmduqw99n
I9zyEumkNRxIzJ9lhMe24gjeuA05krtaF8GygUHD,G0PLr6xT9E96wJTJXQDNB728J4rHnKFKya5jIcwT,G97yzpX8HPnbmrVEC0Aoz2si9mlAiCfZmduqw99n,I9zyEumkNRxIzJ9lhMe24gjeuA05krtaF8GygUHD,I9zyEumkNRxIzJ9lhMe24gjeuA05krtaF8GygUHD,MOx9AM3J6rnEQQJCSsWfT7wdOetSni3OV0mrNgho
BR0isoSnDlgTmIqukAORkXTz6C9ABpEWp1Yw4Fx6,DboXcHUzjiTnEyfVzMA8hgefX2B7suIPftuPWSyq,MOx9AM3J6rnEQQJCSsWfT7wdOetSni3OV0mrNgho,BR0isoSnDlgTmIqukAORkXTz6C9ABpEWp1Yw4Fx6,BR0isoSnDlgTmIqukAORkXTz6C9ABpEWp1Yw4Fx6,I9zyEumkNRxIzJ9lhMe24gjeuA05krtaF8GygUHD
0tSt4SUsOj8fKBL2OwFTAz878S85snjiNnAx7n8z,neo9uYRJVawyUm1nyXvQrJxwVqapvXp6gVg6kwxr,I9zyEumkNRxIzJ9lhMe24gjeuA05krtaF8GygUHD,0tSt4SUsOj8fKBL2OwFTAz878S85snjiNnAx7n8z,0tSt4SUsOj8fKBL2OwFTAz878S85snjiNnAx7n8z,BR0isoSnDlgTmIqukAORkXTz6C9ABpEWp1Yw4Fx6
hBG5vMBqkXoKVhe5nKFmfjAVyNoGHSr22VXcrkoN,nOgJEtffp9e3P1qN9pqUrIZB0WQ9VIdptmx5wtia,BR0isoSnDlgTmIqukAORkXTz6C9ABpEWp1Yw4Fx6,hBG5vMBqkXoKVhe5nKFmfjAVyNoGHSr22VXcrkoN,hBG5vMBqkXoKVhe5nKFmfjAVyNoGHSr22VXcrkoN,0tSt4SUsOj8fKBL2OwFTAz878S85snjiNnAx7n8z
G0PLr6xT9E96wJTJXQDNB728J4rHnKFKya5jIcwT,G97yzpX8HPnbmrVEC0Aoz2si9mlAiCfZmduqw99n,0tSt4SUsOj8fKBL2OwFTAz878S85snjiNnAx7n8z,G0PLr6xT9E96wJTJXQDNB728J4rHnKFKya5jIcwT,G97yzpX8HPnbmrVEC0Aoz2si9mlAiCfZmduqw99n,G97yzpX8HPnbmrVEC0Aoz2si9mlAiCfZmduqw99n
DboXcHUzjiTnEyfVzMA8hgefX2B7suIPftuPWSyq,MOx9AM3J6rnEQQJCSsWfT7wdOetSni3OV0mrNgho,hBG5vMBqkXoKVhe5nKFmfjAVyNoGHSr22VXcrkoN,G97yzpX8HPnbmrVEC0Aoz2si9mlAiCfZmduqw99n,MOx9AM3J6rnEQQJCSsWfT7wdOetSni3OV0mrNgho,MOx9AM3J6rnEQQJCSsWfT7wdOetSni3OV0mrNgho
neo9uYRJVawyUm1nyXvQrJxwVqapvXp6gVg6kwxr,I9zyEumkNRxIzJ9lhMe24gjeuA05krtaF8GygUHD,G0PLr6xT9E96wJTJXQDNB728J4rHnKFKya5jIcwT,MOx9AM3J6rnEQQJCSsWfT7wdOetSni3OV0mrNgho,I9zyEumkNRxIzJ9lhMe24gjeuA05krtaF8GygUHD,I9zyEumkNRxIzJ9lhMe24gjeuA05krtaF8GygUHD
G97yzpX8HPnbmrVEC0Aoz2si9mlAiCfZmduqw99n,BR0isoSnDlgTmIqukAORkXTz6C9ABpEWp1Yw4Fx6,DboXcHUzjiTnEyfVzMA8hgefX2B7suIPftuPWSyq,I9zyEumkNRxIzJ9lhMe24gjeuA05krtaF8GygUHD,BR0isoSnDlgTmIqukAORkXTz6C9ABpEWp1Yw4Fx6,BR0isoSnDlgTmIqukAORkXTz6C9ABpEWp1Yw4Fx6
MOx9AM3J6rnEQQJCSsWfT7wdOetSni3OV0mrNgho,0tSt4SUsOj8fKBL2OwFTAz878S85snjiNnAx7n8z,G97yzpX8HPnbmrVEC0Aoz2si9mlAiCfZmduqw99n,BR0isoSnDlgTmIqukAORkXTz6C9ABpEWp1Yw4Fx6,0tSt4SUsOj8fKBL2OwFTAz878S85snjiNnAx7n8z,0tSt4SUsOj8fKBL2OwFTAz878S85snjiNnAx7n8z
I9zyEumkNRxIzJ9lhMe24gjeuA05krtaF8GygUHD,hBG5vMBqkXoKVhe5nKFmfjAVyNoGHSr22VXcrkoN,MOx9AM3J6rnEQQJCSsWfT7wdOetSni3OV0mrNgho,0tSt4SUsOj8fKBL2OwFTAz878S85snjiNnAx7n8z,hBG5vMBqkXoKVhe5nKFmfjAVyNoGHSr22VXcrkoN,G97yzpX8HPnbmrVEC0Aoz2si9mlAiCfZmduqw99n
BR0isoSnDlgTmIqukAORkXTz6C9ABpEWp1Yw4Fx6,G0PLr6xT9E96wJTJXQDNB728J4rHnKFKya5jIcwT,I9zyEumkNRxIzJ9lhMe24gjeuA05krtaF8GygUHD,hBG5vMBqkXoKVhe5nKFmfjAVyNoGHSr22VXcrkoN,G97yzpX8HPnbmrVEC0Aoz2si9mlAiCfZmduqw99n,MOx9AM3J6rnEQQJCSsWfT7wdOetSni3OV0mrNgho
0tSt4SUsOj8fKBL2OwFTAz878S85snjiNnAx7n8z,DboXcHUzjiTnEyfVzMA8hgefX2B7suIPftuPWSyq,BR0isoSnDlgTmIqukAORkXTz6C9ABpEWp1Yw4Fx6,G0PLr6xT9E96wJTJXQDNB728J4rHnKFKya5jIcwT,MOx9AM3J6rnEQQJCSsWfT7wdOetSni3OV0mrNgho,I9zyEumkNRxIzJ9lhMe24gjeuA05krtaF8GygUHD
hBG5vMBqkXoKVhe5nKFmfjAVyNoGHSr22VXcrkoN,neo9uYRJVawyUm1nyXvQrJxwVqapvXp6gVg6kwxr,0tSt4SUsOj8fKBL2OwFTAz878S85snjiNnAx7n8z,G97yzpX8HPnbmrVEC0Aoz2si9mlAiCfZmduqw99n,I9zyEumkNRxIzJ9lhMe24gjeuA05krtaF8GygUHD,BR0isoSnDlgTmIqukAORkXTz6C9ABpEWp1Yw4Fx6
G0PLr6xT9E96wJTJXQDNB728J4rHnKFKya5jIcwT,nOgJEtffp9e3P1qN9pqUrIZB0WQ9VIdptmx5wtia,hBG5vMBqkXoKVhe5nKFmfjAVyNoGHSr22VXcrkoN,MOx9AM3J6rnEQQJCSsWfT7wdOetSni3OV0mrNgho,BR0isoSnDlgTmIqukAORkXTz6C9ABpEWp1Yw4Fx6,0tSt4SUsOj8fKBL2OwFTAz878S85snjiNnAx7n8z
DboXcHUzjiTnEyfVzMA8hgefX2B7suIPftuPWSyq,G97yzpX8HPnbmrVEC0Aoz2si9mlAiCfZmduqw99n,G0PLr6xT9E96wJTJXQDNB728J4rHnKFKya5jIcwT,I9zyEumkNRxIzJ9lhMe24gjeuA05krtaF8GygUHD,0tSt4SUsOj8fKBL2OwFTAz878S85snjiNnAx7n8z,G97yzpX8HPnbmrVEC0Aoz2si9mlAiCfZmduqw99n
neo9uYRJVawyUm1nyXvQrJxwVqapvXp6gVg6kwxr,MOx9AM3J6rnEQQJCSsWfT7wdOetSni3OV0mrNgho,DboXcHUzjiTnEyfVzMA8hgefX2B7suIPftuPWSyq,BR0isoSnDlgTmIqukAORkXTz6C9ABpEWp1Yw4Fx6,hBG5vMBqkXoKVhe5nKFmfjAVyNoGHSr22VXcrkoN,MOx9AM3J6rnEQQJCSsWfT7wdOetSni3OV0mrNgho
G97yzpX8HPnbmrVEC0Aoz2si9mlAiCfZmduqw99n,I9zyEumkNRxIzJ9lhMe24gjeuA05krtaF8GygUHD,G97yzpX8HPnbmrVEC0Aoz2si9mlAiCfZmduqw99n,0tSt4SUsOj8fKBL2OwFTAz878S85snjiNnAx7n8z,G97yzpX8HPnbmrVEC0Aoz2si9mlAiCfZmduqw99n,I9zyEumkNRxIzJ9lhMe24gjeuA05krtaF8GygUHD
MOx9AM3J6rnEQQJCSsWfT7wdOetSni3OV0mrNgho,BR0isoSnDlgTmIqukAORkXTz6C9ABpEWp1Yw4Fx6,MOx9AM3J6rnEQQJCSsWfT7wdOetSni3OV0mrNgho,hBG5vMBqkXoKVhe5nKFmfjAVyNoGHSr22VXcrkoN,MOx9AM3J6rnEQQJCSsWfT7wdOetSni3OV0mrNgho,BR0isoSnDlgTmIqukAORkXTz6C9ABpEWp1Yw4Fx6
I9zyEumkNRxIzJ9lhMe24gjeuA05krtaF8GygUHD,0tSt4SUsOj8fKBL2OwFTAz878S85snjiNnAx7n8z,I9zyEumkNRxIzJ9lhMe24gjeuA05krtaF8GygUHD,G0PLr6xT9E96wJTJXQDNB728J4rHnKFKya5jIcwT,I9zyEumkNRxIzJ9lhMe24gjeuA05krtaF8GygUHD,0tSt4SUsOj8fKBL2OwFTAz878S85snjiNnAx7n8z
BR0isoSnDlgTmIqukAORkXTz6C9ABpEWp1Yw4Fx6,hBG5vMBqkXoKVhe5nKFmfjAVyNoGHSr22VXcrkoN,BR0isoSnDlgTmIqukAORkXTz6C9ABpEWp1Yw4Fx6,G97yzpX8HPnbmrVEC0Aoz2si9mlAiCfZmduqw99n,BR0isoSnDlgTmIqukAORkXTz6C9ABpEWp1Yw4Fx6,G97yzpX8HPnbmrVEC0Aoz2si9mlAiCfZmduqw99n
0tSt4SUsOj8fKBL2OwFTAz878S85snjiNnAx7n8z,G0PLr6xT9E96wJTJXQDNB728J4rHnKFKya5jIcwT,0tSt4SUsOj8fKBL2OwFTAz878S85snjiNnAx7n8z,MOx9AM3J6rnEQQJCSsWfT7wdOetSni3OV0mrNgho,0tSt4SUsOj8fKBL2OwFTAz878S85snjiNnAx7n8z,MOx9AM3J6rnEQQJCSsWfT7wdOetSni3OV0mrNgho
hBG5vMBqkXoKVhe5nKFmfjAVyNoGHSr22VXcrkoN,DboXcHUzjiTnEyfVzMA8hgefX2B7suIPftuPWSyq,hBG5vMBqkXoKVhe5nKFmfjAVyNoGHSr22VXcrkoN,I9zyEumkNRxIzJ9lhMe24gjeuA05krtaF8GygUHD,hBG5vMBqkXoKVhe5nKFmfjAVyNoGHSr22VXcrkoN,I9zyEumkNRxIzJ9lhMe24gjeuA05krtaF8GygUHD
G0PLr6xT9E96wJTJXQDNB728J4rHnKFKya5jIcwT,neo9uYRJVawyUm1nyXvQrJxwVqapvXp6gVg6kwxr,G0PLr6xT9E96wJTJXQDNB728J4rHnKFKya5jIcwT,BR0isoSnDlgTmIqukAORkXTz6C9ABpEWp1Yw4Fx6,G97yzpX8HPnbmrVEC0Aoz2si9mlAiCfZmduqw99n,BR0isoSnDlgTmIqukAORkXTz6C9ABpEWp1Yw4Fx6
DboXcHUzjiTnEyfVzMA8hgefX2B7suIPftuPWSyq,nOgJEtffp9e3P1qN9pqUrIZB0WQ9VIdptmx5wtia,DboXcHUzjiTnEyfVzMA8hgefX2B7suIPftuPWSyq,0tSt4SUsOj8fKBL2OwFTAz878S85snjiNnAx7n8z,MOx9AM3J6rnEQQJCSsWfT7wdOetSni3OV0mrNgho,0tSt4SUsOj8fKBL2OwFTAz878S85snjiNnAx7n8z
neo9uYRJVawyUm1nyXvQrJxwVqapvXp6gVg6kwxr,G97yzpX8HPnbmrVEC0Aoz2si9mlAiCfZmduqw99n,G97yzpX8HPnbmrVEC0Aoz2si9mlAiCfZmduqw99n,hBG5vMBqkXoKVhe5nKFmfjAVyNoGHSr22VXcrkoN,I9zyEumkNRxIzJ9lhMe24gjeuA05krtaF8GygUHD,G97yzpX8HPnbmrVEC0Aoz2si9mlAiCfZmduqw99n
G97yzpX8HPnbmrVEC0Aoz2si9mlAiCfZmduqw99n,MOx9AM3J6rnEQQJCSsWfT7wdOetSni3OV0mrNgho,MOx9AM3J6rnEQQJCSsWfT7wdOetSni3OV0mrNgho,G0PLr6xT9E96wJTJXQDNB728J4rHnKFKya5jIcwT,BR0isoSnDlgTmIqukAORkXTz6C9ABpEWp1Yw4Fx6,MOx9AM3J6rnEQQJCSsWfT7wdOetSni3OV0mrNgho
MOx9AM3J6rnEQQJCSsWfT7wdOetSni3OV0mrNgho,I9zyEumkNRxIzJ9lhMe24gjeuA05krtaF8GygUHD,I9zyEumkNRxIzJ9lhMe24gjeuA05krtaF8GygUHD,G97yzpX8HPnbmrVEC0Aoz2si9mlAiCfZmduqw99n,0tSt4SUsOj8fKBL2OwFTAz878S85snjiNnAx7n8z,I9zyEumkNRxIzJ9lhMe24gjeuA05krtaF8GygUHD
I9zyEumkNRxIzJ9lhMe24gjeuA05krtaF8GygUHD,BR0isoSnDlgTmIqukAORkXTz6C9ABpEWp1Yw4Fx6,BR0isoSnDlgTmIqukAORkXTz6C9ABpEWp1Yw4Fx6,MOx9AM3J6rnEQQJCSsWfT7wdOetSni3OV0mrNgho,hBG5vMBqkXoKVhe5nKFmfjAVyNoGHSr22VXcrkoN,BR0isoSnDlgTmIqukAORkXTz6C9ABpEWp1Yw4Fx6
BR0isoSnDlgTmIqukAORkXTz6C9ABpEWp1Yw4Fx6,0tSt4SUsOj8fKBL2OwFTAz878S85snjiNnAx7n8z,0tSt4SUsOj8fKBL2OwFTAz878S85snjiNnAx7n8z,I9zyEumkNRxIzJ9lhMe24gjeuA05krtaF8GygUHD,G97yzpX8HPnbmrVEC0Aoz2si9mlAiCfZmduqw99n,0tSt4SUsOj8fKBL2OwFTAz878S85snjiNnAx7n8z
0tSt4SUsOj8fKBL2OwFTAz878S85snjiNnAx7n8z,hBG5vMBqkXoKVhe5nKFmfjAVyNoGHSr22VXcrkoN,hBG5vMBqkXoKVhe5nKFmfjAVyNoGHSr22VXcrkoN,BR0isoSnDlgTmIqukAORkXTz6C9ABpEWp1Yw4Fx6,MOx9AM3J6rnEQQJCSsWfT7wdOetSni3OV0mrNgho,G97yzpX8HPnbmrVEC0Aoz2si9mlAiCfZmduqw99n
hBG5vMBqkXoKVhe5nKFmfjAVyNoGHSr22VXcrkoN,G0PLr6xT9E96wJTJXQDNB728J4rHnKFKya5jIcwT,G0PLr6xT9E96wJTJXQDNB728J4rHnKFKya5jIcwT,0tSt4SUsOj8fKBL2OwFTAz878S85snjiNnAx7n8z,I9zyEumkNRxIzJ9lhMe24gjeuA05krtaF8GygUHD,MOx9AM3J6rnEQQJCSsWfT7wdOetSni3OV0mrNgho
G0PLr6xT9E96wJTJXQDNB728J4rHnKFKya5jIcwT,DboXcHUzjiTnEyfVzMA8hgefX2B7suIPftuPWSyq,DboXcHUzjiTnEyfVzMA8hgefX2B7suIPftuPWSyq,hBG5vMBqkXoKVhe5nKFmfjAVyNoGHSr22VXcrkoN,BR0isoSnDlgTmIqukAORkXTz6C9ABpEWp1Yw4Fx6,I9zyEumkNRxIzJ9lhMe24gjeuA05krtaF8GygUHD
DboXcHUzjiTnEyfVzMA8hgefX2B7suIPftuPWSyq,neo9uYRJVawyUm1nyXvQrJxwVqapvXp6gVg6kwxr,G97yzpX8HPnbmrVEC0Aoz2si9mlAiCfZmduqw99n,G0PLr6xT9E96wJTJXQDNB728J4rHnKFKya5jIcwT,0tSt4SUsOj8fKBL2OwFTAz878S85snjiNnAx7n8z,BR0isoSnDlgTmIqukAORkXTz6C9ABpEWp1Yw4Fx6
neo9uYRJVawyUm1nyXvQrJxwVqapvXp6gVg6kwxr,nOgJEtffp9e3P1qN9pqUrIZB0WQ9VIdptmx5wtia,MOx9AM3J6rnEQQJCSsWfT7wdOetSni3OV0mrNgho,G97yzpX8HPnbmrVEC0Aoz2si9mlAiCfZmduqw99n,hBG5vMBqkXoKVhe5nKFmfjAVyNoGHSr22VXcrkoN,0tSt4SUsOj8fKBL2OwFTAz878S85snjiNnAx7n8z
G97yzpX8HPnbmrVEC0Aoz2si9mlAiCfZmduqw99n,G97yzpX8HPnbmrVEC0Aoz2si9mlAiCfZmduqw99n,I9zyEumkNRxIzJ9lhMe24gjeuA05krtaF8GygUHD,MOx9AM3J6rnEQQJCSsWfT7wdOetSni3OV0mrNgho,G97yzpX8HPnbmrVEC0Aoz2si9mlAiCfZmduqw99n,G97yzpX8HPnbmrVEC0Aoz2si9mlAiCfZmduqw99n
MOx9AM3J6rnEQQJCSsWfT7wdOetSni3OV0mrNgho,MOx9AM3J6rnEQQJCSsWfT7wdOetSni3OV0mrNgho,BR0isoSnDlgTmIqukAORkXTz6C9ABpEWp1Yw4Fx6,I9zyEumkNRxIzJ9lhMe24gjeuA05krtaF8GygUHD,MOx9AM3J6rnEQQJCSsWfT7wdOetSni3OV0mrNgho,MOx9AM3J6rnEQQJCSsWfT7wdOetSni3OV0mrNgho
I9zyEumkNRxIzJ9lhMe24gjeuA05krtaF8GygUHD,I9zyEumkNRxIzJ9lhMe24gjeuA05krtaF8GygUHD,0tSt4SUsOj8fKBL2OwFTAz878S85snjiNnAx7n8z,BR0isoSnDlgTmIqukAORkXTz6C9ABpEWp1Yw4Fx6,I9zyEumkNRxIzJ9lhMe24gjeuA05krtaF8GygUHD,I9zyEumkNRxIzJ9lhMe24gjeuA05krtaF8GygUHD
BR0isoSnDlgTmIqukAORkXTz6C9ABpEWp1Yw4Fx6,BR0isoSnDlgTmIqukAORkXTz6C9ABpEWp1Yw4Fx6,hBG5vMBqkXoKVhe5nKFmfjAVyNoGHSr22VXcrkoN,0tSt4SUsOj8fKBL2OwFTAz878S85snjiNnAx7n8z,BR0isoSnDlgTmIqukAORkXTz6C9ABpEWp1Yw4Fx6,BR0isoSnDlgTmIqukAORkXTz6C9ABpEWp1Yw4Fx6
0tSt4SUsOj8fKBL2OwFTAz878S85snjiNnAx7n8z,0tSt4SUsOj8fKBL2OwFTAz878S85snjiNnAx7n8z,G0PLr6xT9E96wJTJXQDNB728J4rHnKFKya5jIcwT,hBG5vMBqkXoKVhe5nKFmfjAVyNoGHSr22VXcrkoN,0tSt4SUsOj8fKBL2OwFTAz878S85snjiNnAx7n8z,0tSt4SUsOj8fKBL2OwFTAz878S85snjiNnAx7n8z
hBG5vMBqkXoKVhe5nKFmfjAVyNoGHSr22VXcrkoN,hBG5vMBqkXoKVhe5nKFmfjAVyNoGHSr22VXcrkoN,DboXcHUzjiTnEyfVzMA8hgefX2B7suIPftuPWSyq,G0PLr6xT9E96wJTJXQDNB728J4rHnKFKya5jIcwT,hBG5vMBqkXoKVhe5nKFmfjAVyNoGHSr22VXcrkoN,G97yzpX8HPnbmrVEC0Aoz2si9mlAiCfZmduqw99n
G0PLr6xT9E96wJTJXQDNB728J4rHnKFKya5jIcwT,G0PLr6xT9E96wJTJXQDNB728J4rHnKFKya5jIcwT,G97yzpX8HPnbmrVEC0Aoz2si9mlAiCfZmduqw99n,G97yzpX8HPnbmrVEC0Aoz2si9mlAiCfZmduqw99n,G97yzpX8HPnbmrVEC0Aoz2si9mlAiCfZmduqw99n,MOx9AM3J6rnEQQJCSsWfT7wdOetSni3OV0mrNgho
DboXcHUzjiTnEyfVzMA8hgefX2B7suIPftuPWSyq,DboXcHUzjiTnEyfVzMA8hgefX2B7suIPftuPWSyq,MOx9AM3J6rnEQQJCSsWfT7wdOetSni3OV0mrNgho,MOx9AM3J6rnEQQJCSsWfT7wdOetSni3OV0mrNgho,MOx9AM3J6rnEQQJCSsWfT7wdOetSni3OV0mrNgho,I9zyEumkNRxIzJ9lhMe24gjeuA05krtaF8GygUHD
neo9uYRJVawyUm1nyXvQrJxwVqapvXp6gVg6kwxr,neo9uYRJVawyUm1nyXvQrJxwVqapvXp6gVg6kwxr,I9zyEumkNRxIzJ9lhMe24gjeuA05krtaF8GygUHD,I9zyEumkNRxIzJ9lhMe24gjeuA05krtaF8GygUHD,I9zyEumkNRxIzJ9lhMe24gjeuA05krtaF8GygUHD,BR0isoSnDlgTmIqukAORkXTz6C9ABpEWp1Yw4Fx6
G97yzpX8HPnbmrVEC0Aoz2si9mlAiCfZmduqw99n,nOgJEtffp9e3P1qN9pqUrIZB0WQ9VIdptmx5wtia,BR0isoSnDlgTmIqukAORkXTz6C9ABpEWp1Yw4Fx6,BR0isoSnDlgTmIqukAORkXTz6C9ABpEWp1Yw4Fx6,BR0isoSnDlgTmIqukAORkXTz6C9ABpEWp1Yw4Fx6,0tSt4SUsOj8fKBL2OwFTAz878S85snjiNnAx7n8z
MOx9AM3J6rnEQQJCSsWfT7wdOetSni3OV0mrNgho,G97yzpX8HPnbmrVEC0Aoz2si9mlAiCfZmduqw99n,0tSt4SUsOj8fKBL2OwFTAz878S85snjiNnAx7n8z,0tSt4SUsOj8fKBL2OwFTAz878S85snjiNnAx7n8z,0tSt4SUsOj8fKBL2OwFTAz878S85snjiNnAx7n8z,G97yzpX8HPnbmrVEC0Aoz2si9mlAiCfZmduqw99n
I9zyEumkNRxIzJ9lhMe24gjeuA05krtaF8GygUHD,MOx9AM3J6rnEQQJCSsWfT7wdOetSni3OV0mrNgho,hBG5vMBqkXoKVhe5nKFmfjAVyNoGHSr22VXcrkoN,hBG5vMBqkXoKVhe5nKFmfjAVyNoGHSr22VXcrkoN,hBG5vMBqkXoKVhe5nKFmfjAVyNoGHSr22VXcrkoN,MOx9AM3J6rnEQQJCSsWfT7wdOetSni3OV0mrNgho
BR0isoSnDlgTmIqukAORkXTz6C9ABpEWp1Yw4Fx6,I9zyEumkNRxIzJ9lhMe24gjeuA05krtaF8GygUHD,G0PLr6xT9E96wJTJXQDNB728J4rHnKFKya5jIcwT,G0PLr6xT9E96wJTJXQDNB728J4rHnKFKya5jIcwT,G97yzpX8HPnbmrVEC0Aoz2si9mlAiCfZmduqw99n,I9zyEumkNRxIzJ9lhMe24gjeuA05krtaF8GygUHD
0tSt4SUsOj8fKBL2OwFTAz878S85snjiNnAx7n8z,BR0isoSnDlgTmIqukAORkXTz6C9ABpEWp1Yw4Fx6,DboXcHUzjiTnEyfVzMA8hgefX2B7suIPftuPWSyq,G97yzpX8HPnbmrVEC0Aoz2si9mlAiCfZmduqw99n,MOx9AM3J6rnEQQJCSsWfT7wdOetSni3OV0mrNgho,BR0isoSnDlgTmIqukAORkXTz6C9ABpEWp1Yw4Fx6
hBG5vMBqkXoKVhe5nKFmfjAVyNoGHSr22VXcrkoN,0tSt4SUsOj8fKBL2OwFTAz878S85snjiNnAx7n8z,G97yzpX8HPnbmrVEC0Aoz2si9mlAiCfZmduqw99n,MOx9AM3J6rnEQQJCSsWfT7wdOetSni3OV0mrNgho,I9zyEumkNRxIzJ9lhMe24gjeuA05krtaF8GygUHD,0tSt4SUsOj8fKBL2OwFTAz878S85snjiNnAx7n8z
G0PLr6xT9E96wJTJXQDNB728J4rHnKFKya5jIcwT,hBG5vMBqkXoKVhe5nKFmfjAVyNoGHSr22VXcrkoN,MOx9AM3J6rnEQQJCSsWfT7wdOetSni3OV0mrNgho,I9zyEumkNRxIzJ9lhMe24gjeuA05krtaF8GygUHD,BR0isoSnDlgTmIqukAORkXTz6C9ABpEWp1Yw4Fx6,G97yzpX8HPnbmrVEC0Aoz2si9mlAiCfZmduqw99n
DboXcHUzjiTnEyfVzMA8hgefX2B7suIPftuPWSyq,G0PLr6xT9E96wJTJXQDNB728J4rHnKFKya5jIcwT,I9zyEumkNRxIzJ9lhMe24gjeuA05krtaF8GygUHD,BR0isoSnDlgTmIqukAORkXTz6C9ABpEWp1Yw4Fx6,0tSt4SUsOj8fKBL2OwFTAz878S85snjiNnAx7n8z,MOx9AM3J6rnEQQJCSsWfT7wdOetSni3OV0mrNgho
neo9uYRJVawyUm1nyXvQrJxwVqapvXp6gVg6kwxr,DboXcHUzjiTnEyfVzMA8hgefX2B7suIPftuPWSyq,BR0isoSnDlgTmIqukAORkXTz6C9ABpEWp1Yw4Fx6,0tSt4SUsOj8fKBL2OwFTAz878S85snjiNnAx7n8z,hBG5vMBqkXoKVhe5nKFmfjAVyNoGHSr22VXcrkoN,I9zyEumkNRxIzJ9lhMe24gjeuA05krtaF8GygUHD
G97yzpX8HPnbmrVEC0Aoz2si9mlAiCfZmduqw99n,neo9uYRJVawyUm1nyXvQrJxwVqapvXp6gVg6kwxr,0tSt4SUsOj8fKBL2OwFTAz878S85snjiNnAx7n8z,hBG5vMBqkXoKVhe5nKFmfjAVyNoGHSr22VXcrkoN,G97yzpX8HPnbmrVEC0Aoz2si9mlAiCfZmduqw99n,BR0isoSnDlgTmIqukAORkXTz6C9ABpEWp1Yw4Fx6
MOx9AM3J6rnEQQJCSsWfT7wdOetSni3OV0mrNgho,nOgJEtffp9e3P1qN9pqUrIZB0WQ9VIdptmx5wtia,hBG5vMBqkXoKVhe5nKFmfjAVyNoGHSr22VXcrkoN,G0PLr6xT9E96wJTJXQDNB728J4rHnKFKya5jIcwT,MOx9AM3J6rnEQQJCSsWfT7wdOetSni3OV0mrNgho,0tSt4SUsOj8fKBL2OwFTAz878S85snjiNnAx7n8z
I9zyEumkNRxIzJ9lhMe24gjeuA05krtaF8GygUHD,G97yzpX8HPnbmrVEC0Aoz2si9mlAiCfZmduqw99n,G0PLr6xT9E96wJTJXQDNB728J4rHnKFKya5jIcwT,G97yzpX8HPnbmrVEC0Aoz2si9mlAiCfZmduqw99n,I9zyEumkNRxIzJ9lhMe24gjeuA05krtaF8GygUHD,G97yzpX8HPnbmrVEC0Aoz2si9mlAiCfZmduqw99n
BR0isoSnDlgTmIqukAORkXTz6C9ABpEWp1Yw4Fx6,MOx9AM3J6rnEQQJCSsWfT7wdOetSni3OV0mrNgho,DboXcHUzjiTnEyfVzMA8hgefX2B7suIPftuPWSyq,MOx9AM3J6rnEQQJCSsWfT7wdOetSni3OV0mrNgho,BR0isoSnDlgTmIqukAORkXTz6C9ABpEWp1Yw4Fx6,MOx9AM3J6rnEQQJCSsWfT7wdOetSni3OV0mrNgho
0tSt4SUsOj8fKBL2OwFTAz878S85snjiNnAx7n8z,I9zyEumkNRxIzJ9lhMe24gjeuA05krtaF8GygUHD,G97yzpX8HPnbmrVEC0Aoz2si9mlAiCfZmduqw99n,I9zyEumkNRxIzJ9lhMe24gjeuA05krtaF8GygUHD,0tSt4SUsOj8fKBL2OwFTAz878S85snjiNnAx7n8z,I9zyEumkNRxIzJ9lhMe24gjeuA05krtaF8GygUHD
hBG5vMBqkXoKVhe5nKFmfjAVyNoGHSr22VXcrkoN,BR0isoSnDlgTmIqukAORkXTz6C9ABpEWp1Yw4Fx6,MOx9AM3J6rnEQQJCSsWfT7wdOetSni3OV0mrNgho,BR0isoSnDlgTmIqukAORkXTz6C9ABpEWp1Yw4Fx6,hBG5vMBqkXoKVhe5nKFmfjAVyNoGHSr22VXcrkoN,BR0isoSnDlgTmIqukAORkXTz6C9ABpEWp1Yw4Fx6
G0PLr6xT9E96wJTJXQDNB728J4rHnKFKya5jIcwT,0tSt4SUsOj8fKBL2OwFTAz878S85snjiNnAx7n8z,I9zyEumkNRxIzJ9lhMe24gjeuA05krtaF8GygUHD,0tSt4SUsOj8fKBL2OwFTAz878S85snjiNnAx7n8z,G97yzpX8HPnbmrVEC0Aoz2si9mlAiCfZmduqw99n,0tSt4SUsOj8fKBL2OwFTAz878S85snjiNnAx7n8z
DboXcHUzjiTnEyfVzMA8hgefX2B7suIPftuPWSyq,hBG5vMBqkXoKVhe5nKFmfjAVyNoGHSr22VXcrkoN,BR0isoSnDlgTmIqukAORkXTz6C9ABpEWp1Yw4Fx6,hBG5vMBqkXoKVhe5nKFmfjAVyNoGHSr22VXcrkoN,MOx9AM3J6rnEQQJCSsWfT7wdOetSni3OV0mrNgho,G97yzpX8HPnbmrVEC0Aoz2si9mlAiCfZmduqw99n
neo9uYRJVawyUm1nyXvQrJxwVqapvXp6gVg6kwxr,G0PLr6xT9E96wJTJXQDNB728J4rHnKFKya5jIcwT,0tSt4SUsOj8fKBL2OwFTAz878S85snjiNnAx7n8z,G0PLr6xT9E96wJTJXQDNB728J4rHnKFKya5jIcwT,I9zyEumkNRxIzJ9lhMe24gjeuA05krtaF8GygUHD,MOx9AM3J6rnEQQJCSsWfT7wdOetSni3OV0mrNgho
G97yzpX8HPnbmrVEC0Aoz2si9mlAiCfZmduqw99n,DboXcHUzjiTnEyfVzMA8hgefX2B7suIPftuPWSyq,hBG5vMBqkXoKVhe5nKFmfjAVyNoGHSr22VXcrkoN,G97yzpX8HPnbmrVEC0Aoz2si9mlAiCfZmduqw99n,BR0isoSnDlgTmIqukAORkXTz6C9ABpEWp1Yw4Fx6,I9zyEumkNRxIzJ9lhMe24gjeuA05krtaF8GygUHD
MOx9AM3J6rnEQQJCSsWfT7wdOetSni3OV0mrNgho,neo9uYRJVawyUm1nyXvQrJxwVqapvXp6gVg6kwxr,G0PLr6xT9E96wJTJXQDNB728J4rHnKFKya5jIcwT,MOx9AM3J6rnEQQJCSsWfT7wdOetSni3OV0mrNgho,0tSt4SUsOj8fKBL2OwFTAz878S85snjiNnAx7n8z,BR0isoSnDlgTmIqukAORkXTz6C9ABpEWp1Yw4Fx6
I9zyEumkNRxIzJ9lhMe24gjeuA05krtaF8GygUHD,nOgJEtffp9e3P1qN9pqUrIZB0WQ9VIdptmx5wtia,DboXcHUzjiTnEyfVzMA8hgefX2B7suIPftuPWSyq,I9zyEumkNRxIzJ9lhMe24gjeuA05krtaF8GygUHD,hBG5vMBqkXoKVhe5nKFmfjAVyNoGHSr22VXcrkoN,0tSt4SUsOj8fKBL2OwFTAz878S85snjiNnAx7n8z
BR0isoSnDlgTmIqukAORkXTz6C9ABpEWp1Yw4Fx6,G97yzpX8HPnbmrVEC0Aoz2si9mlAiCfZmduqw99n,G97yzpX8HPnbmrVEC0Aoz2si9mlAiCfZmduqw99n,BR0isoSnDlgTmIqukAORkXTz6C9ABpEWp1Yw4Fx6,G97yzpX8HPnbmrVEC0Aoz2si9mlAiCfZmduqw99n,G97yzpX8HPnbmrVEC0Aoz2si9mlAiCfZmduqw99n
0tSt4SUsOj8fKBL2OwFTAz878S85snjiNnAx7n8z,MOx9AM3J6rnEQQJCSsWfT7wdOetSni3OV0mrNgho,MOx9AM3J6rnEQQJCSsWfT7wdOetSni3OV0mrNgho,0tSt4SUsOj8fKBL2OwFTAz878S85snjiNnAx7n8z,MOx9AM3J6rnEQQJCSsWfT7wdOetSni3OV0mrNgho,MOx9AM3J6rnEQQJCSsWfT7wdOetSni3OV0mrNgho
hBG5vMBqkXoKVhe5nKFmfjAVyNoGHSr22VXcrkoN,I9zyEumkNRxIzJ9lhMe24gjeuA05krtaF8GygUHD,I9zyEumkNRxIzJ9lhMe24gjeuA05krtaF8GygUHD,hBG5vMBqkXoKVhe5nKFmfjAVyNoGHSr22VXcrkoN,I9zyEumkNRxIzJ9lhMe24gjeuA05krtaF8GygUHD,I9zyEumkNRxIzJ9lhMe24gjeuA05krtaF8GygUHD
G0PLr6xT9E96wJTJXQDNB728J4rHnKFKya5jIcwT,BR0isoSnDlgTmIqukAORkXTz6C9ABpEWp1Yw4Fx6,BR0isoSnDlgTmIqukAORkXTz6C9ABpEWp1Yw4Fx6,G0PLr6xT9E96wJTJXQDNB728J4rHnKFKya5jIcwT,BR0isoSnDlgTmIqukAORkXTz6C9ABpEWp1Yw4Fx6,BR0isoSnDlgTmIqukAORkXTz6C9ABpEWp1Yw4Fx6
DboXcHUzjiTnEyfVzMA8hgefX2B7suIPftuPWSyq,0tSt4SUsOj8fKBL2OwFTAz878S85snjiNnAx7n8z,0tSt4SUsOj8fKBL2OwFTAz878S85snjiNnAx7n8z,G97yzpX8HPnbmrVEC0Aoz2si9mlAiCfZmduqw99n,0tSt4SUsOj8fKBL2OwFTAz878S85snjiNnAx7n8z,0tSt4SUsOj8fKBL2OwFTAz878S85snjiNnAx7n8z
neo9uYRJVawyUm1nyXvQrJxwVqapvXp6gVg6kwxr,hBG5vMBqkXoKVhe5nKFmfjAVyNoGHSr22VXcrkoN,hBG5vMBqkXoKVhe5nKFmfjAVyNoGHSr22VXcrkoN,MOx9AM3J6rnEQQJCSsWfT7wdOetSni3OV0mrNgho,hBG5vMBqkXoKVhe5nKFmfjAVyNoGHSr22VXcrkoN,G97yzpX8HPnbmrVEC0Aoz2si9mlAiCfZmduqw99n
G97yzpX8HPnbmrVEC0Aoz2si9mlAiCfZmduqw99n,G0PLr6xT9E96wJTJXQDNB728J4rHnKFKya5jIcwT,G0PLr6xT9E96wJTJXQDNB728J4rHnKFKya5jIcwT,I9zyEumkNRxIzJ9lhMe24gjeuA05krtaF8GygUHD,G97yzpX8HPnbmrVEC0Aoz2si9mlAiCfZmduqw99n,MOx9AM3J6rnEQQJCSsWfT7wdOetSni3OV0mrNgho
MOx9AM3J6rnEQQJCSsWfT7wdOetSni3OV0mrNgho,DboXcHUzjiTnEyfVzMA8hgefX2B7suIPftuPWSyq,DboXcHUzjiTnEyfVzMA8hgefX2B7suIPftuPWSyq,BR0isoSnDlgTmIqukAORkXTz6C9ABpEWp1Yw4Fx6,MOx9AM3J6rnEQQJCSsWfT7wdOetSni3OV0mrNgho,I9zyEumkNRxIzJ9lhMe24gjeuA05krtaF8GygUHD
I9zyEumkNRxIzJ9lhMe24gjeuA05krtaF8GygUHD,neo9uYRJVawyUm1nyXvQrJxwVqapvXp6gVg6kwxr,G97yzpX8HPnbmrVEC0Aoz2si9mlAiCfZmduqw99n,0tSt4SUsOj8fKBL2OwFTAz878S85snjiNnAx7n8z,I9zyEumkNRxIzJ9lhMe24gjeuA05krtaF8GygUHD,BR0isoSnDlgTmIqukAORkXTz6C9ABpEWp1Yw4Fx6
BR0isoSnDlgTmIqukAORkXTz6C9ABpEWp1Yw4Fx6,nOgJEtffp9e3P1qN9pqUrIZB0WQ9VIdptmx5wtia,MOx9AM3J6rnEQQJCSsWfT7wdOetSni3OV0mrNgho,hBG5vMBqkXoKVhe5nKFmfjAVyNoGHSr22VXcrkoN,BR0isoSnDlgTmIqukAORkXTz6C9ABpEWp1Yw4Fx6,0tSt4SUsOj8fKBL2OwFTAz878S85snjiNnAx7n8z
0tSt4SUsOj8fKBL2OwFTAz878S85snjiNnAx7n8z,G97yzpX8HPnbmrVEC0Aoz2si9mlAiCfZmduqw99n,I9zyEumkNRxIzJ9lhMe24gjeuA05krtaF8GygUHD,G0PLr6xT9E96wJTJXQDNB728J4rHnKFKya5jIcwT,0tSt4SUsOj8fKBL2OwFTAz878S85snjiNnAx7n8z,G97yzpX8HPnbmrVEC0Aoz2si9mlAiCfZmduqw99n
hBG5vMBqkXoKVhe5nKFmfjAVyNoGHSr22VXcrkoN,MOx9AM3J6rnEQQJCSsWfT7wdOetSni3OV0mrNgho,BR0isoSnDlgTmIqukAORkXTz6C9ABpEWp1Yw4Fx6,G97yzpX8HPnbmrVEC0Aoz2si9mlAiCfZmduqw99n,hBG5vMBqkXoKVhe5nKFmfjAVyNoGHSr22VXcrkoN,MOx9AM3J6rnEQQJCSsWfT7wdOetSni3OV0mrNgho
G0PLr6xT9E96wJTJXQDNB728J4rHnKFKya5jIcwT,I9zyEumkNRxIzJ9lhMe24gjeuA05krtaF8GygUHD,0tSt4SUsOj8fKBL2OwFTAz878S85snjiNnAx7n8z,MOx9AM3J6rnEQQJCSsWfT7wdOetSni3OV0mrNgho,G97yzpX8HPnbmrVEC0Aoz2si9mlAiCfZmduqw99n,I9zyEumkNRxIzJ9lhMe24gjeuA05krtaF8GygUHD
DboXcHUzjiTnEyfVzMA8hgefX2B7suIPftuPWSyq,BR0isoSnDlgTmIqukAORkXTz6C9ABpEWp1Yw4Fx6,hBG5vMBqkXoKVhe5nKFmfjAVyNoGHSr22VXcrkoN,I9zyEumkNRxIzJ9lhMe24gjeuA05krtaF8GygUHD,MOx9AM3J6rnEQQJCSsWfT7wdOetSni3OV0mrNgho,BR0isoSnDlgTmIqukAORkXTz6C9ABpEWp1Yw4Fx6
neo9uYRJVawyUm1nyXvQrJxwVqapvXp6gVg6kwxr,0tSt4SUsOj8fKBL2OwFTAz878S85snjiNnAx7n8z,G0PLr6xT9E96wJTJXQDNB728J4rHnKFKya5jIcwT,BR0isoSnDlgTmIqukAORkXTz6C9ABpEWp1Yw4Fx6,I9zyEumkNRxIzJ9lhMe24gjeuA05krtaF8GygUHD,0tSt4SUsOj8fKBL2OwFTAz878S85snjiNnAx7n8z
G97yzpX8HPnbmrVEC0Aoz2si9mlAiCfZmduqw99n,hBG5vMBqkXoKVhe5nKFmfjAVyNoGHSr22VXcrkoN,DboXcHUzjiTnEyfVzMA8hgefX2B7suIPftuPWSyq,0tSt4SUsOj8fKBL2OwFTAz878S85snjiNnAx7n8z,BR0isoSnDlgTmIqukAORkXTz6C9ABpEWp1Yw4Fx6,G97yzpX8HPnbmrVEC0Aoz2si9mlAiCfZmduqw99n
MOx9AM3J6rnEQQJCSsWfT7wdOetSni3OV0mrNgho,G0PLr6xT9E96wJTJXQDNB728J4rHnKFKya5jIcwT,G97yzpX8HPnbmrVEC0Aoz2si9mlAiCfZmduqw99n,hBG5vMBqkXoKVhe5nKFmfjAVyNoGHSr22VXcrkoN,0tSt4SUsOj8fKBL2OwFTAz878S85snjiNnAx7n8z,MOx9AM3J6rnEQQJCSsWfT7wdOetSni3OV0mrNgho
I9zyEumkNRxIzJ9lhMe24gjeuA05krtaF8GygUHD,DboXcHUzjiTnEyfVzMA8hgefX2B7suIPftuPWSyq,MOx9AM3J6rnEQQJCSsWfT7wdOetSni3OV0mrNgho,G0PLr6xT9E96wJTJXQDNB728J4rHnKFKya5jIcwT,hBG5vMBqkXoKVhe5nKFmfjAVyNoGHSr22VXcrkoN,I9zyEumkNRxIzJ9lhMe24gjeuA05krtaF8GygUHD
BR0isoSnDlgTmIqukAORkXTz6C9ABpEWp1Yw4Fx6,neo9uYRJVawyUm1nyXvQrJxwVqapvXp6gVg6kwxr,I9zyEumkNRxIzJ9lhMe24gjeuA05krtaF8GygUHD,G97yzpX8HPnbmrVEC0Aoz2si9mlAiCfZmduqw99n,G97yzpX8HPnbmrVEC0Aoz2si9mlAiCfZmduqw99n,BR0isoSnDlgTmIqukAORkXTz6C9ABpEWp1Yw4Fx6
0tSt4SUsOj8fKBL2OwFTAz878S85snjiNnAx7n8z,nOgJEtffp9e3P1qN9pqUrIZB0WQ9VIdptmx5wtia,BR0isoSnDlgTmIqukAORkXTz6C9ABpEWp1Yw4Fx6,MOx9AM3J6rnEQQJCSsWfT7wdOetSni3OV0mrNgho,MOx9AM3J6rnEQQJCSsWfT7wdOetSni3OV0mrNgho,0tSt4SUsOj8fKBL2OwFTAz878S85snjiNnAx7n8z
hBG5vMBqkXoKVhe5nKFmfjAVyNoGHSr22VXcrkoN,G97yzpX8HPnbmrVEC0Aoz2si9mlAiCfZmduqw99n,0tSt4SUsOj8fKBL2OwFTAz878S85snjiNnAx7n8z,I9zyEumkNRxIzJ9lhMe24gjeuA05krtaF8GygUHD,I9zyEumkNRxIzJ9lhMe24gjeuA05krtaF8GygUHD,G97yzpX8HPnbmrVEC0Aoz2si9mlAiCfZmduqw99n
G0PLr6xT9E96wJTJXQDNB728J4rHnKFKya5jIcwT,MOx9AM3J6rnEQQJCSsWfT7wdOetSni3OV0mrNgho,hBG5vMBqkXoKVhe5nKFmfjAVyNoGHSr22VXcrkoN,BR0isoSnDlgTmIqukAORkXTz6C9ABpEWp1Yw4Fx6,BR0isoSnDlgTmIqukAORkXTz6C9ABpEWp1Yw4Fx6,MOx9AM3J6rnEQQJCSsWfT7wdOetSni3OV0mrNgho
DboXcHUzjiTnEyfVzMA8hgefX2B7suIPftuPWSyq,I9zyEumkNRxIzJ9lhMe24gjeuA05krtaF8GygUHD,G0PLr6xT9E96wJTJXQDNB728J4rHnKFKya5jIcwT,0tSt4SUsOj8fKBL2OwFTAz878S85snjiNnAx7n8z,0tSt4SUsOj8fKBL2OwFTAz878S85snjiNnAx7n8z,I9zyEumkNRxIzJ9lhMe24gjeuA05krtaF8GygUHD
neo9uYRJVawyUm1nyXvQrJxwVqapvXp6gVg6kwxr,BR0isoSnDlgTmIqukAORkXTz6C9ABpEWp1Yw4Fx6,DboXcHUzjiTnEyfVzMA8hgefX2B7suIPftuPWSyq,hBG5vMBqkXoKVhe5nKFmfjAVyNoGHSr22VXcrkoN,hBG5vMBqkXoKVhe5nKFmfjAVyNoGHSr22VXcrkoN,BR0isoSnDlgTmIqukAORkXTz6C9ABpEWp1Yw4Fx6
G97yzpX8HPnbmrVEC0Aoz2si9mlAiCfZmduqw99n,0tSt4SUsOj8fKBL2OwFTAz878S85snjiNnAx7n8z,G97yzpX8HPnbmrVEC0Aoz2si9mlAiCfZmduqw99n,G0PLr6xT9E96wJTJXQDNB728J4rHnKFKya5jIcwT,G97yzpX8HPnbmrVEC0Aoz2si9mlAiCfZmduqw99n,0tSt4SUsOj8fKBL2OwFTAz878S85snjiNnAx7n8z
MOx9AM3J6rnEQQJCSsWfT7wdOetSni3OV0mrNgho,hBG5vMBqkXoKVhe5nKFmfjAVyNoGHSr22VXcrkoN,MOx9AM3J6rnEQQJCSsWfT7wdOetSni3OV0mrNgho,G97yzpX8HPnbmrVEC0Aoz2si9mlAiCfZmduqw99n,MOx9AM3J6rnEQQJCSsWfT7wdOetSni3OV0mrNgho,G97yzpX8HPnbmrVEC0Aoz2si9mlAiCfZmduqw99n
I9zyEumkNRxIzJ9lhMe24gjeuA05krtaF8GygUHD,G0PLr6xT9E96wJTJXQDNB728J4rHnKFKya5jIcwT,I9zyEumkNRxIzJ9lhMe24gjeuA05krtaF8GygUHD,MOx9AM3J6rnEQQJCSsWfT7wdOetSni3OV0mrNgho,I9zyEumkNRxIzJ9lhMe24gjeuA05krtaF8GygUHD,MOx9AM3J6rnEQQJCSsWfT7wdOetSni3OV0mrNgho
BR0isoSnDlgTmIqukAORkXTz6C9ABpEWp1Yw4Fx6,DboXcHUzjiTnEyfVzMA8hgefX2B7suIPftuPWSyq,BR0isoSnDlgTmIqukAORkXTz6C9ABpEWp1Yw4Fx6,I9zyEumkNRxIzJ9lhMe24gjeuA05krtaF8GygUHD,BR0isoSnDlgTmIqukAORkXTz6C9ABpEWp1Yw4Fx6,I9zyEumkNRxIzJ9lhMe24gjeuA05krtaF8GygUHD
0tSt4SUsOj8fKBL2OwFTAz878S85snjiNnAx7n8z,neo9uYRJVawyUm1nyXvQrJxwVqapvXp6gVg6kwxr,0tSt4SUsOj8fKBL2OwFTAz878S85snjiNnAx7n8z,BR0isoSnDlgTmIqukAORkXTz6C9ABpEWp1Yw4Fx6,0tSt4SUsOj8fKBL2OwFTAz878S85snjiNnAx7n8z,BR0isoSnDlgTmIqukAORkXTz6C9ABpEWp1Yw4Fx6
hBG5vMBqkXoKVhe5nKFmfjAVyNoGHSr22VXcrkoN,nOgJEtffp9e3P1qN9pqUrIZB0WQ9VIdptmx5wtia,hBG5vMBqkXoKVhe5nKFmfjAVyNoGHSr22VXcrkoN,0tSt4SUsOj8fKBL2OwFTAz878S85snjiNnAx7n8z,hBG5vMBqkXoKVhe5nKFmfjAVyNoGHSr22VXcrkoN,0tSt4SUsOj8fKBL2OwFTAz878S85snjiNnAx7n8z
G0PLr6xT9E96wJTJXQDNB728J4rHnKFKya5jIcwT,G97yzpX8HPnbmrVEC0Aoz2si9mlAiCfZmduqw99n,G0PLr6xT9E96wJTJXQDNB728J4rHnKFKya5jIcwT,hBG5vMBqkXoKVhe5nKFmfjAVyNoGHSr22VXcrkoN,G97yzpX8HPnbmrVEC0Aoz2si9mlAiCfZmduqw99n,G97yzpX8HPnbmrVEC0Aoz2si9mlAiCfZmduqw99n
DboXcHUzjiTnEyfVzMA8hgefX2B7suIPftuPWSyq,MOx9AM3J6rnEQQJCSsWfT7wdOetSni3OV0mrNgho,DboXcHUzjiTnEyfVzMA8hgefX2B7suIPftuPWSyq,G0PLr6xT9E96wJTJXQDNB728J4rHnKFKya5jIcwT,MOx9AM3J6rnEQQJCSsWfT7wdOetSni3OV0mrNgho,MOx9AM3J6rnEQQJCSsWfT7wdOetSni3OV0mrNgho
neo9uYRJVawyUm1nyXvQrJxwVqapvXp6gVg6kwxr,I9zyEumkNRxIzJ9lhMe24gjeuA05krtaF8GygUHD,G97yzpX8HPnbmrVEC0Aoz2si9mlAiCfZmduqw99n,G97yzpX8HPnbmrVEC0Aoz2si9mlAiCfZmduqw99n,I9zyEumkNRxIzJ9lhMe24gjeuA05krtaF8GygUHD,I9zyEumkNRxIzJ9lhMe24gjeuA05krtaF8GygUHD
G97yzpX8HPnbmrVEC0Aoz2si9mlAiCfZmduqw99n,BR0isoSnDlgTmIqukAORkXTz6C9ABpEWp1Yw4Fx6,MOx9AM3J6rnEQQJCSsWfT7wdOetSni3OV0mrNgho,MOx9AM3J6rnEQQJCSsWfT7wdOetSni3OV0mrNgho,BR0isoSnDlgTmIqukAORkXTz6C9ABpEWp1Yw4Fx6,BR0isoSnDlgTmIqukAORkXTz6C9ABpEWp1Yw4Fx6
MOx9AM3J6rnEQQJCSsWfT7wdOetSni3OV0mrNgho,0tSt4SUsOj8fKBL2OwFTAz878S85snjiNnAx7n8z,I9zyEumkNRxIzJ9lhMe24gjeuA05krtaF8GygUHD,I9zyEumkNRxIzJ9lhMe24gjeuA05krtaF8GygUHD,0tSt4SUsOj8fKBL2OwFTAz878S85snjiNnAx7n8z,0tSt4SUsOj8fKBL2OwFTAz878S85snjiNnAx7n8z
I9zyEumkNRxIzJ9lhMe24gjeuA05krtaF8GygUHD,hBG5vMBqkXoKVhe5nKFmfjAVyNoGHSr22VXcrkoN,BR0isoSnDlgTmIqukAORkXTz6C9ABpEWp1Yw4Fx6,BR0isoSnDlgTmIqukAORkXTz6C9ABpEWp1Yw4Fx6,hBG5vMBqkXoKVhe5nKFmfjAVyNoGHSr22VXcrkoN,G97yzpX8HPnbmrVEC0Aoz2si9mlAiCfZmduqw99n
BR0isoSnDlgTmIqukAORkXTz6C9ABpEWp1Yw4Fx6,G0PLr6xT9E96wJTJXQDNB728J4rHnKFKya5jIcwT,0tSt4SUsOj8fKBL2OwFTAz878S85snjiNnAx7n8z,0tSt4SUsOj8fKBL2OwFTAz878S85snjiNnAx7n8z,G97yzpX8HPnbmrVEC0Aoz2si9mlAiCfZmduqw99n,MOx9AM3J6rnEQQJCSsWfT7wdOetSni3OV0mrNgho
0tSt4SUsOj8fKBL2OwFTAz878S85snjiNnAx7n8z,DboXcHUzjiTnEyfVzMA8hgefX2B7suIPftuPWSyq,hBG5vMBqkXoKVhe5nKFmfjAVyNoGHSr22VXcrkoN,hBG5vMBqkXoKVhe5nKFmfjAVyNoGHSr22VXcrkoN,MOx9AM3J6rnEQQJCSsWfT7wdOetSni3OV0mrNgho,I9zyEumkNRxIzJ9lhMe24gjeuA05krtaF8GygUHD
hBG5vMBqkXoKVhe5nKFmfjAVyNoGHSr22VXcrkoN,neo9uYRJVawyUm1nyXvQrJxwVqapvXp6gVg6kwxr,G0PLr6xT9E96wJTJXQDNB728J4rHnKFKya5jIcwT,G0PLr6xT9E96wJTJXQDNB728J4rHnKFKya5jIcwT,I9zyEumkNRxIzJ9lhMe24gjeuA05krtaF8GygUHD,BR0isoSnDlgTmIqukAORkXTz6C9ABpEWp1Yw4Fx6
G0PLr6xT9E96wJTJXQDNB728J4rHnKFKya5jIcwT,nOgJEtffp9e3P1qN9pqUrIZB0WQ9VIdptmx5wtia,DboXcHUzjiTnEyfVzMA8hgefX2B7suIPftuPWSyq,G97yzpX8HPnbmrVEC0Aoz2si9mlAiCfZmduqw99n,BR0isoSnDlgTmIqukAORkXTz6C9ABpEWp1Yw4Fx6,0tSt4SUsOj8fKBL2OwFTAz878S85snjiNnAx7n8z
DboXcHUzjiTnEyfVzMA8hgefX2B7suIPftuPWSyq,G97yzpX8HPnbmrVEC0Aoz2si9mlAiCfZmduqw99n,G97yzpX8HPnbmrVEC0Aoz2si9mlAiCfZmduqw99n,MOx9AM3J6rnEQQJCSsWfT7wdOetSni3OV0mrNgho,0tSt4SUsOj8fKBL2OwFTAz878S85snjiNnAx7n8z,G97yzpX8HPnbmrVEC0Aoz2si9mlAiCfZmduqw99n
neo9uYRJVawyUm1nyXvQrJxwVqapvXp6gVg6kwxr,MOx9AM3J6rnEQQJCSsWfT7wdOetSni3OV0mrNgho,MOx9AM3J6rnEQQJCSsWfT7wdOetSni3OV0mrNgho,I9zyEumkNRxIzJ9lhMe24gjeuA05krtaF8GygUHD,hBG5vMBqkXoKVhe5nKFmfjAVyNoGHSr22VXcrkoN,MOx9AM3J6rnEQQJCSsWfT7wdOetSni3OV0mrNgho
G97yzpX8HPnbmrVEC0Aoz2si9mlAiCfZmduqw99n,I9zyEumkNRxIzJ9lhMe24gjeuA05krtaF8GygUHD,I9zyEumkNRxIzJ9lhMe24gjeuA05krtaF8GygUHD,BR0isoSnDlgTmIqukAORkXTz6C9ABpEWp1Yw4Fx6,G97yzpX8HPnbmrVEC0Aoz2si9mlAiCfZmduqw99n,I9zyEumkNRxIzJ9lhMe24gjeuA05krtaF8GygUHD
MOx9AM3J6rnEQQJCSsWfT7wdOetSni3OV0mrNgho,BR0isoSnDlgTmIqukAORkXTz6C9ABpEWp1Yw4Fx6,BR0isoSnDlgTmIqukAORkXTz6C9ABpEWp1Yw4Fx6,0tSt4SUsOj8fKBL2OwFTAz878S85snjiNnAx7n8z,MOx9AM3J6rnEQQJCSsWfT7wdOetSni3OV0mrNgho,BR0isoSnDlgTmIqukAORkXTz6C9ABpEWp1Yw4Fx6
I9zyEumkNRxIzJ9lhMe24gjeuA05krtaF8GygUHD,0tSt4SUsOj8fKBL2OwFTAz878S85snjiNnAx7n8z,0tSt4SUsOj8fKBL2OwFTAz878S85snjiNnAx7n8z,hBG5vMBqkXoKVhe5nKFmfjAVyNoGHSr22VXcrkoN,I9zyEumkNRxIzJ9lhMe24gjeuA05krtaF8GygUHD,0tSt4SUsOj8fKBL2OwFTAz878S85snjiNnAx7n8z
BR0isoSnDlgTmIqukAORkXTz6C9ABpEWp1Yw4Fx6,hBG5vMBqkXoKVhe5nKFmfjAVyNoGHSr22VXcrkoN,hBG5vMBqkXoKVhe5nKFmfjAVyNoGHSr22VXcrkoN,G0PLr6xT9E96wJTJXQDNB728J4rHnKFKya5jIcwT,BR0isoSnDlgTmIqukAORkXTz6C9ABpEWp1Yw4Fx6,G97yzpX8HPnbmrVEC0Aoz2si9mlAiCfZmduqw99n
0tSt4SUsOj8fKBL2OwFTAz878S85snjiNnAx7n8z,G0PLr6xT9E96wJTJXQDNB728J4rHnKFKya5jIcwT,G0PLr6xT9E96wJTJXQDNB728J4rHnKFKya5jIcwT,G97yzpX8HPnbmrVEC0Aoz2si9mlAiCfZmduqw99n,0tSt4SUsOj8fKBL2OwFTAz878S85snjiNnAx7n8z,MOx9AM3J6rnEQQJCSsWfT7wdOetSni3OV0mrNgho
hBG5vMBqkXoKVhe5nKFmfjAVyNoGHSr22VXcrkoN,DboXcHUzjiTnEyfVzMA8hgefX2B7suIPftuPWSyq,DboXcHUzjiTnEyfVzMA8hgefX2B7suIPftuPWSyq,MOx9AM3J6rnEQQJCSsWfT7wdOetSni3OV0mrNgho,hBG5vMBqkXoKVhe5nKFmfjAVyNoGHSr22VXcrkoN,I9zyEumkNRxIzJ9lhMe24gjeuA05krtaF8GygUHD
G0PLr6xT9E96wJTJXQDNB728J4rHnKFKya5jIcwT,neo9uYRJVawyUm1nyXvQrJxwVqapvXp6gVg6kwxr,G97yzpX8HPnbmrVEC0Aoz2si9mlAiCfZmduqw99n,I9zyEumkNRxIzJ9lhMe24gjeuA05krtaF8GygUHD,G97yzpX8HPnbmrVEC0Aoz2si9mlAiCfZmduqw99n,BR0isoSnDlgTmIqukAORkXTz6C9ABpEWp1Yw4Fx6
DboXcHUzjiTnEyfVzMA8hgefX2B7suIPftuPWSyq,nOgJEtffp9e3P1qN9pqUrIZB0WQ9VIdptmx5wtia,MOx9AM3J6rnEQQJCSsWfT7wdOetSni3OV0mrNgho,BR0isoSnDlgTmIqukAORkXTz6C9ABpEWp1Yw4Fx6,MOx9AM3J6rnEQQJCSsWfT7wdOetSni3OV0mrNgho,0tSt4SUsOj8fKBL2OwFTAz878S85snjiNnAx7n8z
neo9uYRJVawyUm1nyXvQrJxwVqapvXp6gVg6kwxr,G97yzpX8HPnbmrVEC0Aoz2si9mlAiCfZmduqw99n,I9zyEumkNRxIzJ9lhMe24gjeuA05krtaF8GygUHD,0tSt4SUsOj8fKBL2OwFTAz878S85snjiNnAx7n8z,I9zyEumkNRxIzJ9lhMe24gjeuA05krtaF8GygUHD,G97yzpX8HPnbmrVEC0Aoz2si9mlAiCfZmduqw99n
G97yzpX8HPnbmrVEC0Aoz2si9mlAiCfZmduqw99n,MOx9AM3J6rnEQQJCSsWfT7wdOetSni3OV0mrNgho,BR0isoSnDlgTmIqukAORkXTz6C9ABpEWp1Yw4Fx6,hBG5vMBqkXoKVhe5nKFmfjAVyNoGHSr22VXcrkoN,BR0isoSnDlgTmIqukAORkXTz6C9ABpEWp1Yw4Fx6,MOx9AM3J6rnEQQJCSsWfT7wdOetSni3OV0mrNgho
MOx9AM3J6rnEQQJCSsWfT7wdOetSni3OV0mrNgho,I9zyEumkNRxIzJ9lhMe24gjeuA05krtaF8GygUHD,0tSt4SUsOj8fKBL2OwFTAz878S85snjiNnAx7n8z,G0PLr6xT9E96wJTJXQDNB728J4rHnKFKya5jIcwT,0tSt4SUsOj8fKBL2OwFTAz878S85snjiNnAx7n8z,I9zyEumkNRxIzJ9lhMe24gjeuA05krtaF8GygUHD
I9zyEumkNRxIzJ9lhMe24gjeuA05krtaF8GygUHD,BR0isoSnDlgTmIqukAORkXTz6C9ABpEWp1Yw4Fx6,hBG5vMBqkXoKVhe5nKFmfjAVyNoGHSr22VXcrkoN,G97yzpX8HPnbmrVEC0Aoz2si9mlAiCfZmduqw99n,hBG5vMBqkXoKVhe5nKFmfjAVyNoGHSr22VXcrkoN,BR0isoSnDlgTmIqukAORkXTz6C9ABpEWp1Yw4Fx6
BR0isoSnDlgTmIqukAORkXTz6C9ABpEWp1Yw4Fx6,0tSt4SUsOj8fKBL2OwFTAz878S85snjiNnAx7n8z,G0PLr6xT9E96wJTJXQDNB728J4rHnKFKya5jIcwT,MOx9AM3J6rnEQQJCSsWfT7wdOetSni3OV0mrNgho,G97yzpX8HPnbmrVEC0Aoz2si9mlAiCfZmduqw99n,0tSt4SUsOj8fKBL2OwFTAz878S85snjiNnAx7n8z
0tSt4SUsOj8fKBL2OwFTAz878S85snjiNnAx7n8z,hBG5vMBqkXoKVhe5nKFmfjAVyNoGHSr22VXcrkoN,DboXcHUzjiTnEyfVzMA8hgefX2B7suIPftuPWSyq,I9zyEumkNRxIzJ9lhMe24gjeuA05krtaF8GygUHD,MOx9AM3J6rnEQQJCSsWfT7wdOetSni3OV0mrNgho,G97yzpX8HPnbmrVEC0Aoz2si9mlAiCfZmduqw99n
hBG5vMBqkXoKVhe5nKFmfjAVyNoGHSr22VXcrkoN,G0PLr6xT9E96wJTJXQDNB728J4rHnKFKya5jIcwT,G97yzpX8HPnbmrVEC0Aoz2si9mlAiCfZmduqw99n,BR0isoSnDlgTmIqukAORkXTz6C9ABpEWp1Yw4Fx6,I9zyEumkNRxIzJ9lhMe24gjeuA05krtaF8GygUHD,MOx9AM3J6rnEQQJCSsWfT7wdOetSni3OV0mrNgho
G0PLr6xT9E96wJTJXQDNB728J4rHnKFKya5jIcwT,DboXcHUzjiTnEyfVzMA8hgefX2B7suIPftuPWSyq,MOx9AM3J6rnEQQJCSsWfT7wdOetSni3OV0mrNgho,0tSt4SUsOj8fKBL2OwFTAz878S85snjiNnAx7n8z,BR0isoSnDlgTmIqukAORkXTz6C9ABpEWp1Yw4Fx6,I9zyEumkNRxIzJ9lhMe24gjeuA05krtaF8GygUHD
DboXcHUzjiTnEyfVzMA8hgefX2B7suIPftuPWSyq,neo9uYRJVawyUm1nyXvQrJxwVqapvXp6gVg6kwxr,I9zyEumkNRxIzJ9lhMe24gjeuA05krtaF8GygUHD,hBG5vMBqkXoKVhe5nKFmfjAVyNoGHSr22VXcrkoN,0tSt4SUsOj8fKBL2OwFTAz878S85snjiNnAx7n8z,BR0isoSnDlgTmIqukAORkXTz6C9ABpEWp1Yw4Fx6
neo9uYRJVawyUm1nyXvQrJxwVqapvXp6gVg6kwxr,nOgJEtffp9e3P1qN9pqUrIZB0WQ9VIdptmx5wtia,BR0isoSnDlgTmIqukAORkXTz6C9ABpEWp1Yw4Fx6,G0PLr6xT9E96wJTJXQDNB728J4rHnKFKya5jIcwT,hBG5vMBqkXoKVhe5nKFmfjAVyNoGHSr22VXcrkoN,0tSt4SUsOj8fKBL2OwFTAz878S85snjiNnAx7n8z
G97yzpX8HPnbmrVEC0Aoz2si9mlAiCfZmduqw99n,G97yzpX8HPnbmrVEC0Aoz2si9mlAiCfZmduqw99n,0tSt4SUsOj8fKBL2OwFTAz878S85snjiNnAx7n8z,G97yzpX8HPnbmrVEC0Aoz2si9mlAiCfZmduqw99n,G97yzpX8HPnbmrVEC0Aoz2si9mlAiCfZmduqw99n,G97yzpX8HPnbmrVEC0Aoz2si9mlAiCfZmduqw99n
MOx9AM3J6rnEQQJCSsWfT7wdOetSni3OV0mrNgho,MOx9AM3J6rnEQQJCSsWfT7wdOetSni3OV0mrNgho,hBG5vMBqkXoKVhe5nKFmfjAVyNoGHSr22VXcrkoN,MOx9AM3J6rnEQQJCSsWfT7wdOetSni3OV0mrNgho,MOx9AM3J6rnEQQJCSsWfT7wdOetSni3OV0mrNgho,MOx9AM3J6rnEQQJCSsWfT7wdOetSni3OV0mrNgho
I9zyEumkNRxIzJ9lhMe24gjeuA05krtaF8GygUHD,I9zyEumkNRxIzJ9lhMe24gjeuA05krtaF8GygUHD,G0PLr6xT9E96wJTJXQDNB728J4rHnKFKya5jIcwT,I9zyEumkNRxIzJ9lhMe24gjeuA05krtaF8GygUHD,I9zyEumkNRxIzJ9lhMe24gjeuA05krtaF8GygUHD,I9zyEumkNRxIzJ9lhMe24gjeuA05krtaF8GygUHD
BR0isoSnDlgTmIqukAORkXTz6C9ABpEWp1Yw4Fx6,BR0isoSnDlgTmIqukAORkXTz6C9ABpEWp1Yw4Fx6,DboXcHUzjiTnEyfVzMA8hgefX2B7suIPftuPWSyq,BR0isoSnDlgTmIqukAORkXTz6C9ABpEWp1Yw4Fx6,BR0isoSnDlgTmIqukAORkXTz6C9ABpEWp1Yw4Fx6,BR0isoSnDlgTmIqukAORkXTz6C9ABpEWp1Yw4Fx6
0tSt4SUsOj8fKBL2OwFTAz878S85snjiNnAx7n8z,0tSt4SUsOj8fKBL2OwFTAz878S85snjiNnAx7n8z,G97yzpX8HPnbmrVEC0Aoz2si9mlAiCfZmduqw99n,0tSt4SUsOj8fKBL2OwFTAz878S85snjiNnAx7n8z,0tSt4SUsOj8fKBL2OwFTAz878S85snjiNnAx7n8z,0tSt4SUsOj8fKBL2OwFTAz878S85snjiNnAx7n8z
hBG5vMBqkXoKVhe5nKFmfjAVyNoGHSr22VXcrkoN,hBG5vMBqkXoKVhe5nKFmfjAVyNoGHSr22VXcrkoN,MOx9AM3J6rnEQQJCSsWfT7wdOetSni3OV0mrNgho,hBG5vMBqkXoKVhe5nKFmfjAVyNoGHSr22VXcrkoN,hBG5vMBqkXoKVhe5nKFmfjAVyNoGHSr22VXcrkoN,G97yzpX8HPnbmrVEC0Aoz2si9mlAiCfZmduqw99n
G0PLr6xT9E96wJTJXQDNB728J4rHnKFKya5jIcwT,G0PLr6xT9E96wJTJXQDNB728J4rHnKFKya5jIcwT,I9zyEumkNRxIzJ9lhMe24gjeuA05krtaF8GygUHD,G0PLr6xT9E96wJTJXQDNB728J4rHnKFKya5jIcwT,G97yzpX8HPnbmrVEC0Aoz2si9mlAiCfZmduqw99n,MOx9AM3J6rnEQQJCSsWfT7wdOetSni3OV0mrNgho
DboXcHUzjiTnEyfVzMA8hgefX2B7suIPftuPWSyq,DboXcHUzjiTnEyfVzMA8hgefX2B7suIPftuPWSyq,BR0isoSnDlgTmIqukAORkXTz6C9ABpEWp1Yw4Fx6,G97yzpX8HPnbmrVEC0Aoz2si9mlAiCfZmduqw99n,MOx9AM3J6rnEQQJCSsWfT7wdOetSni3OV0mrNgho,I9zyEumkNRxIzJ9lhMe24gjeuA05krtaF8GygUHD
neo9uYRJVawyUm1nyXvQrJxwVqapvXp6gVg6kwxr,neo9uYRJVawyUm1nyXvQrJxwVqapvXp6gVg6kwxr,0tSt4SUsOj8fKBL2OwFTAz878S85snjiNnAx7n8z,MOx9AM3J6rnEQQJCSsWfT7wdOetSni3OV0mrNgho,I9zyEumkNRxIzJ9lhMe24gjeuA05krtaF8GygUHD,BR0isoSnDlgTmIqukAORkXTz6C9ABpEWp1Yw4Fx6
G97yzpX8HPnbmrVEC0Aoz2si9mlAiCfZmduqw99n,nOgJEtffp9e3P1qN9pqUrIZB0WQ9VIdptmx5wtia,hBG5vMBqkXoKVhe5nKFmfjAVyNoGHSr22VXcrkoN,I9zyEumkNRxIzJ9lhMe24gjeuA05krtaF8GygUHD,BR0isoSnDlgTmIqukAORkXTz6C9ABpEWp1Yw4Fx6,0tSt4SUsOj8fKBL2OwFTAz878S85snjiNnAx7n8z
MOx9AM3J6rnEQQJCSsWfT7wdOetSni3OV0mrNgho,G97yzpX8HPnbmrVEC0Aoz2si9mlAiCfZmduqw99n,G0PLr6xT9E96wJTJXQDNB728J4rHnKFKya5jIcwT,BR0isoSnDlgTmIqukAORkXTz6C9ABpEWp1Yw4Fx6,0tSt4SUsOj8fKBL2OwFTAz878S85snjiNnAx7n8z,G97yzpX8HPnbmrVEC0Aoz2si9mlAiCfZmduqw99n
I9zyEumkNRxIzJ9lhMe24gjeuA05krtaF8GygUHD,MOx9AM3J6rnEQQJCSsWfT7wdOetSni3OV0mrNgho,DboXcHUzjiTnEyfVzMA8hgefX2B7suIPftuPWSyq,0tSt4SUsOj8fKBL2OwFTAz878S85snjiNnAx7n8z,hBG5vMBqkXoKVhe5nKFmfjAVyNoGHSr22VXcrkoN,MOx9AM3J6rnEQQJCSsWfT7wdOetSni3OV0mrNgho
BR0isoSnDlgTmIqukAORkXTz6C9ABpEWp1Yw4Fx6,I9zyEumkNRxIzJ9lhMe24gjeuA05krtaF8GygUHD,G97yzpX8HPnbmrVEC0Aoz2si9mlAiCfZmduqw99n,hBG5vMBqkXoKVhe5nKFmfjAVyNoGHSr22VXcrkoN,G97yzpX8HPnbmrVEC0Aoz2si9mlAiCfZmduqw99n,I9zyEumkNRxIzJ9lhMe24gjeuA05krtaF8GygUHD
0tSt4SUsOj8fKBL2OwFTAz878S85snjiNnAx7n8z,BR0isoSnDlgTmIqukAORkXTz6C9ABpEWp1Yw4Fx6,MOx9AM3J6rnEQQJCSsWfT7wdOetSni3OV0mrNgho,G0PLr6xT9E96wJTJXQDNB728J4rHnKFKya5jIcwT,MOx9AM3J6rnEQQJCSsWfT7wdOetSni3OV0mrNgho,BR0isoSnDlgTmIqukAORkXTz6C9ABpEWp1Yw4Fx6
hBG5vMBqkXoKVhe5nKFmfjAVyNoGHSr22VXcrkoN,0tSt4SUsOj8fKBL2OwFTAz878S85snjiNnAx7n8z,I9zyEumkNRxIzJ9lhMe24gjeuA05krtaF8GygUHD,G97yzpX8HPnbmrVEC0Aoz2si9mlAiCfZmduqw99n,I9zyEumkNRxIzJ9lhMe24gjeuA05krtaF8GygUHD,0tSt4SUsOj8fKBL2OwFTAz878S85snjiNnAx7n8z
G0PLr6xT9E96wJTJXQDNB728J4rHnKFKya5jIcwT,hBG5vMBqkXoKVhe5nKFmfjAVyNoGHSr22VXcrkoN,BR0isoSnDlgTmIqukAORkXTz6C9ABpEWp1Yw4Fx6,MOx9AM3J6rnEQQJCSsWfT7wdOetSni3OV0mrNgho,BR0isoSnDlgTmIqukAORkXTz6C9ABpEWp1Yw4Fx6,G97yzpX8HPnbmrVEC0Aoz2si9mlAiCfZmduqw99n
DboXcHUzjiTnEyfVzMA8hgefX2B7suIPftuPWSyq,G0PLr6xT9E96wJTJXQDNB728J4rHnKFKya5jIcwT,0tSt4SUsOj8fKBL2OwFTAz878S85snjiNnAx7n8z,I9zyEumkNRxIzJ9lhMe24gjeuA05krtaF8GygUHD,0tSt4SUsOj8fKBL2OwFTAz878S85snjiNnAx7n8z,MOx9AM3J6rnEQQJCSsWfT7wdOetSni3OV0mrNgho
neo9uYRJVawyUm1nyXvQrJxwVqapvXp6gVg6kwxr,DboXcHUzjiTnEyfVzMA8hgefX2B7suIPftuPWSyq,hBG5vMBqkXoKVhe5nKFmfjAVyNoGHSr22VXcrkoN,BR0isoSnDlgTmIqukAORkXTz6C9ABpEWp1Yw4Fx6,hBG5vMBqkXoKVhe5nKFmfjAVyNoGHSr22VXcrkoN,I9zyEumkNRxIzJ9lhMe24gjeuA05krtaF8GygUHD
G97yzpX8HPnbmrVEC0Aoz2si9mlAiCfZmduqw99n,neo9uYRJVawyUm1nyXvQrJxwVqapvXp6gVg6kwxr,G0PLr6xT9E96wJTJXQDNB728J4rHnKFKya5jIcwT,0tSt4SUsOj8fKBL2OwFTAz878S85snjiNnAx7n8z,G97yzpX8HPnbmrVEC0Aoz2si9mlAiCfZmduqw99n,BR0isoSnDlgTmIqukAORkXTz6C9ABpEWp1Yw4Fx6
MOx9AM3J6rnEQQJCSsWfT7wdOetSni3OV0mrNgho,nOgJEtffp9e3P1qN9pqUrIZB0WQ9VIdptmx5wtia,DboXcHUzjiTnEyfVzMA8hgefX2B7suIPftuPWSyq,hBG5vMBqkXoKVhe5nKFmfjAVyNoGHSr22VXcrkoN,MOx9AM3J6rnEQQJCSsWfT7wdOetSni3OV0mrNgho,0tSt4SUsOj8fKBL2OwFTAz878S85snjiNnAx7n8z
I9zyEumkNRxIzJ9lhMe24gjeuA05krtaF8GygUHD,G97yzpX8HPnbmrVEC0Aoz2si9mlAiCfZmduqw99n,G97yzpX8HPnbmrVEC0Aoz2si9mlAiCfZmduqw99n,G0PLr6xT9E96wJTJXQDNB728J4rHnKFKya5jIcwT,I9zyEumkNRxIzJ9lhMe24gjeuA05krtaF8GygUHD,G97yzpX8HPnbmrVEC0Aoz2si9mlAiCfZmduqw99n
BR0isoSnDlgTmIqukAORkXTz6C9ABpEWp1Yw4Fx6,MOx9AM3J6rnEQQJCSsWfT7wdOetSni3OV0mrNgho,MOx9AM3J6rnEQQJCSsWfT7wdOetSni3OV0mrNgho,G97yzpX8HPnbmrVEC0Aoz2si9mlAiCfZmduqw99n,BR0isoSnDlgTmIqukAORkXTz6C9ABpEWp1Yw4Fx6,MOx9AM3J6rnEQQJCSsWfT7wdOetSni3OV0mrNgho
0tSt4SUsOj8fKBL2OwFTAz878S85snjiNnAx7n8z,I9zyEumkNRxIzJ9lhMe24gjeuA05krtaF8GygUHD,I9zyEumkNRxIzJ9lhMe24gjeuA05krtaF8GygUHD,MOx9AM3J6rnEQQJCSsWfT7wdOetSni3OV0mrNgho,0tSt4SUsOj8fKBL2OwFTAz878S85snjiNnAx7n8z,I9zyEumkNRxIzJ9lhMe24gjeuA05krtaF8GygUHD
hBG5vMBqkXoKVhe5nKFmfjAVyNoGHSr22VXcrkoN,BR0isoSnDlgTmIqukAORkXTz6C9ABpEWp1Yw4Fx6,BR0isoSnDlgTmIqukAORkXTz6C9ABpEWp1Yw4Fx6,I9zyEumkNRxIzJ9lhMe24gjeuA05krtaF8GygUHD,hBG5vMBqkXoKVhe5nKFmfjAVyNoGHSr22VXcrkoN,BR0isoSnDlgTmIqukAORkXTz6C9ABpEWp1Yw4Fx6
G0PLr6xT9E96wJTJXQDNB728J4rHnKFKya5jIcwT,0tSt4SUsOj8fKBL2OwFTAz878S85snjiNnAx7n8z,0tSt4SUsOj8fKBL2OwFTAz878S85snjiNnAx7n8z,BR0isoSnDlgTmIqukAORkXTz6C9ABpEWp1Yw4Fx6,G97yzpX8HPnbmrVEC0Aoz2si9mlAiCfZmduqw99n,0tSt4SUsOj8fKBL2OwFTAz878S85snjiNnAx7n8z
DboXcHUzjiTnEyfVzMA8hgefX2B7suIPftuPWSyq,hBG5vMBqkXoKVhe5nKFmfjAVyNoGHSr22VXcrkoN,hBG5vMBqkXoKVhe5nKFmfjAVyNoGHSr22VXcrkoN,0tSt4SUsOj8fKBL2OwFTAz878S85snjiNnAx7n8z,MOx9AM3J6rnEQQJCSsWfT7wdOetSni3OV0mrNgho,G97yzpX8HPnbmrVEC0Aoz2si9mlAiCfZmduqw99n
neo9uYRJVawyUm1nyXvQrJxwVqapvXp6gVg6kwxr,G0PLr6xT9E96wJTJXQDNB728J4rHnKFKya5jIcwT,G0PLr6xT9E96wJTJXQDNB728J4rHnKFKya5jIcwT,hBG5vMBqkXoKVhe5nKFmfjAVyNoGHSr22VXcrkoN,I9zyEumkNRxIzJ9lhMe24gjeuA05krtaF8GygUHD,MOx9AM3J6rnEQQJCSsWfT7wdOetSni3OV0mrNgho
G97yzpX8HPnbmrVEC0Aoz2si9mlAiCfZmduqw99n,DboXcHUzjiTnEyfVzMA8hgefX2B7suIPftuPWSyq,DboXcHUzjiTnEyfVzMA8hgefX2B7suIPftuPWSyq,G0PLr6xT9E96wJTJXQDNB728J4rHnKFKya5jIcwT,BR0isoSnDlgTmIqukAORkXTz6C9ABpEWp1Yw4Fx6,I9zyEumkNRxIzJ9lhMe24gjeuA05krtaF8GygUHD
MOx9AM3J6rnEQQJCSsWfT7wdOetSni3OV0mrNgho,neo9uYRJVawyUm1nyXvQrJxwVqapvXp6gVg6kwxr,G97yzpX8HPnbmrVEC0Aoz2si9mlAiCfZmduqw99n,G97yzpX8HPnbmrVEC0Aoz2si9mlAiCfZmduqw99n,0tSt4SUsOj8fKBL2OwFTAz878S85snjiNnAx7n8z,BR0isoSnDlgTmIqukAORkXTz6C9ABpEWp1Yw4Fx6
I9zyEumkNRxIzJ9lhMe24gjeuA05krtaF8GygUHD,nOgJEtffp9e3P1qN9pqUrIZB0WQ9VIdptmx5wtia,MOx9AM3J6rnEQQJCSsWfT7wdOetSni3OV0mrNgho,MOx9AM3J6rnEQQJCSsWfT7wdOetSni3OV0mrNgho,hBG5vMBqkXoKVhe5nKFmfjAVyNoGHSr22VXcrkoN,0tSt4SUsOj8fKBL2OwFTAz878S85snjiNnAx7n8z
BR0isoSnDlgTmIqukAORkXTz6C9ABpEWp1Yw4Fx6,G97yzpX8HPnbmrVEC0Aoz2si9mlAiCfZmduqw99n,I9zyEumkNRxIzJ9lhMe24gjeuA05krtaF8GygUHD,I9zyEumkNRxIzJ9lhMe24gjeuA05krtaF8GygUHD,G97yzpX8HPnbmrVEC0Aoz2si9mlAiCfZmduqw99n,G97yzpX8HPnbmrVEC0Aoz2si9mlAiCfZmduqw99n
0tSt4SUsOj8fKBL2OwFTAz878S85snjiNnAx7n8z,MOx9AM3J6rnEQQJCSsWfT7wdOetSni3OV0mrNgho,BR0isoSnDlgTmIqukAORkXTz6C9ABpEWp1Yw4Fx6,BR0isoSnDlgTmIqukAORkXTz6C9ABpEWp1Yw4Fx6,MOx9AM3J6rnEQQJCSsWfT7wdOetSni3OV0mrNgho,MOx9AM3J6rnEQQJCSsWfT7wdOetSni3OV0mrNgho
hBG5vMBqkXoKVhe5nKFmfjAVyNoGHSr22VXcrkoN,I9zyEumkNRxIzJ9lhMe24gjeuA05krtaF8GygUHD,0tSt4SUsOj8fKBL2OwFTAz878S85snjiNnAx7n8z,0tSt4SUsOj8fKBL2OwFTAz878S85snjiNnAx7n8z,I9zyEumkNRxIzJ9lhMe24gjeuA05krtaF8GygUHD,I9zyEumkNRxIzJ9lhMe24gjeuA05krtaF8GygUHD
G0PLr6xT9E96wJTJXQDNB728J4rHnKFKya5jIcwT,BR0isoSnDlgTmIqukAORkXTz6C9ABpEWp1Yw4Fx6,hBG5vMBqkXoKVhe5nKFmfjAVyNoGHSr22VXcrkoN,hBG5vMBqkXoKVhe5nKFmfjAVyNoGHSr22VXcrkoN,BR0isoSnDlgTmIqukAORkXTz6C9ABpEWp1Yw4Fx6,BR0isoSnDlgTmIqukAORkXTz6C9ABpEWp1Yw4Fx6
DboXcHUzjiTnEyfVzMA8hgefX2B7suIPftuPWSyq,0tSt4SUsOj8fKBL2OwFTAz878S85snjiNnAx7n8z,G0PLr6xT9E96wJTJXQDNB728J4rHnKFKya5jIcwT,G0PLr6xT9E96wJTJXQDNB728J4rHnKFKya5jIcwT,0tSt4SUsOj8fKBL2OwFTAz878S85snjiNnAx7n8z,0tSt4SUsOj8fKBL2OwFTAz878S85snjiNnAx7n8z
neo9uYRJVawyUm1nyXvQrJxwVqapvXp6gVg6kwxr,hBG5vMBqkXoKVhe5nKFmfjAVyNoGHSr22VXcrkoN,DboXcHUzjiTnEyfVzMA8hgefX2B7suIPftuPWSyq,G97yzpX8HPnbmrVEC0Aoz2si9mlAiCfZmduqw99n,hBG5vMBqkXoKVhe5nKFmfjAVyNoGHSr22VXcrkoN,G97yzpX8HPnbmrVEC0Aoz2si9mlAiCfZmduqw99n
G97yzpX8HPnbmrVEC0Aoz2si9mlAiCfZmduqw99n,G0PLr6xT9E96wJTJXQDNB728J4rHnKFKya5jIcwT,G97yzpX8HPnbmrVEC0Aoz2si9mlAiCfZmduqw99n,MOx9AM3J6rnEQQJCSsWfT7wdOetSni3OV0mrNgho,G97yzpX8HPnbmrVEC0Aoz2si9mlAiCfZmduqw99n,MOx9AM3J6rnEQQJCSsWfT7wdOetSni3OV0mrNgho
MOx9AM3J6rnEQQJCSsWfT7wdOetSni3OV0mrNgho,DboXcHUzjiTnEyfVzMA8hgefX2B7suIPftuPWSyq,MOx9AM3J6rnEQQJCSsWfT7wdOetSni3OV0mrNgho,I9zyEumkNRxIzJ9lhMe24gjeuA05krtaF8GygUHD,MOx9AM3J6rnEQQJCSsWfT7wdOetSni3OV0mrNgho,I9zyEumkNRxIzJ9lhMe24gjeuA05krtaF8GygUHD
I9zyEumkNRxIzJ9lhMe24gjeuA05krtaF8GygUHD,neo9uYRJVawyUm1nyXvQrJxwVqapvXp6gVg6kwxr,I9zyEumkNRxIzJ9lhMe24gjeuA05krtaF8GygUHD,BR0isoSnDlgTmIqukAORkXTz6C9ABpEWp1Yw4Fx6,I9zyEumkNRxIzJ9lhMe24gjeuA05krtaF8GygUHD,BR0isoSnDlgTmIqukAORkXTz6C9ABpEWp1Yw4Fx6
BR0isoSnDlgTmIqukAORkXTz6C9ABpEWp1Yw4Fx6,nOgJEtffp9e3P1qN9pqUrIZB0WQ9VIdptmx5wtia,BR0isoSnDlgTmIqukAORkXTz6C9ABpEWp1Yw4Fx6,0tSt4SUsOj8fKBL2OwFTAz878S85snjiNnAx7n8z,BR0isoSnDlgTmIqukAORkXTz6C9ABpEWp1Yw4Fx6,0tSt4SUsOj8fKBL2OwFTAz878S85snjiNnAx7n8z
0tSt4SUsOj8fKBL2OwFTAz878S85snjiNnAx7n8z,G97yzpX8HPnbmrVEC0Aoz2si9mlAiCfZmduqw99n,0tSt4SUsOj8fKBL2OwFTAz878S85snjiNnAx7n8z,hBG5vMBqkXoKVhe5nKFmfjAVyNoGHSr22VXcrkoN,0tSt4SUsOj8fKBL2OwFTAz878S85snjiNnAx7n8z,G97yzpX8HPnbmrVEC0Aoz2si9mlAiCfZmduqw99n
hBG5vMBqkXoKVhe5nKFmfjAVyNoGHSr22VXcrkoN,MOx9AM3J6rnEQQJCSsWfT7wdOetSni3OV0mrNgho,hBG5vMBqkXoKVhe5nKFmfjAVyNoGHSr22VXcrkoN,G0PLr6xT9E96wJTJXQDNB728J4rHnKFKya5jIcwT,hBG5vMBqkXoKVhe5nKFmfjAVyNoGHSr22VXcrkoN,MOx9AM3J6rnEQQJCSsWfT7wdOetSni3OV0mrNgho
G0PLr6xT9E96wJTJXQDNB728J4rHnKFKya5jIcwT,I9zyEumkNRxIzJ9lhMe24gjeuA05krtaF8GygUHD,G0PLr6xT9E96wJTJXQDNB728J4rHnKFKya5jIcwT,G97yzpX8HPnbmrVEC0Aoz2si9mlAiCfZmduqw99n,G97yzpX8HPnbmrVEC0Aoz2si9mlAiCfZmduqw99n,I9zyEumkNRxIzJ9lhMe24gjeuA05krtaF8GygUHD
DboXcHUzjiTnEyfVzMA8hgefX2B7suIPftuPWSyq,BR0isoSnDlgTmIqukAORkXTz6C9ABpEWp1Yw4Fx6,DboXcHUzjiTnEyfVzMA8hgefX2B7suIPftuPWSyq,MOx9AM3J6rnEQQJCSsWfT7wdOetSni3OV0mrNgho,MOx9AM3J6rnEQQJCSsWfT7wdOetSni3OV0mrNgho,BR0isoSnDlgTmIqukAORkXTz6C9ABpEWp1Yw4Fx6
neo9uYRJVawyUm1nyXvQrJxwVqapvXp6gVg6kwxr,0tSt4SUsOj8fKBL2OwFTAz878S85snjiNnAx7n8z,G97yzpX8HPnbmrVEC0Aoz2si9mlAiCfZmduqw99n,I9zyEumkNRxIzJ9lhMe24gjeuA05krtaF8GygUHD,I9zyEumkNRxIzJ9lhMe24gjeuA05krtaF8GygUHD,0tSt4SUsOj8fKBL2OwFTAz878S85snjiNnAx7n8z
G97yzpX8HPnbmrVEC0Aoz2si9mlAiCfZmduqw99n,hBG5vMBqkXoKVhe5nKFmfjAVyNoGHSr22VXcrkoN,MOx9AM3J6rnEQQJCSsWfT7wdOetSni3OV0mrNgho,BR0isoSnDlgTmIqukAORkXTz6C9ABpEWp1Yw4Fx6,BR0isoSnDlgTmIqukAORkXTz6C9ABpEWp1Yw4Fx6,G97yzpX8HPnbmrVEC0Aoz2si9mlAiCfZmduqw99n
MOx9AM3J6rnEQQJCSsWfT7wdOetSni3OV0mrNgho,G0PLr6xT9E96wJTJXQDNB728J4rHnKFKya5jIcwT,I9zyEumkNRxIzJ9lhMe24gjeuA05krtaF8GygUHD,0tSt4SUsOj8fKBL2OwFTAz878S85snjiNnAx7n8z,0tSt4SUsOj8fKBL2OwFTAz878S85snjiNnAx7n8z,MOx9AM3J6rnEQQJCSsWfT7wdOetSni3OV0mrNgho
I9zyEumkNRxIzJ9lhMe24gjeuA05krtaF8GygUHD,DboXcHUzjiTnEyfVzMA8hgefX2B7suIPftuPWSyq,BR0isoSnDlgTmIqukAORkXTz6C9ABpEWp1Yw4Fx6,hBG5vMBqkXoKVhe5nKFmfjAVyNoGHSr22VXcrkoN,hBG5vMBqkXoKVhe5nKFmfjAVyNoGHSr22VXcrkoN,I9zyEumkNRxIzJ9lhMe24gjeuA05krtaF8GygUHD
BR0isoSnDlgTmIqukAORkXTz6C9ABpEWp1Yw4Fx6,neo9uYRJVawyUm1nyXvQrJxwVqapvXp6gVg6kwxr,0tSt4SUsOj8fKBL2OwFTAz878S85snjiNnAx7n8z,G0PLr6xT9E96wJTJXQDNB728J4rHnKFKya5jIcwT,G97yzpX8HPnbmrVEC0Aoz2si9mlAiCfZmduqw99n,BR0isoSnDlgTmIqukAORkXTz6C9ABpEWp1Yw4Fx6
0tSt4SUsOj8fKBL2OwFTAz878S85snjiNnAx7n8z,nOgJEtffp9e3P1qN9pqUrIZB0WQ9VIdptmx5wtia,hBG5vMBqkXoKVhe5nKFmfjAVyNoGHSr22VXcrkoN,G97yzpX8HPnbmrVEC0Aoz2si9mlAiCfZmduqw99n,MOx9AM3J6rnEQQJCSsWfT7wdOetSni3OV0mrNgho,0tSt4SUsOj8fKBL2OwFTAz878S85snjiNnAx7n8z
hBG5vMBqkXoKVhe5nKFmfjAVyNoGHSr22VXcrkoN,G97yzpX8HPnbmrVEC0Aoz2si9mlAiCfZmduqw99n,G0PLr6xT9E96wJTJXQDNB728J4rHnKFKya5jIcwT,MOx9AM3J6rnEQQJCSsWfT7wdOetSni3OV0mrNgho,I9zyEumkNRxIzJ9lhMe24gjeuA05krtaF8GygUHD,G97yzpX8HPnbmrVEC0Aoz2si9mlAiCfZmduqw99n
G0PLr6xT9E96wJTJXQDNB728J4rHnKFKya5jIcwT,MOx9AM3J6rnEQQJCSsWfT7wdOetSni3OV0mrNgho,DboXcHUzjiTnEyfVzMA8hgefX2B7suIPftuPWSyq,I9zyEumkNRxIzJ9lhMe24gjeuA05krtaF8GygUHD,BR0isoSnDlgTmIqukAORkXTz6C9ABpEWp1Yw4Fx6,MOx9AM3J6rnEQQJCSsWfT7wdOetSni3OV0mrNgho
DboXcHUzjiTnEyfVzMA8hgefX2B7suIPftuPWSyq,I9zyEumkNRxIzJ9lhMe24gjeuA05krtaF8GygUHD,G97yzpX8HPnbmrVEC0Aoz2si9mlAiCfZmduqw99n,BR0isoSnDlgTmIqukAORkXTz6C9ABpEWp1Yw4Fx6,0tSt4SUsOj8fKBL2OwFTAz878S85snjiNnAx7n8z,I9zyEumkNRxIzJ9lhMe24gjeuA05krtaF8GygUHD
neo9uYRJVawyUm1nyXvQrJxwVqapvXp6gVg6kwxr,BR0isoSnDlgTmIqukAORkXTz6C9ABpEWp1Yw4Fx6,MOx9AM3J6rnEQQJCSsWfT7wdOetSni3OV0mrNgho,0tSt4SUsOj8fKBL2OwFTAz878S85snjiNnAx7n8z,hBG5vMBqkXoKVhe5nKFmfjAVyNoGHSr22VXcrkoN,BR0isoSnDlgTmIqukAORkXTz6C9ABpEWp1Yw4Fx6
G97yzpX8HPnbmrVEC0Aoz2si9mlAiCfZmduqw99n,0tSt4SUsOj8fKBL2OwFTAz878S85snjiNnAx7n8z,I9zyEumkNRxIzJ9lhMe24gjeuA05krtaF8GygUHD,hBG5vMBqkXoKVhe5nKFmfjAVyNoGHSr22VXcrkoN,G97yzpX8HPnbmrVEC0Aoz2si9mlAiCfZmduqw99n,0tSt4SUsOj8fKBL2OwFTAz878S85snjiNnAx7n8z
MOx9AM3J6rnEQQJCSsWfT7wdOetSni3OV0mrNgho,hBG5vMBqkXoKVhe5nKFmfjAVyNoGHSr22VXcrkoN,BR0isoSnDlgTmIqukAORkXTz6C9ABpEWp1Yw4Fx6,G0PLr6xT9E96wJTJXQDNB728J4rHnKFKya5jIcwT,MOx9AM3J6rnEQQJCSsWfT7wdOetSni3OV0mrNgho,G97yzpX8HPnbmrVEC0Aoz2si9mlAiCfZmduqw99n
I9zyEumkNRxIzJ9lhMe24gjeuA05krtaF8GygUHD,G0PLr6xT9E96wJTJXQDNB728J4rHnKFKya5jIcwT,0tSt4SUsOj8fKBL2OwFTAz878S85snjiNnAx7n8z,G97yzpX8HPnbmrVEC0Aoz2si9mlAiCfZmduqw99n,I9zyEumkNRxIzJ9lhMe24gjeuA05krtaF8GygUHD,MOx9AM3J6rnEQQJCSsWfT7wdOetSni3OV0mrNgho
BR0isoSnDlgTmIqukAORkXTz6C9ABpEWp1Yw4Fx6,DboXcHUzjiTnEyfVzMA8hgefX2B7suIPftuPWSyq,hBG5vMBqkXoKVhe5nKFmfjAVyNoGHSr22VXcrkoN,MOx9AM3J6rnEQQJCSsWfT7wdOetSni3OV0mrNgho,BR0isoSnDlgTmIqukAORkXTz6C9ABpEWp1Yw4Fx6,I9zyEumkNRxIzJ9lhMe24gjeuA05krtaF8GygUHD
0tSt4SUsOj8fKBL2OwFTAz878S85snjiNnAx7n8z,neo9uYRJVawyUm1nyXvQrJxwVqapvXp6gVg6kwxr,G0PLr6xT9E96wJTJXQDNB728J4rHnKFKya5jIcwT,I9zyEumkNRxIzJ9lhMe24gjeuA05krtaF8GygUHD,0tSt4SUsOj8fKBL2OwFTAz878S85snjiNnAx7n8z,BR0isoSnDlgTmIqukAORkXTz6C9ABpEWp1Yw4Fx6
hBG5vMBqkXoKVhe5nKFmfjAVyNoGHSr22VXcrkoN,nOgJEtffp9e3P1qN9pqUrIZB0WQ9VIdptmx5wtia,DboXcHUzjiTnEyfVzMA8hgefX2B7suIPftuPWSyq,BR0isoSnDlgTmIqukAORkXTz6C9ABpEWp1Yw4Fx6,hBG5vMBqkXoKVhe5nKFmfjAVyNoGHSr22VXcrkoN,0tSt4SUsOj8fKBL2OwFTAz878S85snjiNnAx7n8z
G0PLr6xT9E96wJTJXQDNB728J4rHnKFKya5jIcwT,G97yzpX8HPnbmrVEC0Aoz2si9mlAiCfZmduqw99n,G97yzpX8HPnbmrVEC0Aoz2si9mlAiCfZmduqw99n,0tSt4SUsOj8fKBL2OwFTAz878S85snjiNnAx7n8z,G97yzpX8HPnbmrVEC0Aoz2si9mlAiCfZmduqw99n,G97yzpX8HPnbmrVEC0Aoz2si9mlAiCfZmduqw99n
DboXcHUzjiTnEyfVzMA8hgefX2B7suIPftuPWSyq,MOx9AM3J6rnEQQJCSsWfT7wdOetSni3OV0mrNgho,MOx9AM3J6rnEQQJCSsWfT7wdOetSni3OV0mrNgho,hBG5vMBqkXoKVhe5nKFmfjAVyNoGHSr22VXcrkoN,MOx9AM3J6rnEQQJCSsWfT7wdOetSni3OV0mrNgho,MOx9AM3J6rnEQQJCSsWfT7wdOetSni3OV0mrNgho
neo9uYRJVawyUm1nyXvQrJxwVqapvXp6gVg6kwxr,I9zyEumkNRxIzJ9lhMe24gjeuA05krtaF8GygUHD,I9zyEumkNRxIzJ9lhMe24gjeuA05krtaF8GygUHD,G0PLr6xT9E96wJTJXQDNB728J4rHnKFKya5jIcwT,I9zyEumkNRxIzJ9lhMe24gjeuA05krtaF8GygUHD,I9zyEumkNRxIzJ9lhMe24gjeuA05krtaF8GygUHD
G97yzpX8HPnbmrVEC0Aoz2si9mlAiCfZmduqw99n,BR0isoSnDlgTmIqukAORkXTz6C9ABpEWp1Yw4Fx6,BR0isoSnDlgTmIqukAORkXTz6C9ABpEWp1Yw4Fx6,G97yzpX8HPnbmrVEC0Aoz2si9mlAiCfZmduqw99n,BR0isoSnDlgTmIqukAORkXTz6C9ABpEWp1Yw4Fx6,BR0isoSnDlgTmIqukAORkXTz6C9ABpEWp1Yw4Fx6
MOx9AM3J6rnEQQJCSsWfT7wdOetSni3OV0mrNgho,0tSt4SUsOj8fKBL2OwFTAz878S85snjiNnAx7n8z,0tSt4SUsOj8fKBL2OwFTAz878S85snjiNnAx7n8z,MOx9AM3J6rnEQQJCSsWfT7wdOetSni3OV0mrNgho,0tSt4SUsOj8fKBL2OwFTAz878S85snjiNnAx7n8z,0tSt4SUsOj8fKBL2OwFTAz878S85snjiNnAx7n8z
I9zyEumkNRxIzJ9lhMe24gjeuA05krtaF8GygUHD,hBG5vMBqkXoKVhe5nKFmfjAVyNoGHSr22VXcrkoN,hBG5vMBqkXoKVhe5nKFmfjAVyNoGHSr22VXcrkoN,I9zyEumkNRxIzJ9lhMe24gjeuA05krtaF8GygUHD,hBG5vMBqkXoKVhe5nKFmfjAVyNoGHSr22VXcrkoN,G97yzpX8HPnbmrVEC0Aoz2si9mlAiCfZmduqw99n
BR0isoSnDlgTmIqukAORkXTz6C9ABpEWp1Yw4Fx6,G0PLr6xT9E96wJTJXQDNB728J4rHnKFKya5jIcwT,G0PLr6xT9E96wJTJXQDNB728J4rHnKFKya5jIcwT,BR0isoSnDlgTmIqukAORkXTz6C9ABpEWp1Yw4Fx6,G97yzpX8HPnbmrVEC0Aoz2si9mlAiCfZmduqw99n,MOx9AM3J6rnEQQJCSsWfT7wdOetSni3OV0mrNgho
0tSt4SUsOj8fKBL2OwFTAz878S85snjiNnAx7n8z,DboXcHUzjiTnEyfVzMA8hgefX2B7suIPftuPWSyq,DboXcHUzjiTnEyfVzMA8hgefX2B7suIPftuPWSyq,0tSt4SUsOj8fKBL2OwFTAz878S85snjiNnAx7n8z,MOx9AM3J6rnEQQJCSsWfT7wdOetSni3OV0mrNgho,I9zyEumkNRxIzJ9lhMe24gjeuA05krtaF8GygUHD
hBG5vMBqkXoKVhe5nKFmfjAVyNoGHSr22VXcrkoN,neo9uYRJVawyUm1nyXvQrJxwVqapvXp6gVg6kwxr,G97yzpX8HPnbmrVEC0Aoz2si9mlAiCfZmduqw99n,hBG5vMBqkXoKVhe5nKFmfjAVyNoGHSr22VXcrkoN,I9zyEumkNRxIzJ9lhMe24gjeuA05krtaF8GygUHD,BR0isoSnDlgTmIqukAORkXTz6C9ABpEWp1Yw4Fx6
G0PLr6xT9E96wJTJXQDNB728J4rHnKFKya5jIcwT,nOgJEtffp9e3P1qN9pqUrIZB0WQ9VIdptmx5wtia,MOx9AM3J6rnEQQJCSsWfT7wdOetSni3OV0mrNgho,G0PLr6xT9E96wJTJXQDNB728J4rHnKFKya5jIcwT,BR0isoSnDlgTmIqukAORkXTz6C9ABpEWp1Yw4Fx6,0tSt4SUsOj8fKBL2OwFTAz878S85snjiNnAx7n8z
DboXcHUzjiTnEyfVzMA8hgefX2B7suIPftuPWSyq,G97yzpX8HPnbmrVEC0Aoz2si9mlAiCfZmduqw99n,I9zyEumkNRxIzJ9lhMe24gjeuA05krtaF8GygUHD,G97yzpX8HPnbmrVEC0Aoz2si9mlAiCfZmduqw99n,0tSt4SUsOj8fKBL2OwFTAz878S85snjiNnAx7n8z,G97yzpX8HPnbmrVEC0Aoz2si9mlAiCfZmduqw99n
neo9uYRJVawyUm1nyXvQrJxwVqapvXp6gVg6kwxr,MOx9AM3J6rnEQQJCSsWfT7wdOetSni3OV0mrNgho,BR0isoSnDlgTmIqukAORkXTz6C9ABpEWp1Yw4Fx6,MOx9AM3J6rnEQQJCSsWfT7wdOetSni3OV0mrNgho,hBG5vMBqkXoKVhe5nKFmfjAVyNoGHSr22VXcrkoN,MOx9AM3J6rnEQQJCSsWfT7wdOetSni3OV0mrNgho
G97yzpX8HPnbmrVEC0Aoz2si9mlAiCfZmduqw99n,I9zyEumkNRxIzJ9lhMe24gjeuA05krtaF8GygUHD,0tSt4SUsOj8fKBL2OwFTAz878S85snjiNnAx7n8z,I9zyEumkNRxIzJ9lhMe24gjeuA05krtaF8GygUHD,G97yzpX8HPnbmrVEC0Aoz2si9mlAiCfZmduqw99n,I9zyEumkNRxIzJ9lhMe24gjeuA05krtaF8GygUHD
MOx9AM3J6rnEQQJCSsWfT7wdOetSni3OV0mrNgho,BR0isoSnDlgTmIqukAORkXTz6C9ABpEWp1Yw4Fx6,hBG5vMBqkXoKVhe5nKFmfjAVyNoGHSr22VXcrkoN,BR0isoSnDlgTmIqukAORkXTz6C9ABpEWp1Yw4Fx6,MOx9AM3J6rnEQQJCSsWfT7wdOetSni3OV0mrNgho,BR0isoSnDlgTmIqukAORkXTz6C9ABpEWp1Yw4Fx6
I9zyEumkNRxIzJ9lhMe24gjeuA05krtaF8GygUHD,0tSt4SUsOj8fKBL2OwFTAz878S85snjiNnAx7n8z,G0PLr6xT9E96wJTJXQDNB728J4rHnKFKya5jIcwT,0tSt4SUsOj8fKBL2OwFTAz878S85snjiNnAx7n8z,I9zyEumkNRxIzJ9lhMe24gjeuA05krtaF8GygUHD,0tSt4SUsOj8fKBL2OwFTAz878S85snjiNnAx7n8z
BR0isoSnDlgTmIqukAORkXTz6C9ABpEWp1Yw4Fx6,hBG5vMBqkXoKVhe5nKFmfjAVyNoGHSr22VXcrkoN,DboXcHUzjiTnEyfVzMA8hgefX2B7suIPftuPWSyq,hBG5vMBqkXoKVhe5nKFmfjAVyNoGHSr22VXcrkoN,BR0isoSnDlgTmIqukAORkXTz6C9ABpEWp1Yw4Fx6,G97yzpX8HPnbmrVEC0Aoz2si9mlAiCfZmduqw99n
0tSt4SUsOj8fKBL2OwFTAz878S85snjiNnAx7n8z,G0PLr6xT9E96wJTJXQDNB728J4rHnKFKya5jIcwT,G97yzpX8HPnbmrVEC0Aoz2si9mlAiCfZmduqw99n,G0PLr6xT9E96wJTJXQDNB728J4rHnKFKya5jIcwT,0tSt4SUsOj8fKBL2OwFTAz878S85snjiNnAx7n8z,MOx9AM3J6rnEQQJCSsWfT7wdOetSni3OV0mrNgho
hBG5vMBqkXoKVhe5nKFmfjAVyNoGHSr22VXcrkoN,DboXcHUzjiTnEyfVzMA8hgefX2B7suIPftuPWSyq,MOx9AM3J6rnEQQJCSsWfT7wdOetSni3OV0mrNgho,G97yzpX8HPnbmrVEC0Aoz2si9mlAiCfZmduqw99n,hBG5vMBqkXoKVhe5nKFmfjAVyNoGHSr22VXcrkoN,I9zyEumkNRxIzJ9lhMe24gjeuA05krtaF8GygUHD
G0PLr6xT9E96wJTJXQDNB728J4rHnKFKya5jIcwT,neo9uYRJVawyUm1nyXvQrJxwVqapvXp6gVg6kwxr,I9zyEumkNRxIzJ9lhMe24gjeuA05krtaF8GygUHD,MOx9AM3J6rnEQQJCSsWfT7wdOetSni3OV0mrNgho,G97yzpX8HPnbmrVEC0Aoz2si9mlAiCfZmduqw99n,BR0isoSnDlgTmIqukAORkXTz6C9ABpEWp1Yw4Fx6
DboXcHUzjiTnEyfVzMA8hgefX2B7suIPftuPWSyq,nOgJEtffp9e3P1qN9pqUrIZB0WQ9VIdptmx5wtia,BR0isoSnDlgTmIqukAORkXTz6C9ABpEWp1Yw4Fx6,I9zyEumkNRxIzJ9lhMe24gjeuA05krtaF8GygUHD,MOx9AM3J6rnEQQJCSsWfT7wdOetSni3OV0mrNgho,0tSt4SUsOj8fKBL2OwFTAz878S85snjiNnAx7n8z
neo9uYRJVawyUm1nyXvQrJxwVqapvXp6gVg6kwxr,G97yzpX8HPnbmrVEC0Aoz2si9mlAiCfZmduqw99n,0tSt4SUsOj8fKBL2OwFTAz878S85snjiNnAx7n8z,BR0isoSnDlgTmIqukAORkXTz6C9ABpEWp1Yw4Fx6,I9zyEumkNRxIzJ9lhMe24gjeuA05krtaF8GygUHD,G97yzpX8HPnbmrVEC0Aoz2si9mlAiCfZmduqw99n
G97yzpX8HPnbmrVEC0Aoz2si9mlAiCfZmduqw99n,MOx9AM3J6rnEQQJCSsWfT7wdOetSni3OV0mrNgho,hBG5vMBqkXoKVhe5nKFmfjAVyNoGHSr22VXcrkoN,0tSt4SUsOj8fKBL2OwFTAz878S85snjiNnAx7n8z,BR0isoSnDlgTmIqukAORkXTz6C9ABpEWp1Yw4Fx6,MOx9AM3J6rnEQQJCSsWfT7wdOetSni3OV0mrNgho
MOx9AM3J6rnEQQJCSsWfT7wdOetSni3OV0mrNgho,I9zyEumkNRxIzJ9lhMe24gjeuA05krtaF8GygUHD,G0PLr6xT9E96wJTJXQDNB728J4rHnKFKya5jIcwT,hBG5vMBqkXoKVhe5nKFmfjAVyNoGHSr22VXcrkoN,0tSt4SUsOj8fKBL2OwFTAz878S85snjiNnAx7n8z,I9zyEumkNRxIzJ9lhMe24gjeuA05krtaF8GygUHD
I9zyEumkNRxIzJ9lhMe24gjeuA05krtaF8GygUHD,BR0isoSnDlgTmIqukAORkXTz6C9ABpEWp1Yw4Fx6,DboXcHUzjiTnEyfVzMA8hgefX2B7suIPftuPWSyq,G0PLr6xT9E96wJTJXQDNB728J4rHnKFKya5jIcwT,hBG5vMBqkXoKVhe5nKFmfjAVyNoGHSr22VXcrkoN,BR0isoSnDlgTmIqukAORkXTz6C9ABpEWp1Yw4Fx6
BR0isoSnDlgTmIqukAORkXTz6C9ABpEWp1Yw4Fx6,0tSt4SUsOj8fKBL2OwFTAz878S85snjiNnAx7n8z,G97yzpX8HPnbmrVEC0Aoz2si9mlAiCfZmduqw99n,G97yzpX8HPnbmrVEC0Aoz2si9mlAiCfZmduqw99n,G97yzpX8HPnbmrVEC0Aoz2si9mlAiCfZmduqw99n,0tSt4SUsOj8fKBL2OwFTAz878S85snjiNnAx7n8z
0tSt4SUsOj8fKBL2OwFTAz878S85snjiNnAx7n8z,hBG5vMBqkXoKVhe5nKFmfjAVyNoGHSr22VXcrkoN,MOx9AM3J6rnEQQJCSsWfT7wdOetSni3OV0mrNgho,MOx9AM3J6rnEQQJCSsWfT7wdOetSni3OV0mrNgho,MOx9AM3J6rnEQQJCSsWfT7wdOetSni3OV0mrNgho,G97yzpX8HPnbmrVEC0Aoz2si9mlAiCfZmduqw99n
hBG5vMBqkXoKVhe5nKFmfjAVyNoGHSr22VXcrkoN,G0PLr6xT9E96wJTJXQDNB728J4rHnKFKya5jIcwT,I9zyEumkNRxIzJ9lhMe24gjeuA05krtaF8GygUHD,I9zyEumkNRxIzJ9lhMe24gjeuA05krtaF8GygUHD,I9zyEumkNRxIzJ9lhMe24gjeuA05krtaF8GygUHD,MOx9AM3J6rnEQQJCSsWfT7wdOetSni3OV0mrNgho
G0PLr6xT9E96wJTJXQDNB728J4rHnKFKya5jIcwT,DboXcHUzjiTnEyfVzMA8hgefX2B7suIPftuPWSyq,BR0isoSnDlgTmIqukAORkXTz6C9ABpEWp1Yw4Fx6,BR0isoSnDlgTmIqukAORkXTz6C9ABpEWp1Yw4Fx6,BR0isoSnDlgTmIqukAORkXTz6C9ABpEWp1Yw4Fx6,I9zyEumkNRxIzJ9lhMe24gjeuA05krtaF8GygUHD
DboXcHUzjiTnEyfVzMA8hgefX2B7suIPftuPWSyq,neo9uYRJVawyUm1nyXvQrJxwVqapvXp6gVg6kwxr,0tSt4SUsOj8fKBL2OwFTAz878S85snjiNnAx7n8z,0tSt4SUsOj8fKBL2OwFTAz878S85snjiNnAx7n8z,0tSt4SUsOj8fKBL2OwFTAz878S85snjiNnAx7n8z,BR0isoSnDlgTmIqukAORkXTz6C9ABpEWp1Yw4Fx6
neo9uYRJVawyUm1nyXvQrJxwVqapvXp6gVg6kwxr,nOgJEtffp9e3P1qN9pqUrIZB0WQ9VIdptmx5wtia,hBG5vMBqkXoKVhe5nKFmfjAVyNoGHSr22VXcrkoN,hBG5vMBqkXoKVhe5nKFmfjAVyNoGHSr22VXcrkoN,hBG5vMBqkXoKVhe5nKFmfjAVyNoGHSr22VXcrkoN,0tSt4SUsOj8fKBL2OwFTAz878S85snjiNnAx7n8z
G97yzpX8HPnbmrVEC0Aoz2si9mlAiCfZmduqw99n,G97yzpX8HPnbmrVEC0Aoz2si9mlAiCfZmduqw99n,G0PLr6xT9E96wJTJXQDNB728J4rHnKFKya5jIcwT,G0PLr6xT9E96wJTJXQDNB728J4rHnKFKya5jIcwT,G97yzpX8HPnbmrVEC0Aoz2si9mlAiCfZmduqw99n,G97yzpX8HPnbmrVEC0Aoz2si9mlAiCfZmduqw99n
MOx9AM3J6rnEQQJCSsWfT7wdOetSni3OV0mrNgho,MOx9AM3J6rnEQQJCSsWfT7wdOetSni3OV0mrNgho,DboXcHUzjiTnEyfVzMA8hgefX2B7suIPftuPWSyq,G97yzpX8HPnbmrVEC0Aoz2si9mlAiCfZmduqw99n,MOx9AM3J6rnEQQJCSsWfT7wdOetSni3OV0mrNgho,MOx9AM3J6rnEQQJCSsWfT7wdOetSni3OV0mrNgho
I9zyEumkNRxIzJ9lhMe24gjeuA05krtaF8GygUHD,I9zyEumkNRxIzJ9lhMe24gjeuA05krtaF8GygUHD,G97yzpX8HPnbmrVEC0Aoz2si9mlAiCfZmduqw99n,MOx9AM3J6rnEQQJCSsWfT7wdOetSni3OV0mrNgho,I9zyEumkNRxIzJ9lhMe24gjeuA05krtaF8GygUHD,I9zyEumkNRxIzJ9lhMe24gjeuA05krtaF8GygUHD
BR0isoSnDlgTmIqukAORkXTz6C9ABpEWp1Yw4Fx6,BR0isoSnDlgTmIqukAORkXTz6C9ABpEWp1Yw4Fx6,MOx9AM3J6rnEQQJCSsWfT7wdOetSni3OV0mrNgho,I9zyEumkNRxIzJ9lhMe24gjeuA05krtaF8GygUHD,BR0isoSnDlgTmIqukAORkXTz6C9ABpEWp1Yw4Fx6,BR0isoSnDlgTmIqukAORkXTz6C9ABpEWp1Yw4Fx6
0tSt4SUsOj8fKBL2OwFTAz878S85snjiNnAx7n8z,0tSt4SUsOj8fKBL2OwFTAz878S85snjiNnAx7n8z,I9zyEumkNRxIzJ9lhMe24gjeuA05krtaF8GygUHD,BR0isoSnDlgTmIqukAORkXTz6C9ABpEWp1Yw4Fx6,0tSt4SUsOj8fKBL2OwFTAz878S85snjiNnAx7n8z,0tSt4SUsOj8fKBL2OwFTAz878S85snjiNnAx7n8z
hBG5vMBqkXoKVhe5nKFmfjAVyNoGHSr22VXcrkoN,hBG5vMBqkXoKVhe5nKFmfjAVyNoGHSr22VXcrkoN,BR0isoSnDlgTmIqukAORkXTz6C9ABpEWp1Yw4Fx6,0tSt4SUsOj8fKBL2OwFTAz878S85snjiNnAx7n8z,hBG5vMBqkXoKVhe5nKFmfjAVyNoGHSr22VXcrkoN,G97yzpX8HPnbmrVEC0Aoz2si9mlAiCfZmduqw99n
G0PLr6xT9E96wJTJXQDNB728J4rHnKFKya5jIcwT,G0PLr6xT9E96wJTJXQDNB728J4rHnKFKya5jIcwT,0tSt4SUsOj8fKBL2OwFTAz878S85snjiNnAx7n8z,hBG5vMBqkXoKVhe5nKFmfjAVyNoGHSr22VXcrkoN,G97yzpX8HPnbmrVEC0Aoz2si9mlAiCfZmduqw99n,MOx9AM3J6rnEQQJCSsWfT7wdOetSni3OV0mrNgho
DboXcHUzjiTnEyfVzMA8hgefX2B7suIPftuPWSyq,DboXcHUzjiTnEyfVzMA8hgefX2B7suIPftuPWSyq,hBG5vMBqkXoKVhe5nKFmfjAVyNoGHSr22VXcrkoN,G0PLr6xT9E96wJTJXQDNB728J4rHnKFKya5jIcwT,MOx9AM3J6rnEQQJCSsWfT7wdOetSni3OV0mrNgho,I9zyEumkNRxIzJ9lhMe24gjeuA05krtaF8GygUHD
neo9uYRJVawyUm1nyXvQrJxwVqapvXp6gVg6kwxr,neo9uYRJVawyUm1nyXvQrJxwVqapvXp6gVg6kwxr,G0PLr6xT9E96wJTJXQDNB728J4rHnKFKya5jIcwT,G97yzpX8HPnbmrVEC0Aoz2si9mlAiCfZmduqw99n,I9zyEumkNRxIzJ9lhMe24gjeuA05krtaF8GygUHD,BR0isoSnDlgTmIqukAORkXTz6C9ABpEWp1Yw4Fx6
G97yzpX8HPnbmrVEC0Aoz2si9mlAiCfZmduqw99n,nOgJEtffp9e3P1qN9pqUrIZB0WQ9VIdptmx5wtia,DboXcHUzjiTnEyfVzMA8hgefX2B7suIPftuPWSyq,MOx9AM3J6rnEQQJCSsWfT7wdOetSni3OV0mrNgho,BR0isoSnDlgTmIqukAORkXTz6C9ABpEWp1Yw4Fx6,0tSt4SUsOj8fKBL2OwFTAz878S85snjiNnAx7n8z
MOx9AM3J6rnEQQJCSsWfT7wdOetSni3OV0mrNgho,G97yzpX8HPnbmrVEC0Aoz2si9mlAiCfZmduqw99n,G97yzpX8HPnbmrVEC0Aoz2si9mlAiCfZmduqw99n,I9zyEumkNRxIzJ9lhMe24gjeuA05krtaF8GygUHD,0tSt4SUsOj8fKBL2OwFTAz878S85snjiNnAx7n8z,G97yzpX8HPnbmrVEC0Aoz2si9mlAiCfZmduqw99n
I9zyEumkNRxIzJ9lhMe24gjeuA05krtaF8GygUHD,MOx9AM3J6rnEQQJCSsWfT7wdOetSni3OV0mrNgho,MOx9AM3J6rnEQQJCSsWfT7wdOetSni3OV0mrNgho,BR0isoSnDlgTmIqukAORkXTz6C9ABpEWp1Yw4Fx6,hBG5vMBqkXoKVhe5nKFmfjAVyNoGHSr22VXcrkoN,MOx9AM3J6rnEQQJCSsWfT7wdOetSni3OV0mrNgho
BR0isoSnDlgTmIqukAORkXTz6C9ABpEWp1Yw4Fx6,I9zyEumkNRxIzJ9lhMe24gjeuA05krtaF8GygUHD,I9zyEumkNRxIzJ9lhMe24gjeuA05krtaF8GygUHD,0tSt4SUsOj8fKBL2OwFTAz878S85snjiNnAx7n8z,G97yzpX8HPnbmrVEC0Aoz2si9mlAiCfZmduqw99n,I9zyEumkNRxIzJ9lhMe24gjeuA05krtaF8GygUHD
0tSt4SUsOj8fKBL2OwFTAz878S85snjiNnAx7n8z,BR0isoSnDlgTmIqukAORkXTz6C9ABpEWp1Yw4Fx6,BR0isoSnDlgTmIqukAORkXTz6C9ABpEWp1Yw4Fx6,hBG5vMBqkXoKVhe5nKFmfjAVyNoGHSr22VXcrkoN,MOx9AM3J6rnEQQJCSsWfT7wdOetSni3OV0mrNgho,BR0isoSnDlgTmIqukAORkXTz6C9ABpEWp1Yw4Fx6
hBG5vMBqkXoKVhe5nKFmfjAVyNoGHSr22VXcrkoN,0tSt4SUsOj8fKBL2OwFTAz878S85snjiNnAx7n8z,0tSt4SUsOj8fKBL2OwFTAz878S85snjiNnAx7n8z,G0PLr6xT9E96wJTJXQDNB728J4rHnKFKya5jIcwT,I9zyEumkNRxIzJ9lhMe24gjeuA05krtaF8GygUHD,0tSt4SUsOj8fKBL2OwFTAz878S85snjiNnAx7n8z
G0PLr6xT9E96wJTJXQDNB728J4rHnKFKya5jIcwT,hBG5vMBqkXoKVhe5nKFmfjAVyNoGHSr22VXcrkoN,hBG5vMBqkXoKVhe5nKFmfjAVyNoGHSr22VXcrkoN,G97yzpX8HPnbmrVEC0Aoz2si9mlAiCfZmduqw99n,BR0isoSnDlgTmIqukAORkXTz6C9ABpEWp1Yw4Fx6,G97yzpX8HPnbmrVEC0Aoz2si9mlAiCfZmduqw99n
DboXcHUzjiTnEyfVzMA8hgefX2B7suIPftuPWSyq,G0PLr6xT9E96wJTJXQDNB728J4rHnKFKya5jIcwT,G0PLr6xT9E96wJTJXQDNB728J4rHnKFKya5jIcwT,MOx9AM3J6rnEQQJCSsWfT7wdOetSni3OV0mrNgho,0tSt4SUsOj8fKBL2OwFTAz878S85snjiNnAx7n8z,MOx9AM3J6rnEQQJCSsWfT7wdOetSni3OV0mrNgho
neo9uYRJVawyUm1nyXvQrJxwVqapvXp6gVg6kwxr,DboXcHUzjiTnEyfVzMA8hgefX2B7suIPftuPWSyq,DboXcHUzjiTnEyfVzMA8hgefX2B7suIPftuPWSyq,I9zyEumkNRxIzJ9lhMe24gjeuA05krtaF8GygUHD,hBG5vMBqkXoKVhe5nKFmfjAVyNoGHSr22VXcrkoN,I9zyEumkNRxIzJ9lhMe24gjeuA05krtaF8GygUHD
G97yzpX8HPnbmrVEC0Aoz2si9mlAiCfZmduqw99n,neo9uYRJVawyUm1nyXvQrJxwVqapvXp6gVg6kwxr,G97yzpX8HPnbmrVEC0Aoz2si9mlAiCfZmduqw99n,BR0isoSnDlgTmIqukAORkXTz6C9ABpEWp1Yw4Fx6,G97yzpX8HPnbmrVEC0Aoz2si9mlAiCfZmduqw99n,BR0isoSnDlgTmIqukAORkXTz6C9ABpEWp1Yw4Fx6
MOx9AM3J6rnEQQJCSsWfT7wdOetSni3OV0mrNgho,nOgJEtffp9e3P1qN9pqUrIZB0WQ9VIdptmx5wtia,MOx9AM3J6rnEQQJCSsWfT7wdOetSni3OV0mrNgho,0tSt4SUsOj8fKBL2OwFTAz878S85snjiNnAx7n8z,MOx9AM3J6rnEQQJCSsWfT7wdOetSni3OV0mrNgho,0tSt4SUsOj8fKBL2OwFTAz878S85snjiNnAx7n8z
I9zyEumkNRxIzJ9lhMe24gjeuA05krtaF8GygUHD,G97yzpX8HPnbmrVEC0Aoz2si9mlAiCfZmduqw99n,I9zyEumkNRxIzJ9lhMe24gjeuA05krtaF8GygUHD,hBG5vMBqkXoKVhe5nKFmfjAVyNoGHSr22VXcrkoN,I9zyEumkNRxIzJ9lhMe24gjeuA05krtaF8GygUHD,G97yzpX8HPnbmrVEC0Aoz2si9mlAiCfZmduqw99n
BR0isoSnDlgTmIqukAORkXTz6C9ABpEWp1Yw4Fx6,MOx9AM3J6rnEQQJCSsWfT7wdOetSni3OV0mrNgho,BR0isoSnDlgTmIqukAORkXTz6C9ABpEWp1Yw4Fx6,G0PLr6xT9E96wJTJXQDNB728J4rHnKFKya5jIcwT,BR0isoSnDlgTmIqukAORkXTz6C9ABpEWp1Yw4Fx6,MOx9AM3J6rnEQQJCSsWfT7wdOetSni3OV0mrNgho
0tSt4SUsOj8fKBL2OwFTAz878S85snjiNnAx7n8z,I9zyEumkNRxIzJ9lhMe24gjeuA05krtaF8GygUHD,0tSt4SUsOj8fKBL2OwFTAz878S85snjiNnAx7n8z,G97yzpX8HPnbmrVEC0Aoz2si9mlAiCfZmduqw99n,0tSt4SUsOj8fKBL2OwFTAz878S85snjiNnAx7n8z,I9zyEumkNRxIzJ9lhMe24gjeuA05krtaF8GygUHD
hBG5vMBqkXoKVhe5nKFmfjAVyNoGHSr22VXcrkoN,BR0isoSnDlgTmIqukAORkXTz6C9ABpEWp1Yw4Fx6,hBG5vMBqkXoKVhe5nKFmfjAVyNoGHSr22VXcrkoN,MOx9AM3J6rnEQQJCSsWfT7wdOetSni3OV0mrNgho,hBG5vMBqkXoKVhe5nKFmfjAVyNoGHSr22VXcrkoN,BR0isoSnDlgTmIqukAORkXTz6C9ABpEWp1Yw4Fx6
G0PLr6xT9E96wJTJXQDNB728J4rHnKFKya5jIcwT,0tSt4SUsOj8fKBL2OwFTAz878S85snjiNnAx7n8z,G0PLr6xT9E96wJTJXQDNB728J4rHnKFKya5jIcwT,I9zyEumkNRxIzJ9lhMe24gjeuA05krtaF8GygUHD,G97yzpX8HPnbmrVEC0Aoz2si9mlAiCfZmduqw99n,0tSt4SUsOj8fKBL2OwFTAz878S85snjiNnAx7n8z
DboXcHUzjiTnEyfVzMA8hgefX2B7suIPftuPWSyq,hBG5vMBqkXoKVhe5nKFmfjAVyNoGHSr22VXcrkoN,DboXcHUzjiTnEyfVzMA8hgefX2B7suIPftuPWSyq,BR0isoSnDlgTmIqukAORkXTz6C9ABpEWp1Yw4Fx6,MOx9AM3J6rnEQQJCSsWfT7wdOetSni3OV0mrNgho,G97yzpX8HPnbmrVEC0Aoz2si9mlAiCfZmduqw99n
neo9uYRJVawyUm1nyXvQrJxwVqapvXp6gVg6kwxr,G0PLr6xT9E96wJTJXQDNB728J4rHnKFKya5jIcwT,G97yzpX8HPnbmrVEC0Aoz2si9mlAiCfZmduqw99n,0tSt4SUsOj8fKBL2OwFTAz878S85snjiNnAx7n8z,I9zyEumkNRxIzJ9lhMe24gjeuA05krtaF8GygUHD,MOx9AM3J6rnEQQJCSsWfT7wdOetSni3OV0mrNgho
G97yzpX8HPnbmrVEC0Aoz2si9mlAiCfZmduqw99n,DboXcHUzjiTnEyfVzMA8hgefX2B7suIPftuPWSyq,MOx9AM3J6rnEQQJCSsWfT7wdOetSni3OV0mrNgho,hBG5vMBqkXoKVhe5nKFmfjAVyNoGHSr22VXcrkoN,BR0isoSnDlgTmIqukAORkXTz6C9ABpEWp1Yw4Fx6,I9zyEumkNRxIzJ9lhMe24gjeuA05krtaF8GygUHD
MOx9AM3J6rnEQQJCSsWfT7wdOetSni3OV0mrNgho,neo9uYRJVawyUm1nyXvQrJxwVqapvXp6gVg6kwxr,I9zyEumkNRxIzJ9lhMe24gjeuA05krtaF8GygUHD,G0PLr6xT9E96wJTJXQDNB728J4rHnKFKya5jIcwT,0tSt4SUsOj8fKBL2OwFTAz878S85snjiNnAx7n8z,BR0isoSnDlgTmIqukAORkXTz6C9ABpEWp1Yw4Fx6
I9zyEumkNRxIzJ9lhMe24gjeuA05krtaF8GygUHD,nOgJEtffp9e3P1qN9pqUrIZB0WQ9VIdptmx5wtia,BR0isoSnDlgTmIqukAORkXTz6C9ABpEWp1Yw4Fx6,G97yzpX8HPnbmrVEC0Aoz2si9mlAiCfZmduqw99n,hBG5vMBqkXoKVhe5nKFmfjAVyNoGHSr22VXcrkoN,0tSt4SUsOj8fKBL2OwFTAz878S85snjiNnAx7n8z
BR0isoSnDlgTmIqukAORkXTz6C9ABpEWp1Yw4Fx6,G97yzpX8HPnbmrVEC0Aoz2si9mlAiCfZmduqw99n,0tSt4SUsOj8fKBL2OwFTAz878S85snjiNnAx7n8z,MOx9AM3J6rnEQQJCSsWfT7wdOetSni3OV0mrNgho,G97yzpX8HPnbmrVEC0Aoz2si9mlAiCfZmduqw99n,G97yzpX8HPnbmrVEC0Aoz2si9mlAiCfZmduqw99n
0tSt4SUsOj8fKBL2OwFTAz878S85snjiNnAx7n8z,MOx9AM3J6rnEQQJCSsWfT7wdOetSni3OV0mrNgho,hBG5vMBqkXoKVhe5nKFmfjAVyNoGHSr22VXcrkoN,I9zyEumkNRxIzJ9lhMe24gjeuA05krtaF8GygUHD,MOx9AM3J6rnEQQJCSsWfT7wdOetSni3OV0mrNgho,MOx9AM3J6rnEQQJCSsWfT7wdOetSni3OV0mrNgho
hBG5vMBqkXoKVhe5nKFmfjAVyNoGHSr22VXcrkoN,I9zyEumkNRxIzJ9lhMe24gjeuA05krtaF8GygUHD,G0PLr6xT9E96wJTJXQDNB728J4rHnKFKya5jIcwT,BR0isoSnDlgTmIqukAORkXTz6C9ABpEWp1Yw4Fx6,I9zyEumkNRxIzJ9lhMe24gjeuA05krtaF8GygUHD,I9zyEumkNRxIzJ9lhMe24gjeuA05krtaF8GygUHD
G0PLr6xT9E96wJTJXQDNB728J4rHnKFKya5jIcwT,BR0isoSnDlgTmIqukAORkXTz6C9ABpEWp1Yw4Fx6,DboXcHUzjiTnEyfVzMA8hgefX2B7suIPftuPWSyq,0tSt4SUsOj8fKBL2OwFTAz878S85snjiNnAx7n8z,BR0isoSnDlgTmIqukAORkXTz6C9ABpEWp1Yw4Fx6,BR0isoSnDlgTmIqukAORkXTz6C9ABpEWp1Yw4Fx6
DboXcHUzjiTnEyfVzMA8hgefX2B7suIPftuPWSyq,0tSt4SUsOj8fKBL2OwFTAz878S85snjiNnAx7n8z,G97yzpX8HPnbmrVEC0Aoz2si9mlAiCfZmduqw99n,hBG5vMBqkXoKVhe5nKFmfjAVyNoGHSr22VXcrkoN,0tSt4SUsOj8fKBL2OwFTAz878S85snjiNnAx7n8z,0tSt4SUsOj8fKBL2OwFTAz878S85snjiNnAx7n8z
neo9uYRJVawyUm1nyXvQrJxwVqapvXp6gVg6kwxr,hBG5vMBqkXoKVhe5nKFmfjAVyNoGHSr22VXcrkoN,MOx9AM3J6rnEQQJCSsWfT7wdOetSni3OV0mrNgho,G0PLr6xT9E96wJTJXQDNB728J4rHnKFKya5jIcwT,hBG5vMBqkXoKVhe5nKFmfjAVyNoGHSr22VXcrkoN,G97yzpX8HPnbmrVEC0Aoz2si9mlAiCfZmduqw99n
G97yzpX8HPnbmrVEC0Aoz2si9mlAiCfZmduqw99n,G0PLr6xT9E96wJTJXQDNB728J4rHnKFKya5jIcwT,I9zyEumkNRxIzJ9lhMe24gjeuA05krtaF8GygUHD,G97yzpX8HPnbmrVEC0Aoz2si9mlAiCfZmduqw99n,G97yzpX8HPnbmrVEC0Aoz2si9mlAiCfZmduqw99n,MOx9AM3J6rnEQQJCSsWfT7wdOetSni3OV0mrNgho
MOx9AM3J6rnEQQJCSsWfT7wdOetSni3OV0mrNgho,DboXcHUzjiTnEyfVzMA8hgefX2B7suIPftuPWSyq,BR0isoSnDlgTmIqukAORkXTz6C9ABpEWp1Yw4Fx6,MOx9AM3J6rnEQQJCSsWfT7wdOetSni3OV0mrNgho,MOx9AM3J6rnEQQJCSsWfT7wdOetSni3OV0mrNgho,I9zyEumkNRxIzJ9lhMe24gjeuA05krtaF8GygUHD
I9zyEumkNRxIzJ9lhMe24gjeuA05krtaF8GygUHD,neo9uYRJVawyUm1nyXvQrJxwVqapvXp6gVg6kwxr,0tSt4SUsOj8fKBL2OwFTAz878S85snjiNnAx7n8z,I9zyEumkNRxIzJ9lhMe24gjeuA05krtaF8GygUHD,I9zyEumkNRxIzJ9lhMe24gjeuA05krtaF8GygUHD,BR0isoSnDlgTmIqukAORkXTz6C9ABpEWp1Yw4Fx6
BR0isoSnDlgTmIqukAORkXTz6C9ABpEWp1Yw4Fx6,nOgJEtffp9e3P1qN9pqUrIZB0WQ9VIdptmx5wtia,hBG5vMBqkXoKVhe5nKFmfjAVyNoGHSr22VXcrkoN,BR0isoSnDlgTmIqukAORkXTz6C9ABpEWp1Yw4Fx6,BR0isoSnDlgTmIqukAORkXTz6C9ABpEWp1Yw4Fx6,0tSt4SUsOj8fKBL2OwFTAz878S85snjiNnAx7n8z
0tSt4SUsOj8fKBL2OwFTAz878S85snjiNnAx7n8z,G97yzpX8HPnbmrVEC0Aoz2si9mlAiCfZmduqw99n,G0PLr6xT9E96wJTJXQDNB728J4rHnKFKya5jIcwT,0tSt4SUsOj8fKBL2OwFTAz878S85snjiNnAx7n8z,0tSt4SUsOj8fKBL2OwFTAz878S85snjiNnAx7n8z,G97yzpX8HPnbmrVEC0Aoz2si9mlAiCfZmduqw99n
hBG5vMBqkXoKVhe5nKFmfjAVyNoGHSr22VXcrkoN,MOx9AM3J6rnEQQJCSsWfT7wdOetSni3OV0mrNgho,DboXcHUzjiTnEyfVzMA8hgefX2B7suIPftuPWSyq,hBG5vMBqkXoKVhe5nKFmfjAVyNoGHSr22VXcrkoN,hBG5vMBqkXoKVhe5nKFmfjAVyNoGHSr22VXcrkoN,MOx9AM3J6rnEQQJCSsWfT7wdOetSni3OV0mrNgho
G0PLr6xT9E96wJTJXQDNB728J4rHnKFKya5jIcwT,I9zyEumkNRxIzJ9lhMe24gjeuA05krtaF8GygUHD,G97yzpX8HPnbmrVEC0Aoz2si9mlAiCfZmduqw99n,G0PLr6xT9E96wJTJXQDNB728J4rHnKFKya5jIcwT,G97yzpX8HPnbmrVEC0Aoz2si9mlAiCfZmduqw99n,I9zyEumkNRxIzJ9lhMe24gjeuA05krtaF8GygUHD
DboXcHUzjiTnEyfVzMA8hgefX2B7suIPftuPWSyq,BR0isoSnDlgTmIqukAORkXTz6C9ABpEWp1Yw4Fx6,MOx9AM3J6rnEQQJCSsWfT7wdOetSni3OV0mrNgho,G97yzpX8HPnbmrVEC0Aoz2si9mlAiCfZmduqw99n,MOx9AM3J6rnEQQJCSsWfT7wdOetSni3OV0mrNgho,BR0isoSnDlgTmIqukAORkXTz6C9ABpEWp1Yw4Fx6
neo9uYRJVawyUm1nyXvQrJxwVqapvXp6gVg6kwxr,0tSt4SUsOj8fKBL2OwFTAz878S85snjiNnAx7n8z,I9zyEumkNRxIzJ9lhMe24gjeuA05krtaF8GygUHD,MOx9AM3J6rnEQQJCSsWfT7wdOetSni3OV0mrNgho,I9zyEumkNRxIzJ9lhMe24gjeuA05krtaF8GygUHD,0tSt4SUsOj8fKBL2OwFTAz878S85snjiNnAx7n8z
G97yzpX8HPnbmrVEC0Aoz2si9mlAiCfZmduqw99n,hBG5vMBqkXoKVhe5nKFmfjAVyNoGHSr22VXcrkoN,BR0isoSnDlgTmIqukAORkXTz6C9ABpEWp1Yw4Fx6,I9zyEumkNRxIzJ9lhMe24gjeuA05krtaF8GygUHD,BR0isoSnDlgTmIqukAORkXTz6C9ABpEWp1Yw4Fx6,G97yzpX8HPnbmrVEC0Aoz2si9mlAiCfZmduqw99n
MOx9AM3J6rnEQQJCSsWfT7wdOetSni3OV0mrNgho,G0PLr6xT9E96wJTJXQDNB728J4rHnKFKya5jIcwT,0tSt4SUsOj8fKBL2OwFTAz878S85snjiNnAx7n8z,BR0isoSnDlgTmIqukAORkXTz6C9ABpEWp1Yw4Fx6,0tSt4SUsOj8fKBL2OwFTAz878S85snjiNnAx7n8z,MOx9AM3J6rnEQQJCSsWfT7wdOetSni3OV0mrNgho
I9zyEumkNRxIzJ9lhMe24gjeuA05krtaF8GygUHD,DboXcHUzjiTnEyfVzMA8hgefX2B7suIPftuPWSyq,hBG5vMBqkXoKVhe5nKFmfjAVyNoGHSr22VXcrkoN,0tSt4SUsOj8fKBL2OwFTAz878S85snjiNnAx7n8z,hBG5vMBqkXoKVhe5nKFmfjAVyNoGHSr22VXcrkoN,I9zyEumkNRxIzJ9lhMe24gjeuA05krtaF8GygUHD
BR0isoSnDlgTmIqukAORkXTz6C9ABpEWp1Yw4Fx6,neo9uYRJVawyUm1nyXvQrJxwVqapvXp6gVg6kwxr,G0PLr6xT9E96wJTJXQDNB728J4rHnKFKya5jIcwT,hBG5vMBqkXoKVhe5nKFmfjAVyNoGHSr22VXcrkoN,G97yzpX8HPnbmrVEC0Aoz2si9mlAiCfZmduqw99n,BR0isoSnDlgTmIqukAORkXTz6C9ABpEWp1Yw4Fx6
0tSt4SUsOj8fKBL2OwFTAz878S85snjiNnAx7n8z,nOgJEtffp9e3P1qN9pqUrIZB0WQ9VIdptmx5wtia,DboXcHUzjiTnEyfVzMA8hgefX2B7suIPftuPWSyq,G0PLr6xT9E96wJTJXQDNB728J4rHnKFKya5jIcwT,MOx9AM3J6rnEQQJCSsWfT7wdOetSni3OV0mrNgho,0tSt4SUsOj8fKBL2OwFTAz878S85snjiNnAx7n8z
hBG5vMBqkXoKVhe5nKFmfjAVyNoGHSr22VXcrkoN,G97yzpX8HPnbmrVEC0Aoz2si9mlAiCfZmduqw99n,G97yzpX8HPnbmrVEC0Aoz2si9mlAiCfZmduqw99n,G97yzpX8HPnbmrVEC0Aoz2si9mlAiCfZmduqw99n,I9zyEumkNRxIzJ9lhMe24gjeuA05krtaF8GygUHD,G97yzpX8HPnbmrVEC0Aoz2si9mlAiCfZmduqw99n
G0PLr6xT9E96wJTJXQDNB728J4rHnKFKya5jIcwT,MOx9AM3J6rnEQQJCSsWfT7wdOetSni3OV0mrNgho,MOx9AM3J6rnEQQJCSsWfT7wdOetSni3OV0mrNgho,MOx9AM3J6rnEQQJCSsWfT7wdOetSni3OV0mrNgho,BR0isoSnDlgTmIqukAORkXTz6C9ABpEWp1Yw4Fx6,MOx9AM3J6rnEQQJCSsWfT7wdOetSni3OV0mrNgho
DboXcHUzjiTnEyfVzMA8hgefX2B7suIPftuPWSyq,I9zyEumkNRxIzJ9lhMe24gjeuA05krtaF8GygUHD,I9zyEumkNRxIzJ9lhMe24gjeuA05krtaF8GygUHD,I9zyEumkNRxIzJ9lhMe24gjeuA05krtaF8GygUHD,0tSt4SUsOj8fKBL2OwFTAz878S85snjiNnAx7n8z,I9zyEumkNRxIzJ9lhMe24gjeuA05krtaF8GygUHD
neo9uYRJVawyUm1nyXvQrJxwVqapvXp6gVg6kwxr,BR0isoSnDlgTmIqukAORkXTz6C9ABpEWp1Yw4Fx6,BR0isoSnDlgTmIqukAORkXTz6C9ABpEWp1Yw4Fx6,BR0isoSnDlgTmIqukAORkXTz6C9ABpEWp1Yw4Fx6,hBG5vMBqkXoKVhe5nKFmfjAVyNoGHSr22VXcrkoN,BR0isoSnDlgTmIqukAORkXTz6C9ABpEWp1Yw4Fx6
G97yzpX8HPnbmrVEC0Aoz2si9mlAiCfZmduqw99n,0tSt4SUsOj8fKBL2OwFTAz878S85snjiNnAx7n8z,0tSt4SUsOj8fKBL2OwFTAz878S85snjiNnAx7n8z,0tSt4SUsOj8fKBL2OwFTAz878S85snjiNnAx7n8z,G97yzpX8HPnbmrVEC0Aoz2si9mlAiCfZmduqw99n,0tSt4SUsOj8fKBL2OwFTAz878S85snjiNnAx7n8z
MOx9AM3J6rnEQQJCSsWfT7wdOetSni3OV0mrNgho,hBG5vMBqkXoKVhe5nKFmfjAVyNoGHSr22VXcrkoN,hBG5vMBqkXoKVhe5nKFmfjAVyNoGHSr22VXcrkoN,hBG5vMBqkXoKVhe5nKFmfjAVyNoGHSr22VXcrkoN,MOx9AM3J6rnEQQJCSsWfT7wdOetSni3OV0mrNgho,G97yzpX8HPnbmrVEC0Aoz2si9mlAiCfZmduqw99n
I9zyEumkNRxIzJ9lhMe24gjeuA05krtaF8GygUHD,G0PLr6xT9E96wJTJXQDNB728J4rHnKFKya5jIcwT,G0PLr6xT9E96wJTJXQDNB728J4rHnKFKya5jIcwT,G0PLr6xT9E96wJTJXQDNB728J4rHnKFKya5jIcwT,I9zyEumkNRxIzJ9lhMe24gjeuA05krtaF8GygUHD,MOx9AM3J6rnEQQJCSsWfT7wdOetSni3OV0mrNgho
BR0isoSnDlgTmIqukAORkXTz6C9ABpEWp1Yw4Fx6,DboXcHUzjiTnEyfVzMA8hgefX2B7suIPftuPWSyq,DboXcHUzjiTnEyfVzMA8hgefX2B7suIPftuPWSyq,G97yzpX8HPnbmrVEC0Aoz2si9mlAiCfZmduqw99n,BR0isoSnDlgTmIqukAORkXTz6C9ABpEWp1Yw4Fx6,I9zyEumkNRxIzJ9lhMe24gjeuA05krtaF8GygUHD
0tSt4SUsOj8fKBL2OwFTAz878S85snjiNnAx7n8z,neo9uYRJVawyUm1nyXvQrJxwVqapvXp6gVg6kwxr,G97yzpX8HPnbmrVEC0Aoz2si9mlAiCfZmduqw99n,MOx9AM3J6rnEQQJCSsWfT7wdOetSni3OV0mrNgho,0tSt4SUsOj8fKBL2OwFTAz878S85snjiNnAx7n8z,BR0isoSnDlgTmIqukAORkXTz6C9ABpEWp1Yw4Fx6
hBG5vMBqkXoKVhe5nKFmfjAVyNoGHSr22VXcrkoN,nOgJEtffp9e3P1qN9pqUrIZB0WQ9VIdptmx5wtia,MOx9AM3J6rnEQQJCSsWfT7wdOetSni3OV0mrNgho,I9zyEumkNRxIzJ9lhMe24gjeuA05krtaF8GygUHD,hBG5vMBqkXoKVhe5nKFmfjAVyNoGHSr22VXcrkoN,0tSt4SUsOj8fKBL2OwFTAz878S85snjiNnAx7n8z
G0PLr6xT9E96wJTJXQDNB728J4rHnKFKya5jIcwT,G97yzpX8HPnbmrVEC0Aoz2si9mlAiCfZmduqw99n,I9zyEumkNRxIzJ9lhMe24gjeuA05krtaF8GygUHD,BR0isoSnDlgTmIqukAORkXTz6C9ABpEWp1Yw4Fx6,G97yzpX8HPnbmrVEC0Aoz2si9mlAiCfZmduqw99n,G97yzpX8HPnbmrVEC0Aoz2si9mlAiCfZmduqw99n
DboXcHUzjiTnEyfVzMA8hgefX2B7suIPftuPWSyq,MOx9AM3J6rnEQQJCSsWfT7wdOetSni3OV0mrNgho,BR0isoSnDlgTmIqukAORkXTz6C9ABpEWp1Yw4Fx6,0tSt4SUsOj8fKBL2OwFTAz878S85snjiNnAx7n8z,MOx9AM3J6rnEQQJCSsWfT7wdOetSni3OV0mrNgho,MOx9AM3J6rnEQQJCSsWfT7wdOetSni3OV0mrNgho
neo9uYRJVawyUm1nyXvQrJxwVqapvXp6gVg6kwxr,I9zyEumkNRxIzJ9lhMe24gjeuA05krtaF8GygUHD,0tSt4SUsOj8fKBL2OwFTAz878S85snjiNnAx7n8z,hBG5vMBqkXoKVhe5nKFmfjAVyNoGHSr22VXcrkoN,I9zyEumkNRxIzJ9lhMe24gjeuA05krtaF8GygUHD,I9zyEumkNRxIzJ9lhMe24gjeuA05krtaF8GygUHD
G97yzpX8HPnbmrVEC0Aoz2si9mlAiCfZmduqw99n,BR0isoSnDlgTmIqukAORkXTz6C9ABpEWp1Yw4Fx6,hBG5vMBqkXoKVhe5nKFmfjAVyNoGHSr22VXcrkoN,G0PLr6xT9E96wJTJXQDNB728J4rHnKFKya5jIcwT,BR0isoSnDlgTmIqukAORkXTz6C9ABpEWp1Yw4Fx6,BR0isoSnDlgTmIqukAORkXTz6C9ABpEWp1Yw4Fx6
MOx9AM3J6rnEQQJCSsWfT7wdOetSni3OV0mrNgho,0tSt4SUsOj8fKBL2OwFTAz878S85snjiNnAx7n8z,G0PLr6xT9E96wJTJXQDNB728J4rHnKFKya5jIcwT,G97yzpX8HPnbmrVEC0Aoz2si9mlAiCfZmduqw99n,0tSt4SUsOj8fKBL2OwFTAz878S85snjiNnAx7n8z,0tSt4SUsOj8fKBL2OwFTAz878S85snjiNnAx7n8z
I9zyEumkNRxIzJ9lhMe24gjeuA05krtaF8GygUHD,hBG5vMBqkXoKVhe5nKFmfjAVyNoGHSr22VXcrkoN,DboXcHUzjiTnEyfVzMA8hgefX2B7suIPftuPWSyq,MOx9AM3J6rnEQQJCSsWfT7wdOetSni3OV0mrNgho,hBG5vMBqkXoKVhe5nKFmfjAVyNoGHSr22VXcrkoN,G97yzpX8HPnbmrVEC0Aoz2si9mlAiCfZmduqw99n
BR0isoSnDlgTmIqukAORkXTz6C9ABpEWp1Yw4Fx6,G0PLr6xT9E96wJTJXQDNB728J4rHnKFKya5jIcwT,G97yzpX8HPnbmrVEC0Aoz2si9mlAiCfZmduqw99n,I9zyEumkNRxIzJ9lhMe24gjeuA05krtaF8GygUHD,G97yzpX8HPnbmrVEC0Aoz2si9mlAiCfZmduqw99n,MOx9AM3J6rnEQQJCSsWfT7wdOetSni3OV0mrNgho
0tSt4SUsOj8fKBL2OwFTAz878S85snjiNnAx7n8z,DboXcHUzjiTnEyfVzMA8hgefX2B7suIPftuPWSyq,MOx9AM3J6rnEQQJCSsWfT7wdOetSni3OV0mrNgho,BR0isoSnDlgTmIqukAORkXTz6C9ABpEWp1Yw4Fx6,MOx9AM3J6rnEQQJCSsWfT7wdOetSni3OV0mrNgho,I9zyEumkNRxIzJ9lhMe24gjeuA05krtaF8GygUHD
hBG5vMBqkXoKVhe5nKFmfjAVyNoGHSr22VXcrkoN,neo9uYRJVawyUm1nyXvQrJxwVqapvXp6gVg6kwxr,I9zyEumkNRxIzJ9lhMe24gjeuA05krtaF8GygUHD,0tSt4SUsOj8fKBL2OwFTAz878S85snjiNnAx7n8z,I9zyEumkNRxIzJ9lhMe24gjeuA05krtaF8GygUHD,BR0isoSnDlgTmIqukAORkXTz6C9ABpEWp1Yw4Fx6
G0PLr6xT9E96wJTJXQDNB728J4rHnKFKya5jIcwT,nOgJEtffp9e3P1qN9pqUrIZB0WQ9VIdptmx5wtia,BR0isoSnDlgTmIqukAORkXTz6C9ABpEWp1Yw4Fx6,hBG5vMBqkXoKVhe5nKFmfjAVyNoGHSr22VXcrkoN,BR0isoSnDlgTmIqukAORkXTz6C9ABpEWp1Yw4Fx6,0tSt4SUsOj8fKBL2OwFTAz878S85snjiNnAx7n8z
DboXcHUzjiTnEyfVzMA8hgefX2B7suIPftuPWSyq,G97yzpX8HPnbmrVEC0Aoz2si9mlAiCfZmduqw99n,0tSt4SUsOj8fKBL2OwFTAz878S85snjiNnAx7n8z,G0PLr6xT9E96wJTJXQDNB728J4rHnKFKya5jIcwT,0tSt4SUsOj8fKBL2OwFTAz878S85snjiNnAx7n8z,G97yzpX8HPnbmrVEC0Aoz2si9mlAiCfZmduqw99n
neo9uYRJVawyUm1nyXvQrJxwVqapvXp6gVg6kwxr,MOx9AM3J6rnEQQJCSsWfT7wdOetSni3OV0mrNgho,hBG5vMBqkXoKVhe5nKFmfjAVyNoGHSr22VXcrkoN,G97yzpX8HPnbmrVEC0Aoz2si9mlAiCfZmduqw99n,hBG5vMBqkXoKVhe5nKFmfjAVyNoGHSr22VXcrkoN,MOx9AM3J6rnEQQJCSsWfT7wdOetSni3OV0mrNgho
G97yzpX8HPnbmrVEC0Aoz2si9mlAiCfZmduqw99n,I9zyEumkNRxIzJ9lhMe24gjeuA05krtaF8GygUHD,G0PLr6xT9E96wJTJXQDNB728J4rHnKFKya5jIcwT,MOx9AM3J6rnEQQJCSsWfT7wdOetSni3OV0mrNgho,G97yzpX8HPnbmrVEC0Aoz2si9mlAiCfZmduqw99n,I9zyEumkNRxIzJ9lhMe24gjeuA05krtaF8GygUHD
MOx9AM3J6rnEQQJCSsWfT7wdOetSni3OV0mrNgho,BR0isoSnDlgTmIqukAORkXTz6C9ABpEWp1Yw4Fx6,DboXcHUzjiTnEyfVzMA8hgefX2B7suIPftuPWSyq,I9zyEumkNRxIzJ9lhMe24gjeuA05krtaF8GygUHD,MOx9AM3J6rnEQQJCSsWfT7wdOetSni3OV0mrNgho,BR0isoSnDlgTmIqukAORkXTz6C9ABpEWp1Yw4Fx6
I9zyEumkNRxIzJ9lhMe24gjeuA05krtaF8GygUHD,0tSt4SUsOj8fKBL2OwFTAz878S85snjiNnAx7n8z,G97yzpX8HPnbmrVEC0Aoz2si9mlAiCfZmduqw99n,BR0isoSnDlgTmIqukAORkXTz6C9ABpEWp1Yw4Fx6,I9zyEumkNRxIzJ9lhMe24gjeuA05krtaF8GygUHD,0tSt4SUsOj8fKBL2OwFTAz878S85snjiNnAx7n8z
BR0isoSnDlgTmIqukAORkXTz6C9ABpEWp1Yw4Fx6,hBG5vMBqkXoKVhe5nKFmfjAVyNoGHSr22VXcrkoN,MOx9AM3J6rnEQQJCSsWfT7wdOetSni3OV0mrNgho,0tSt4SUsOj8fKBL2OwFTAz878S85snjiNnAx7n8z,BR0isoSnDlgTmIqukAORkXTz6C9ABpEWp1Yw4Fx6,G97yzpX8HPnbmrVEC0Aoz2si9mlAiCfZmduqw99n
0tSt4SUsOj8fKBL2OwFTAz878S85snjiNnAx7n8z,G0PLr6xT9E96wJTJXQDNB728J4rHnKFKya5jIcwT,I9zyEumkNRxIzJ9lhMe24gjeuA05krtaF8GygUHD,hBG5vMBqkXoKVhe5nKFmfjAVyNoGHSr22VXcrkoN,0tSt4SUsOj8fKBL2OwFTAz878S85snjiNnAx7n8z,MOx9AM3J6rnEQQJCSsWfT7wdOetSni3OV0mrNgho
hBG5vMBqkXoKVhe5nKFmfjAVyNoGHSr22VXcrkoN,DboXcHUzjiTnEyfVzMA8hgefX2B7suIPftuPWSyq,BR0isoSnDlgTmIqukAORkXTz6C9ABpEWp1Yw4Fx6,G0PLr6xT9E96wJTJXQDNB728J4rHnKFKya5jIcwT,hBG5vMBqkXoKVhe5nKFmfjAVyNoGHSr22VXcrkoN,I9zyEumkNRxIzJ9lhMe24gjeuA05krtaF8GygUHD
G0PLr6xT9E96wJTJXQDNB728J4rHnKFKya5jIcwT,neo9uYRJVawyUm1nyXvQrJxwVqapvXp6gVg6kwxr,0tSt4SUsOj8fKBL2OwFTAz878S85snjiNnAx7n8z,G97yzpX8HPnbmrVEC0Aoz2si9mlAiCfZmduqw99n,G97yzpX8HPnbmrVEC0Aoz2si9mlAiCfZmduqw99n,BR0isoSnDlgTmIqukAORkXTz6C9ABpEWp1Yw4Fx6
DboXcHUzjiTnEyfVzMA8hgefX2B7suIPftuPWSyq,nOgJEtffp9e3P1qN9pqUrIZB0WQ9VIdptmx5wtia,hBG5vMBqkXoKVhe5nKFmfjAVyNoGHSr22VXcrkoN,MOx9AM3J6rnEQQJCSsWfT7wdOetSni3OV0mrNgho,MOx9AM3J6rnEQQJCSsWfT7wdOetSni3OV0mrNgho,0tSt4SUsOj8fKBL2OwFTAz878S85snjiNnAx7n8z
neo9uYRJVawyUm1nyXvQrJxwVqapvXp6gVg6kwxr,G97yzpX8HPnbmrVEC0Aoz2si9mlAiCfZmduqw99n,G0PLr6xT9E96wJTJXQDNB728J4rHnKFKya5jIcwT,I9zyEumkNRxIzJ9lhMe24gjeuA05krtaF8GygUHD,I9zyEumkNRxIzJ9lhMe24gjeuA05krtaF8GygUHD,G97yzpX8HPnbmrVEC0Aoz2si9mlAiCfZmduqw99n
G97yzpX8HPnbmrVEC0Aoz2si9mlAiCfZmduqw99n,MOx9AM3J6rnEQQJCSsWfT7wdOetSni3OV0mrNgho,DboXcHUzjiTnEyfVzMA8hgefX2B7suIPftuPWSyq,BR0isoSnDlgTmIqukAORkXTz6C9ABpEWp1Yw4Fx6,BR0isoSnDlgTmIqukAORkXTz6C9ABpEWp1Yw4Fx6,MOx9AM3J6rnEQQJCSsWfT7wdOetSni3OV0mrNgho
MOx9AM3J6rnEQQJCSsWfT7wdOetSni3OV0mrNgho,I9zyEumkNRxIzJ9lhMe24gjeuA05krtaF8GygUHD,G97yzpX8HPnbmrVEC0Aoz2si9mlAiCfZmduqw99n,0tSt4SUsOj8fKBL2OwFTAz878S85snjiNnAx7n8z,0tSt4SUsOj8fKBL2OwFTAz878S85snjiNnAx7n8z,I9zyEumkNRxIzJ9lhMe24gjeuA05krtaF8GygUHD
I9zyEumkNRxIzJ9lhMe24gjeuA05krtaF8GygUHD,BR0isoSnDlgTmIqukAORkXTz6C9ABpEWp1Yw4Fx6,MOx9AM3J6rnEQQJCSsWfT7wdOetSni3OV0mrNgho,hBG5vMBqkXoKVhe5nKFmfjAVyNoGHSr22VXcrkoN,hBG5vMBqkXoKVhe5nKFmfjAVyNoGHSr22VXcrkoN,BR0isoSnDlgTmIqukAORkXTz6C9ABpEWp1Yw4Fx6
BR0isoSnDlgTmIqukAORkXTz6C9ABpEWp1Yw4Fx6,0tSt4SUsOj8fKBL2OwFTAz878S85snjiNnAx7n8z,I9zyEumkNRxIzJ9lhMe24gjeuA05krtaF8GygUHD,G0PLr6xT9E96wJTJXQDNB728J4rHnKFKya5jIcwT,G97yzpX8HPnbmrVEC0Aoz2si9mlAiCfZmduqw99n,0tSt4SUsOj8fKBL2OwFTAz878S85snjiNnAx7n8z
0tSt4SUsOj8fKBL2OwFTAz878S85snjiNnAx7n8z,hBG5vMBqkXoKVhe5nKFmfjAVyNoGHSr22VXcrkoN,BR0isoSnDlgTmIqukAORkXTz6C9ABpEWp1Yw4Fx6,G97yzpX8HPnbmrVEC0Aoz2si9mlAiCfZmduqw99n,MOx9AM3J6rnEQQJCSsWfT7wdOetSni3OV0mrNgho,G97yzpX8HPnbmrVEC0Aoz2si9mlAiCfZmduqw99n
hBG5vMBqkXoKVhe5nKFmfjAVyNoGHSr22VXcrkoN,G0PLr6xT9E96wJTJXQDNB728J4rHnKFKya5jIcwT,0tSt4SUsOj8fKBL2OwFTAz878S85snjiNnAx7n8z,MOx9AM3J6rnEQQJCSsWfT7wdOetSni3OV0mrNgho,I9zyEumkNRxIzJ9lhMe24gjeuA05krtaF8GygUHD,MOx9AM3J6rnEQQJCSsWfT7wdOetSni3OV0mrNgho
G0PLr6xT9E96wJTJXQDNB728J4rHnKFKya5jIcwT,DboXcHUzjiTnEyfVzMA8hgefX2B7suIPftuPWSyq,hBG5vMBqkXoKVhe5nKFmfjAVyNoGHSr22VXcrkoN,I9zyEumkNRxIzJ9lhMe24gjeuA05krtaF8GygUHD,BR0isoSnDlgTmIqukAORkXTz6C9ABpEWp1Yw4Fx6,I9zyEumkNRxIzJ9lhMe24gjeuA05krtaF8GygUHD
DboXcHUzjiTnEyfVzMA8hgefX2B7suIPftuPWSyq,neo9uYRJVawyUm1nyXvQrJxwVqapvXp6gVg6kwxr,G0PLr6xT9E96wJTJXQDNB728J4rHnKFKya5jIcwT,BR0isoSnDlgTmIqukAORkXTz6C9ABpEWp1Yw4Fx6,0tSt4SUsOj8fKBL2OwFTAz878S85snjiNnAx7n8z,BR0isoSnDlgTmIqukAORkXTz6C9ABpEWp1Yw4Fx6
neo9uYRJVawyUm1nyXvQrJxwVqapvXp6gVg6kwxr,nOgJEtffp9e3P1qN9pqUrIZB0WQ9VIdptmx5wtia,DboXcHUzjiTnEyfVzMA8hgefX2B7suIPftuPWSyq,0tSt4SUsOj8fKBL2OwFTAz878S85snjiNnAx7n8z,hBG5vMBqkXoKVhe5nKFmfjAVyNoGHSr22VXcrkoN,0tSt4SUsOj8fKBL2OwFTAz878S85snjiNnAx7n8z
G97yzpX8HPnbmrVEC0Aoz2si9mlAiCfZmduqw99n,G97yzpX8HPnbmrVEC0Aoz2si9mlAiCfZmduqw99n,G97yzpX8HPnbmrVEC0Aoz2si9mlAiCfZmduqw99n,hBG5vMBqkXoKVhe5nKFmfjAVyNoGHSr22VXcrkoN,G97yzpX8HPnbmrVEC0Aoz2si9mlAiCfZmduqw99n,G97yzpX8HPnbmrVEC0Aoz2si9mlAiCfZmduqw99n
MOx9AM3J6rnEQQJCSsWfT7wdOetSni3OV0mrNgho,MOx9AM3J6rnEQQJCSsWfT7wdOetSni3OV0mrNgho,MOx9AM3J6rnEQQJCSsWfT7wdOetSni3OV0mrNgho,G0PLr6xT9E96wJTJXQDNB728J4rHnKFKya5jIcwT,MOx9AM3J6rnEQQJCSsWfT7wdOetSni3OV0mrNgho,MOx9AM3J6rnEQQJCSsWfT7wdOetSni3OV0mrNgho
I9zyEumkNRxIzJ9lhMe24gjeuA05krtaF8GygUHD,I9zyEumkNRxIzJ9lhMe24gjeuA05krtaF8GygUHD,I9zyEumkNRxIzJ9lhMe24gjeuA05krtaF8GygUHD,G97yzpX8HPnbmrVEC0Aoz2si9mlAiCfZmduqw99n,I9zyEumkNRxIzJ9lhMe24gjeuA05krtaF8GygUHD,I9zyEumkNRxIzJ9lhMe24gjeuA05krtaF8GygUHD
BR0isoSnDlgTmIqukAORkXTz6C9ABpEWp1Yw4Fx6,BR0isoSnDlgTmIqukAORkXTz6C9ABpEWp1Yw4Fx6,BR0isoSnDlgTmIqukAORkXTz6C9ABpEWp1Yw4Fx6,MOx9AM3J6rnEQQJCSsWfT7wdOetSni3OV0mrNgho,BR0isoSnDlgTmIqukAORkXTz6C9ABpEWp1Yw4Fx6,BR0isoSnDlgTmIqukAORkXTz6C9ABpEWp1Yw4Fx6
0tSt4SUsOj8fKBL2OwFTAz878S85snjiNnAx7n8z,0tSt4SUsOj8fKBL2OwFTAz878S85snjiNnAx7n8z,0tSt4SUsOj8fKBL2OwFTAz878S85snjiNnAx7n8z,I9zyEumkNRxIzJ9lhMe24gjeuA05krtaF8GygUHD,0tSt4SUsOj8fKBL2OwFTAz878S85snjiNnAx7n8z,0tSt4SUsOj8fKBL2OwFTAz878S85snjiNnAx7n8z
hBG5vMBqkXoKVhe5nKFmfjAVyNoGHSr22VXcrkoN,hBG5vMBqkXoKVhe5nKFmfjAVyNoGHSr22VXcrkoN,hBG5vMBqkXoKVhe5nKFmfjAVyNoGHSr22VXcrkoN,BR0isoSnDlgTmIqukAORkXTz6C9ABpEWp1Yw4Fx6,hBG5vMBqkXoKVhe5nKFmfjAVyNoGHSr22VXcrkoN,G97yzpX8HPnbmrVEC0Aoz2si9mlAiCfZmduqw99n
G0PLr6xT9E96wJTJXQDNB728J4rHnKFKya5jIcwT,G0PLr6xT9E96wJTJXQDNB728J4rHnKFKya5jIcwT,G0PLr6xT9E96wJTJXQDNB728J4rHnKFKya5jIcwT,0tSt4SUsOj8fKBL2OwFTAz878S85snjiNnAx7n8z,G97yzpX8HPnbmrVEC0Aoz2si9mlAiCfZmduqw99n,MOx9AM3J6rnEQQJCSsWfT7wdOetSni3OV0mrNgho
DboXcHUzjiTnEyfVzMA8hgefX2B7suIPftuPWSyq,DboXcHUzjiTnEyfVzMA8hgefX2B7suIPftuPWSyq,DboXcHUzjiTnEyfVzMA8hgefX2B7suIPftuPWSyq,hBG5vMBqkXoKVhe5nKFmfjAVyNoGHSr22VXcrkoN,MOx9AM3J6rnEQQJCSsWfT7wdOetSni3OV0mrNgho,I9zyEumkNRxIzJ9lhMe24gjeuA05krtaF8GygUHD
neo9uYRJVawyUm1nyXvQrJxwVqapvXp6gVg6kwxr,neo9uYRJVawyUm1nyXvQrJxwVqapvXp6gVg6kwxr,G97yzpX8HPnbmrVEC0Aoz2si9mlAiCfZmduqw99n,G0PLr6xT9E96wJTJXQDNB728J4rHnKFKya5jIcwT,I9zyEumkNRxIzJ9lhMe24gjeuA05krtaF8GygUHD,BR0isoSnDlgTmIqukAORkXTz6C9ABpEWp1Yw4Fx6
G97yzpX8HPnbmrVEC0Aoz2si9mlAiCfZmduqw99n,nOgJEtffp9e3P1qN9pqUrIZB0WQ9VIdptmx5wtia,MOx9AM3J6rnEQQJCSsWfT7wdOetSni3OV0mrNgho,G97yzpX8HPnbmrVEC0Aoz2si9mlAiCfZmduqw99n,BR0isoSnDlgTmIqukAORkXTz6C9ABpEWp1Yw4Fx6,0tSt4SUsOj8fKBL2OwFTAz878S85snjiNnAx7n8z
MOx9AM3J6rnEQQJCSsWfT7wdOetSni3OV0mrNgho,G97yzpX8HPnbmrVEC0Aoz2si9mlAiCfZmduqw99n,I9zyEumkNRxIzJ9lhMe24gjeuA05krtaF8GygUHD,MOx9AM3J6rnEQQJCSsWfT7wdOetSni3OV0mrNgho,0tSt4SUsOj8fKBL2OwFTAz878S85snjiNnAx7n8z,G97yzpX8HPnbmrVEC0Aoz2si9mlAiCfZmduqw99n
I9zyEumkNRxIzJ9lhMe24gjeuA05krtaF8GygUHD,MOx9AM3J6rnEQQJCSsWfT7wdOetSni3OV0mrNgho,BR0isoSnDlgTmIqukAORkXTz6C9ABpEWp1Yw4Fx6,I9zyEumkNRxIzJ9lhMe24gjeuA05krtaF8GygUHD,hBG5vMBqkXoKVhe5nKFmfjAVyNoGHSr22VXcrkoN,MOx9AM3J6rnEQQJCSsWfT7wdOetSni3OV0mrNgho
BR0isoSnDlgTmIqukAORkXTz6C9ABpEWp1Yw4Fx6,I9zyEumkNRxIzJ9lhMe24gjeuA05krtaF8GygUHD,0tSt4SUsOj8fKBL2OwFTAz878S85snjiNnAx7n8z,BR0isoSnDlgTmIqukAORkXTz6C9ABpEWp1Yw4Fx6,G97yzpX8HPnbmrVEC0Aoz2si9mlAiCfZmduqw99n,I9zyEumkNRxIzJ9lhMe24gjeuA05krtaF8GygUHD
0tSt4SUsOj8fKBL2OwFTAz878S85snjiNnAx7n8z,BR0isoSnDlgTmIqukAORkXTz6C9ABpEWp1Yw4Fx6,hBG5vMBqkXoKVhe5nKFmfjAVyNoGHSr22VXcrkoN,0tSt4SUsOj8fKBL2OwFTAz878S85snjiNnAx7n8z,MOx9AM3J6rnEQQJCSsWfT7wdOetSni3OV0mrNgho,BR0isoSnDlgTmIqukAORkXTz6C9ABpEWp1Yw4Fx6
hBG5vMBqkXoKVhe5nKFmfjAVyNoGHSr22VXcrkoN,0tSt4SUsOj8fKBL2OwFTAz878S85snjiNnAx7n8z,G0PLr6xT9E96wJTJXQDNB728J4rHnKFKya5jIcwT,hBG5vMBqkXoKVhe5nKFmfjAVyNoGHSr22VXcrkoN,I9zyEumkNRxIzJ9lhMe24gjeuA05krtaF8GygUHD,0tSt4SUsOj8fKBL2OwFTAz878S85snjiNnAx7n8z
G0PLr6xT9E96wJTJXQDNB728J4rHnKFKya5jIcwT,hBG5vMBqkXoKVhe5nKFmfjAVyNoGHSr22VXcrkoN,DboXcHUzjiTnEyfVzMA8hgefX2B7suIPftuPWSyq,G0PLr6xT9E96wJTJXQDNB728J4rHnKFKya5jIcwT,BR0isoSnDlgTmIqukAORkXTz6C9ABpEWp1Yw4Fx6,G97yzpX8HPnbmrVEC0Aoz2si9mlAiCfZmduqw99n
DboXcHUzjiTnEyfVzMA8hgefX2B7suIPftuPWSyq,G0PLr6xT9E96wJTJXQDNB728J4rHnKFKya5jIcwT,G97yzpX8HPnbmrVEC0Aoz2si9mlAiCfZmduqw99n,G97yzpX8HPnbmrVEC0Aoz2si9mlAiCfZmduqw99n,0tSt4SUsOj8fKBL2OwFTAz878S85snjiNnAx7n8z,MOx9AM3J6rnEQQJCSsWfT7wdOetSni3OV0mrNgho
neo9uYRJVawyUm1nyXvQrJxwVqapvXp6gVg6kwxr,DboXcHUzjiTnEyfVzMA8hgefX2B7suIPftuPWSyq,MOx9AM3J6rnEQQJCSsWfT7wdOetSni3OV0mrNgho,MOx9AM3J6rnEQQJCSsWfT7wdOetSni3OV0mrNgho,hBG5vMBqkXoKVhe5nKFmfjAVyNoGHSr22VXcrkoN,I9zyEumkNRxIzJ9lhMe24gjeuA05krtaF8GygUHD
G97yzpX8HPnbmrVEC0Aoz2si9mlAiCfZmduqw99n,neo9uYRJVawyUm1nyXvQrJxwVqapvXp6gVg6kwxr,I9zyEumkNRxIzJ9lhMe24gjeuA05krtaF8GygUHD,I9zyEumkNRxIzJ9lhMe24gjeuA05krtaF8GygUHD,G97yzpX8HPnbmrVEC0Aoz2si9mlAiCfZmduqw99n,BR0isoSnDlgTmIqukAORkXTz6C9ABpEWp1Yw4Fx6
MOx9AM3J6rnEQQJCSsWfT7wdOetSni3OV0mrNgho,nOgJEtffp9e3P1qN9pqUrIZB0WQ9VIdptmx5wtia,BR0isoSnDlgTmIqukAORkXTz6C9ABpEWp1Yw4Fx6,BR0isoSnDlgTmIqukAORkXTz6C9ABpEWp1Yw4Fx6,MOx9AM3J6rnEQQJCSsWfT7wdOetSni3OV0mrNgho,0tSt4SUsOj8fKBL2OwFTAz878S85snjiNnAx7n8z
I9zyEumkNRxIzJ9lhMe24gjeuA05krtaF8GygUHD,G97yzpX8HPnbmrVEC0Aoz2si9mlAiCfZmduqw99n,0tSt4SUsOj8fKBL2OwFTAz878S85snjiNnAx7n8z,0tSt4SUsOj8fKBL2OwFTAz878S85snjiNnAx7n8z,I9zyEumkNRxIzJ9lhMe24gjeuA05krtaF8GygUHD,G97yzpX8HPnbmrVEC0Aoz2si9mlAiCfZmduqw99n
BR0isoSnDlgTmIqukAORkXTz6C9ABpEWp1Yw4Fx6,MOx9AM3J6rnEQQJCSsWfT7wdOetSni3OV0mrNgho,hBG5vMBqkXoKVhe5nKFmfjAVyNoGHSr22VXcrkoN,hBG5vMBqkXoKVhe5nKFmfjAVyNoGHSr22VXcrkoN,BR0isoSnDlgTmIqukAORkXTz6C9ABpEWp1Yw4Fx6,MOx9AM3J6rnEQQJCSsWfT7wdOetSni3OV0mrNgho
0tSt4SUsOj8fKBL2OwFTAz878S85snjiNnAx7n8z,I9zyEumkNRxIzJ9lhMe24gjeuA05krtaF8GygUHD,G0PLr6xT9E96wJTJXQDNB728J4rHnKFKya5jIcwT,G0PLr6xT9E96wJTJXQDNB728J4rHnKFKya5jIcwT,0tSt4SUsOj8fKBL2OwFTAz878S85snjiNnAx7n8z,I9zyEumkNRxIzJ9lhMe24gjeuA05krtaF8GygUHD
hBG5vMBqkXoKVhe5nKFmfjAVyNoGHSr22VXcrkoN,BR0isoSnDlgTmIqukAORkXTz6C9ABpEWp1Yw4Fx6,DboXcHUzjiTnEyfVzMA8hgefX2B7suIPftuPWSyq,G97yzpX8HPnbmrVEC0Aoz2si9mlAiCfZmduqw99n,hBG5vMBqkXoKVhe5nKFmfjAVyNoGHSr22VXcrkoN,BR0isoSnDlgTmIqukAORkXTz6C9ABpEWp1Yw4Fx6
G0PLr6xT9E96wJTJXQDNB728J4rHnKFKya5jIcwT,0tSt4SUsOj8fKBL2OwFTAz878S85snjiNnAx7n8z,G97yzpX8HPnbmrVEC0Aoz2si9mlAiCfZmduqw99n,MOx9AM3J6rnEQQJCSsWfT7wdOetSni3OV0mrNgho,G97yzpX8HPnbmrVEC0Aoz2si9mlAiCfZmduqw99n,0tSt4SUsOj8fKBL2OwFTAz878S85snjiNnAx7n8z
DboXcHUzjiTnEyfVzMA8hgefX2B7suIPftuPWSyq,hBG5vMBqkXoKVhe5nKFmfjAVyNoGHSr22VXcrkoN,MOx9AM3J6rnEQQJCSsWfT7wdOetSni3OV0mrNgho,I9zyEumkNRxIzJ9lhMe24gjeuA05krtaF8GygUHD,MOx9AM3J6rnEQQJCSsWfT7wdOetSni3OV0mrNgho,G97yzpX8HPnbmrVEC0Aoz2si9mlAiCfZmduqw99n
neo9uYRJVawyUm1nyXvQrJxwVqapvXp6gVg6kwxr,G0PLr6xT9E96wJTJXQDNB728J4rHnKFKya5jIcwT,I9zyEumkNRxIzJ9lhMe24gjeuA05krtaF8GygUHD,BR0isoSnDlgTmIqukAORkXTz6C9ABpEWp1Yw4Fx6,I9zyEumkNRxIzJ9lhMe24gjeuA05krtaF8GygUHD,MOx9AM3J6rnEQQJCSsWfT7wdOetSni3OV0mrNgho
G97yzpX8HPnbmrVEC0Aoz2si9mlAiCfZmduqw99n,DboXcHUzjiTnEyfVzMA8hgefX2B7suIPftuPWSyq,BR0isoSnDlgTmIqukAORkXTz6C9ABpEWp1Yw4Fx6,0tSt4SUsOj8fKBL2OwFTAz878S85snjiNnAx7n8z,BR0isoSnDlgTmIqukAORkXTz6C9ABpEWp1Yw4Fx6,I9zyEumkNRxIzJ9lhMe24gjeuA05krtaF8GygUHD
MOx9AM3J6rnEQQJCSsWfT7wdOetSni3OV0mrNgho,neo9uYRJVawyUm1nyXvQrJxwVqapvXp6gVg6kwxr,0tSt4SUsOj8fKBL2OwFTAz878S85snjiNnAx7n8z,hBG5vMBqkXoKVhe5nKFmfjAVyNoGHSr22VXcrkoN,0tSt4SUsOj8fKBL2OwFTAz878S85snjiNnAx7n8z,BR0isoSnDlgTmIqukAORkXTz6C9ABpEWp1Yw4Fx6
I9zyEumkNRxIzJ9lhMe24gjeuA05krtaF8GygUHD,nOgJEtffp9e3P1qN9pqUrIZB0WQ9VIdptmx5wtia,hBG5vMBqkXoKVhe5nKFmfjAVyNoGHSr22VXcrkoN,G0PLr6xT9E96wJTJXQDNB728J4rHnKFKya5jIcwT,hBG5vMBqkXoKVhe5nKFmfjAVyNoGHSr22VXcrkoN,0tSt4SUsOj8fKBL2OwFTAz878S85snjiNnAx7n8z
BR0isoSnDlgTmIqukAORkXTz6C9ABpEWp1Yw4Fx6,G97yzpX8HPnbmrVEC0Aoz2si9mlAiCfZmduqw99n,G0PLr6xT9E96wJTJXQDNB728J4rHnKFKya5jIcwT,G97yzpX8HPnbmrVEC0Aoz2si9mlAiCfZmduqw99n,G97yzpX8HPnbmrVEC0Aoz2si9mlAiCfZmduqw99n,G97yzpX8HPnbmrVEC0Aoz2si9mlAiCfZmduqw99n
0tSt4SUsOj8fKBL2OwFTAz878S85snjiNnAx7n8z,MOx9AM3J6rnEQQJCSsWfT7wdOetSni3OV0mrNgho,DboXcHUzjiTnEyfVzMA8hgefX2B7suIPftuPWSyq,MOx9AM3J6rnEQQJCSsWfT7wdOetSni3OV0mrNgho,MOx9AM3J6rnEQQJCSsWfT7wdOetSni3OV0mrNgho,MOx9AM3J6rnEQQJCSsWfT7wdOetSni3OV0mrNgho
hBG5vMBqkXoKVhe5nKFmfjAVyNoGHSr22VXcrkoN,I9zyEumkNRxIzJ9lhMe24gjeuA05krtaF8GygUHD,G97yzpX8HPnbmrVEC0Aoz2si9mlAiCfZmduqw99n,I9zyEumkNRxIzJ9lhMe24gjeuA05krtaF8GygUHD,I9zyEumkNRxIzJ9lhMe24gjeuA05krtaF8GygUHD,I9zyEumkNRxIzJ9lhMe24gjeuA05krtaF8GygUHD
G0PLr6xT9E96wJTJXQDNB728J4rHnKFKya5jIcwT,BR0isoSnDlgTmIqukAORkXTz6C9ABpEWp1Yw4Fx6,MOx9AM3J6rnEQQJCSsWfT7wdOetSni3OV0mrNgho,BR0isoSnDlgTmIqukAORkXTz6C9ABpEWp1Yw4Fx6,BR0isoSnDlgTmIqukAORkXTz6C9ABpEWp1Yw4Fx6,BR0isoSnDlgTmIqukAORkXTz6C9ABpEWp1Yw4Fx6
DboXcHUzjiTnEyfVzMA8hgefX2B7suIPftuPWSyq,0tSt4SUsOj8fKBL2OwFTAz878S85snjiNnAx7n8z,I9zyEumkNRxIzJ9lhMe24gjeuA05krtaF8GygUHD,0tSt4SUsOj8fKBL2OwFTAz878S85snjiNnAx7n8z,0tSt4SUsOj8fKBL2OwFTAz878S85snjiNnAx7n8z,0tSt4SUsOj8fKBL2OwFTAz878S85snjiNnAx7n8z
neo9uYRJVawyUm1nyXvQrJxwVqapvXp6gVg6kwxr,hBG5vMBqkXoKVhe5nKFmfjAVyNoGHSr22VXcrkoN,BR0isoSnDlgTmIqukAORkXTz6C9ABpEWp1Yw4Fx6,hBG5vMBqkXoKVhe5nKFmfjAVyNoGHSr22VXcrkoN,hBG5vMBqkXoKVhe5nKFmfjAVyNoGHSr22VXcrkoN,G97yzpX8HPnbmrVEC0Aoz2si9mlAiCfZmduqw99n
G97yzpX8HPnbmrVEC0Aoz2si9mlAiCfZmduqw99n,G0PLr6xT9E96wJTJXQDNB728J4rHnKFKya5jIcwT,0tSt4SUsOj8fKBL2OwFTAz878S85snjiNnAx7n8z,G0PLr6xT9E96wJTJXQDNB728J4rHnKFKya5jIcwT,G97yzpX8HPnbmrVEC0Aoz2si9mlAiCfZmduqw99n,MOx9AM3J6rnEQQJCSsWfT7wdOetSni3OV0mrNgho
MOx9AM3J6rnEQQJCSsWfT7wdOetSni3OV0mrNgho,DboXcHUzjiTnEyfVzMA8hgefX2B7suIPftuPWSyq,hBG5vMBqkXoKVhe5nKFmfjAVyNoGHSr22VXcrkoN,G97yzpX8HPnbmrVEC0Aoz2si9mlAiCfZmduqw99n,MOx9AM3J6rnEQQJCSsWfT7wdOetSni3OV0mrNgho,I9zyEumkNRxIzJ9lhMe24gjeuA05krtaF8GygUHD
I9zyEumkNRxIzJ9lhMe24gjeuA05krtaF8GygUHD,neo9uYRJVawyUm1nyXvQrJxwVqapvXp6gVg6kwxr,G0PLr6xT9E96wJTJXQDNB728J4rHnKFKya5jIcwT,MOx9AM3J6rnEQQJCSsWfT7wdOetSni3OV0mrNgho,I9zyEumkNRxIzJ9lhMe24gjeuA05krtaF8GygUHD,BR0isoSnDlgTmIqukAORkXTz6C9ABpEWp1Yw4Fx6
BR0isoSnDlgTmIqukAORkXTz6C9ABpEWp1Yw4Fx6,nOgJEtffp9e3P1qN9pqUrIZB0WQ9VIdptmx5wtia,DboXcHUzjiTnEyfVzMA8hgefX2B7suIPftuPWSyq,I9zyEumkNRxIzJ9lhMe24gjeuA05krtaF8GygUHD,BR0isoSnDlgTmIqukAORkXTz6C9ABpEWp1Yw4Fx6,0tSt4SUsOj8fKBL2OwFTAz878S85snjiNnAx7n8z
0tSt4SUsOj8fKBL2OwFTAz878S85snjiNnAx7n8z,G97yzpX8HPnbmrVEC0Aoz2si9mlAiCfZmduqw99n,G97yzpX8HPnbmrVEC0Aoz2si9mlAiCfZmduqw99n,BR0isoSnDlgTmIqukAORkXTz6C9ABpEWp1Yw4Fx6,0tSt4SUsOj8fKBL2OwFTAz878S85snjiNnAx7n8z,G97yzpX8HPnbmrVEC0Aoz2si9mlAiCfZmduqw99n
hBG5vMBqkXoKVhe5nKFmfjAVyNoGHSr22VXcrkoN,MOx9AM3J6rnEQQJCSsWfT7wdOetSni3OV0mrNgho,MOx9AM3J6rnEQQJCSsWfT7wdOetSni3OV0mrNgho,0tSt4SUsOj8fKBL2OwFTAz878S85snjiNnAx7n8z,hBG5vMBqkXoKVhe5nKFmfjAVyNoGHSr22VXcrkoN,MOx9AM3J6rnEQQJCSsWfT7wdOetSni3OV0mrNgho
G0PLr6xT9E96wJTJXQDNB728J4rHnKFKya5jIcwT,I9zyEumkNRxIzJ9lhMe24gjeuA05krtaF8GygUHD,I9zyEumkNRxIzJ9lhMe24gjeuA05krtaF8GygUHD,hBG5vMBqkXoKVhe5nKFmfjAVyNoGHSr22VXcrkoN,G97yzpX8HPnbmrVEC0Aoz2si9mlAiCfZmduqw99n,I9zyEumkNRxIzJ9lhMe24gjeuA05krtaF8GygUHD
DboXcHUzjiTnEyfVzMA8hgefX2B7suIPftuPWSyq,BR0isoSnDlgTmIqukAORkXTz6C9ABpEWp1Yw4Fx6,BR0isoSnDlgTmIqukAORkXTz6C9ABpEWp1Yw4Fx6,G0PLr6xT9E96wJTJXQDNB728J4rHnKFKya5jIcwT,MOx9AM3J6rnEQQJCSsWfT7wdOetSni3OV0mrNgho,BR0isoSnDlgTmIqukAORkXTz6C9ABpEWp1Yw4Fx6
neo9uYRJVawyUm1nyXvQrJxwVqapvXp6gVg6kwxr,0tSt4SUsOj8fKBL2OwFTAz878S85snjiNnAx7n8z,0tSt4SUsOj8fKBL2OwFTAz878S85snjiNnAx7n8z,G97yzpX8HPnbmrVEC0Aoz2si9mlAiCfZmduqw99n,I9zyEumkNRxIzJ9lhMe24gjeuA05krtaF8GygUHD,0tSt4SUsOj8fKBL2OwFTAz878S85snjiNnAx7n8z
G97yzpX8HPnbmrVEC0Aoz2si9mlAiCfZmduqw99n,hBG5vMBqkXoKVhe5nKFmfjAVyNoGHSr22VXcrkoN,hBG5vMBqkXoKVhe5nKFmfjAVyNoGHSr22VXcrkoN,MOx9AM3J6rnEQQJCSsWfT7wdOetSni3OV0mrNgho,BR0isoSnDlgTmIqukAORkXTz6C9ABpEWp1Yw4Fx6,G97yzpX8HPnbmrVEC0Aoz2si9mlAiCfZmduqw99n
MOx9AM3J6rnEQQJCSsWfT7wdOetSni3OV0mrNgho,G0PLr6xT9E96wJTJXQDNB728J4rHnKFKya5jIcwT,G0PLr6xT9E96wJTJXQDNB728J4rHnKFKya5jIcwT,I9zyEumkNRxIzJ9lhMe24gjeuA05krtaF8GygUHD,0tSt4SUsOj8fKBL2OwFTAz878S85snjiNnAx7n8z,MOx9AM3J6rnEQQJCSsWfT7wdOetSni3OV0mrNgho
I9zyEumkNRxIzJ9lhMe24gjeuA05krtaF8GygUHD,DboXcHUzjiTnEyfVzMA8hgefX2B7suIPftuPWSyq,DboXcHUzjiTnEyfVzMA8hgefX2B7suIPftuPWSyq,BR0isoSnDlgTmIqukAORkXTz6C9ABpEWp1Yw4Fx6,hBG5vMBqkXoKVhe5nKFmfjAVyNoGHSr22VXcrkoN,I9zyEumkNRxIzJ9lhMe24gjeuA05krtaF8GygUHD
BR0isoSnDlgTmIqukAORkXTz6C9ABpEWp1Yw4Fx6,neo9uYRJVawyUm1nyXvQrJxwVqapvXp6gVg6kwxr,G97yzpX8HPnbmrVEC0Aoz2si9mlAiCfZmduqw99n,0tSt4SUsOj8fKBL2OwFTAz878S85snjiNnAx7n8z,G97yzpX8HPnbmrVEC0Aoz2si9mlAiCfZmduqw99n,BR0isoSnDlgTmIqukAORkXTz6C9ABpEWp1Yw4Fx6
0tSt4SUsOj8fKBL2OwFTAz878S85snjiNnAx7n8z,nOgJEtffp9e3P1qN9pqUrIZB0WQ9VIdptmx5wtia,MOx9AM3J6rnEQQJCSsWfT7wdOetSni3OV0mrNgho,hBG5vMBqkXoKVhe5nKFmfjAVyNoGHSr22VXcrkoN,MOx9AM3J6rnEQQJCSsWfT7wdOetSni3OV0mrNgho,0tSt4SUsOj8fKBL2OwFTAz878S85snjiNnAx7n8z
hBG5vMBqkXoKVhe5nKFmfjAVyNoGHSr22VXcrkoN,G97yzpX8HPnbmrVEC0Aoz2si9mlAiCfZmduqw99n,I9zyEumkNRxIzJ9lhMe24gjeuA05krtaF8GygUHD,G0PLr6xT9E96wJTJXQDNB728J4rHnKFKya5jIcwT,I9zyEumkNRxIzJ9lhMe24gjeuA05krtaF8GygUHD,G97yzpX8HPnbmrVEC0Aoz2si9mlAiCfZmduqw99n
G0PLr6xT9E96wJTJXQDNB728J4rHnKFKya5jIcwT,MOx9AM3J6rnEQQJCSsWfT7wdOetSni3OV0mrNgho,BR0isoSnDlgTmIqukAORkXTz6C9ABpEWp1Yw4Fx6,G97yzpX8HPnbmrVEC0Aoz2si9mlAiCfZmduqw99n,BR0isoSnDlgTmIqukAORkXTz6C9ABpEWp1Yw4Fx6,MOx9AM3J6rnEQQJCSsWfT7wdOetSni3OV0mrNgho
DboXcHUzjiTnEyfVzMA8hgefX2B7suIPftuPWSyq,I9zyEumkNRxIzJ9lhMe24gjeuA05krtaF8GygUHD,0tSt4SUsOj8fKBL2OwFTAz878S85snjiNnAx7n8z,MOx9AM3J6rnEQQJCSsWfT7wdOetSni3OV0mrNgho,0tSt4SUsOj8fKBL2OwFTAz878S85snjiNnAx7n8z,I9zyEumkNRxIzJ9lhMe24gjeuA05krtaF8GygUHD
neo9uYRJVawyUm1nyXvQrJxwVqapvXp6gVg6kwxr,BR0isoSnDlgTmIqukAORkXTz6C9ABpEWp1Yw4Fx6,hBG5vMBqkXoKVhe5nKFmfjAVyNoGHSr22VXcrkoN,I9zyEumkNRxIzJ9lhMe24gjeuA05krtaF8GygUHD,hBG5vMBqkXoKVhe5nKFmfjAVyNoGHSr22VXcrkoN,BR0isoSnDlgTmIqukAORkXTz6C9ABpEWp1Yw4Fx6
G97yzpX8HPnbmrVEC0Aoz2si9mlAiCfZmduqw99n,0tSt4SUsOj8fKBL2OwFTAz878S85snjiNnAx7n8z,G0PLr6xT9E96wJTJXQDNB728J4rHnKFKya5jIcwT,BR0isoSnDlgTmIqukAORkXTz6C9ABpEWp1Yw4Fx6,G97yzpX8HPnbmrVEC0Aoz2si9mlAiCfZmduqw99n,0tSt4SUsOj8fKBL2OwFTAz878S85snjiNnAx7n8z
MOx9AM3J6rnEQQJCSsWfT7wdOetSni3OV0mrNgho,hBG5vMBqkXoKVhe5nKFmfjAVyNoGHSr22VXcrkoN,DboXcHUzjiTnEyfVzMA8hgefX2B7suIPftuPWSyq,0tSt4SUsOj8fKBL2OwFTAz878S85snjiNnAx7n8z,MOx9AM3J6rnEQQJCSsWfT7wdOetSni3OV0mrNgho,G97yzpX8HPnbmrVEC0Aoz2si9mlAiCfZmduqw99n
I9zyEumkNRxIzJ9lhMe24gjeuA05krtaF8GygUHD,G0PLr6xT9E96wJTJXQDNB728J4rHnKFKya5jIcwT,G97yzpX8HPnbmrVEC0Aoz2si9mlAiCfZmduqw99n,hBG5vMBqkXoKVhe5nKFmfjAVyNoGHSr22VXcrkoN,I9zyEumkNRxIzJ9lhMe24gjeuA05krtaF8GygUHD,MOx9AM3J6rnEQQJCSsWfT7wdOetSni3OV0mrNgho
BR0isoSnDlgTmIqukAORkXTz6C9ABpEWp1Yw4Fx6,DboXcHUzjiTnEyfVzMA8hgefX2B7suIPftuPWSyq,MOx9AM3J6rnEQQJCSsWfT7wdOetSni3OV0mrNgho,G0PLr6xT9E96wJTJXQDNB728J4rHnKFKya5jIcwT,BR0isoSnDlgTmIqukAORkXTz6C9ABpEWp1Yw4Fx6,I9zyEumkNRxIzJ9lhMe24gjeuA05krtaF8GygUHD
0tSt4SUsOj8fKBL2OwFTAz878S85snjiNnAx7n8z,neo9uYRJVawyUm1nyXvQrJxwVqapvXp6gVg6kwxr,I9zyEumkNRxIzJ9lhMe24gjeuA05krtaF8GygUHD,G97yzpX8HPnbmrVEC0Aoz2si9mlAiCfZmduqw99n,0tSt4SUsOj8fKBL2OwFTAz878S85snjiNnAx7n8z,BR0isoSnDlgTmIqukAORkXTz6C9ABpEWp1Yw4Fx6
hBG5vMBqkXoKVhe5nKFmfjAVyNoGHSr22VXcrkoN,nOgJEtffp9e3P1qN9pqUrIZB0WQ9VIdptmx5wtia,BR0isoSnDlgTmIqukAORkXTz6C9ABpEWp1Yw4Fx6,MOx9AM3J6rnEQQJCSsWfT7wdOetSni3OV0mrNgho,hBG5vMBqkXoKVhe5nKFmfjAVyNoGHSr22VXcrkoN,0tSt4SUsOj8fKBL2OwFTAz878S85snjiNnAx7n8z
G0PLr6xT9E96wJTJXQDNB728J4rHnKFKya5jIcwT,G97yzpX8HPnbmrVEC0Aoz2si9mlAiCfZmduqw99n,0tSt4SUsOj8fKBL2OwFTAz878S85snjiNnAx7n8z,I9zyEumkNRxIzJ9lhMe24gjeuA05krtaF8GygUHD,G97yzpX8HPnbmrVEC0Aoz2si9mlAiCfZmduqw99n,G97yzpX8HPnbmrVEC0Aoz2si9mlAiCfZmduqw99n
DboXcHUzjiTnEyfVzMA8hgefX2B7suIPftuPWSyq,MOx9AM3J6rnEQQJCSsWfT7wdOetSni3OV0mrNgho,hBG5vMBqkXoKVhe5nKFmfjAVyNoGHSr22VXcrkoN,BR0isoSnDlgTmIqukAORkXTz6C9ABpEWp1Yw4Fx6,MOx9AM3J6rnEQQJCSsWfT7wdOetSni3OV0mrNgho,MOx9AM3J6rnEQQJCSsWfT7wdOetSni3OV0mrNgho
neo9uYRJVawyUm1nyXvQrJxwVqapvXp6gVg6kwxr,I9zyEumkNRxIzJ9lhMe24gjeuA05krtaF8GygUHD,G0PLr6xT9E96wJTJXQDNB728J4rHnKFKya5jIcwT,0tSt4SUsOj8fKBL2OwFTAz878S85snjiNnAx7n8z,I9zyEumkNRxIzJ9lhMe24gjeuA05krtaF8GygUHD,I9zyEumkNRxIzJ9lhMe24gjeuA05krtaF8GygUHD
G97yzpX8HPnbmrVEC0Aoz2si9mlAiCfZmduqw99n,BR0isoSnDlgTmIqukAORkXTz6C9ABpEWp1Yw4Fx6,DboXcHUzjiTnEyfVzMA8hgefX2B7suIPftuPWSyq,hBG5vMBqkXoKVhe5nKFmfjAVyNoGHSr22VXcrkoN,BR0isoSnDlgTmIqukAORkXTz6C9ABpEWp1Yw4Fx6,BR0isoSnDlgTmIqukAORkXTz6C9ABpEWp1Yw4Fx6
MOx9AM3J6rnEQQJCSsWfT7wdOetSni3OV0mrNgho,0tSt4SUsOj8fKBL2OwFTAz878S85snjiNnAx7n8z,G97yzpX8HPnbmrVEC0Aoz2si9mlAiCfZmduqw99n,G0PLr6xT9E96wJTJXQDNB728J4rHnKFKya5jIcwT,0tSt4SUsOj8fKBL2OwFTAz878S85snjiNnAx7n8z,0tSt4SUsOj8fKBL2OwFTAz878S85snjiNnAx7n8z
I9zyEumkNRxIzJ9lhMe24gjeuA05krtaF8GygUHD,hBG5vMBqkXoKVhe5nKFmfjAVyNoGHSr22VXcrkoN,MOx9AM3J6rnEQQJCSsWfT7wdOetSni3OV0mrNgho,G97yzpX8HPnbmrVEC0Aoz2si9mlAiCfZmduqw99n,hBG5vMBqkXoKVhe5nKFmfjAVyNoGHSr22VXcrkoN,G97yzpX8HPnbmrVEC0Aoz2si9mlAiCfZmduqw99n
BR0isoSnDlgTmIqukAORkXTz6C9ABpEWp1Yw4Fx6,G0PLr6xT9E96wJTJXQDNB728J4rHnKFKya5jIcwT,I9zyEumkNRxIzJ9lhMe24gjeuA05krtaF8GygUHD,MOx9AM3J6rnEQQJCSsWfT7wdOetSni3OV0mrNgho,G97yzpX8HPnbmrVEC0Aoz2si9mlAiCfZmduqw99n,MOx9AM3J6rnEQQJCSsWfT7wdOetSni3OV0mrNgho
0tSt4SUsOj8fKBL2OwFTAz878S85snjiNnAx7n8z,DboXcHUzjiTnEyfVzMA8hgefX2B7suIPftuPWSyq,BR0isoSnDlgTmIqukAORkXTz6C9ABpEWp1Yw4Fx6,I9zyEumkNRxIzJ9lhMe24gjeuA05krtaF8GygUHD,MOx9AM3J6rnEQQJCSsWfT7wdOetSni3OV0mrNgho,I9zyEumkNRxIzJ9lhMe24gjeuA05krtaF8GygUHD
hBG5vMBqkXoKVhe5nKFmfjAVyNoGHSr22VXcrkoN,neo9uYRJVawyUm1nyXvQrJxwVqapvXp6gVg6kwxr,0tSt4SUsOj8fKBL2OwFTAz878S85snjiNnAx7n8z,BR0isoSnDlgTmIqukAORkXTz6C9ABpEWp1Yw4Fx6,I9zyEumkNRxIzJ9lhMe24gjeuA05krtaF8GygUHD,BR0isoSnDlgTmIqukAORkXTz6C9ABpEWp1Yw4Fx6
G0PLr6xT9E96wJTJXQDNB728J4rHnKFKya5jIcwT,nOgJEtffp9e3P1qN9pqUrIZB0WQ9VIdptmx5wtia,hBG5vMBqkXoKVhe5nKFmfjAVyNoGHSr22VXcrkoN,0tSt4SUsOj8fKBL2OwFTAz878S85snjiNnAx7n8z,BR0isoSnDlgTmIqukAORkXTz6C9ABpEWp1Yw4Fx6,0tSt4SUsOj8fKBL2OwFTAz878S85snjiNnAx7n8z
DboXcHUzjiTnEyfVzMA8hgefX2B7suIPftuPWSyq,G97yzpX8HPnbmrVEC0Aoz2si9mlAiCfZmduqw99n,G0PLr6xT9E96wJTJXQDNB728J4rHnKFKya5jIcwT,hBG5vMBqkXoKVhe5nKFmfjAVyNoGHSr22VXcrkoN,0tSt4SUsOj8fKBL2OwFTAz878S85snjiNnAx7n8z,G97yzpX8HPnbmrVEC0Aoz2si9mlAiCfZmduqw99n
neo9uYRJVawyUm1nyXvQrJxwVqapvXp6gVg6kwxr,MOx9AM3J6rnEQQJCSsWfT7wdOetSni3OV0mrNgho,DboXcHUzjiTnEyfVzMA8hgefX2B7suIPftuPWSyq,G0PLr6xT9E96wJTJXQDNB728J4rHnKFKya5jIcwT,hBG5vMBqkXoKVhe5nKFmfjAVyNoGHSr22VXcrkoN,MOx9AM3J6rnEQQJCSsWfT7wdOetSni3OV0mrNgho
G97yzpX8HPnbmrVEC0Aoz2si9mlAiCfZmduqw99n,I9zyEumkNRxIzJ9lhMe24gjeuA05krtaF8GygUHD,G97yzpX8HPnbmrVEC0Aoz2si9mlAiCfZmduqw99n,G97yzpX8HPnbmrVEC0Aoz2si9mlAiCfZmduqw99n,G97yzpX8HPnbmrVEC0Aoz2si9mlAiCfZmduqw99n,I9zyEumkNRxIzJ9lhMe24gjeuA05krtaF8GygUHD
MOx9AM3J6rnEQQJCSsWfT7wdOetSni3OV0mrNgho,BR0isoSnDlgTmIqukAORkXTz6C9ABpEWp1Yw4Fx6,MOx9AM3J6rnEQQJCSsWfT7wdOetSni3OV0mrNgho,MOx9AM3J6rnEQQJCSsWfT7wdOetSni3OV0mrNgho,MOx9AM3J6rnEQQJCSsWfT7wdOetSni3OV0mrNgho,BR0isoSnDlgTmIqukAORkXTz6C9ABpEWp1Yw4Fx6
I9zyEumkNRxIzJ9lhMe24gjeuA05krtaF8GygUHD,0tSt4SUsOj8fKBL2OwFTAz878S85snjiNnAx7n8z,I9zyEumkNRxIzJ9lhMe24gjeuA05krtaF8GygUHD,I9zyEumkNRxIzJ9lhMe24gjeuA05krtaF8GygUHD,I9zyEumkNRxIzJ9lhMe24gjeuA05krtaF8GygUHD,0tSt4SUsOj8fKBL2OwFTAz878S85snjiNnAx7n8z
BR0isoSnDlgTmIqukAORkXTz6C9ABpEWp1Yw4Fx6,hBG5vMBqkXoKVhe5nKFmfjAVyNoGHSr22VXcrkoN,BR0isoSnDlgTmIqukAORkXTz6C9ABpEWp1Yw4Fx6,BR0isoSnDlgTmIqukAORkXTz6C9ABpEWp1Yw4Fx6,BR0isoSnDlgTmIqukAORkXTz6C9ABpEWp1Yw4Fx6,G97yzpX8HPnbmrVEC0Aoz2si9mlAiCfZmduqw99n
0tSt4SUsOj8fKBL2OwFTAz878S85snjiNnAx7n8z,G0PLr6xT9E96wJTJXQDNB728J4rHnKFKya5jIcwT,0tSt4SUsOj8fKBL2OwFTAz878S85snjiNnAx7n8z,0tSt4SUsOj8fKBL2OwFTAz878S85snjiNnAx7n8z,0tSt4SUsOj8fKBL2OwFTAz878S85snjiNnAx7n8z,MOx9AM3J6rnEQQJCSsWfT7wdOetSni3OV0mrNgho
hBG5vMBqkXoKVhe5nKFmfjAVyNoGHSr22VXcrkoN,DboXcHUzjiTnEyfVzMA8hgefX2B7suIPftuPWSyq,hBG5vMBqkXoKVhe5nKFmfjAVyNoGHSr22VXcrkoN,hBG5vMBqkXoKVhe5nKFmfjAVyNoGHSr22VXcrkoN,hBG5vMBqkXoKVhe5nKFmfjAVyNoGHSr22VXcrkoN,I9zyEumkNRxIzJ9lhMe24gjeuA05krtaF8GygUHD
G0PLr6xT9E96wJTJXQDNB728J4rHnKFKya5jIcwT,neo9uYRJVawyUm1nyXvQrJxwVqapvXp6gVg6kwxr,G0PLr6xT9E96wJTJXQDNB728J4rHnKFKya5jIcwT,G0PLr6xT9E96wJTJXQDNB728J4rHnKFKya5jIcwT,G97yzpX8HPnbmrVEC0Aoz2si9mlAiCfZmduqw99n,BR0isoSnDlgTmIqukAORkXTz6C9ABpEWp1Yw4Fx6
DboXcHUzjiTnEyfVzMA8hgefX2B7suIPftuPWSyq,nOgJEtffp9e3P1qN9pqUrIZB0WQ9VIdptmx5wtia,DboXcHUzjiTnEyfVzMA8hgefX2B7suIPftuPWSyq,G97yzpX8HPnbmrVEC0Aoz2si9mlAiCfZmduqw99n,MOx9AM3J6rnEQQJCSsWfT7wdOetSni3OV0mrNgho,0tSt4SUsOj8fKBL2OwFTAz878S85snjiNnAx7n8z
neo9uYRJVawyUm1nyXvQrJxwVqapvXp6gVg6kwxr,G97yzpX8HPnbmrVEC0Aoz2si9mlAiCfZmduqw99n,G97yzpX8HPnbmrVEC0Aoz2si9mlAiCfZmduqw99n,MOx9AM3J6rnEQQJCSsWfT7wdOetSni3OV0mrNgho,I9zyEumkNRxIzJ9lhMe24gjeuA05krtaF8GygUHD,G97yzpX8HPnbmrVEC0Aoz2si9mlAiCfZmduqw99n
G97yzpX8HPnbmrVEC0Aoz2si9mlAiCfZmduqw99n,MOx9AM3J6rnEQQJCSsWfT7wdOetSni3OV0mrNgho,MOx9AM3J6rnEQQJCSsWfT7wdOetSni3OV0mrNgho,I9zyEumkNRxIzJ9lhMe24gjeuA05krtaF8GygUHD,BR0isoSnDlgTmIqukAORkXTz6C9ABpEWp1Yw4Fx6,MOx9AM3J6rnEQQJCSsWfT7wdOetSni3OV0mrNgho
MOx9AM3J6rnEQQJCSsWfT7wdOetSni3OV0mrNgho,I9zyEumkNRxIzJ9lhMe24gjeuA05krtaF8GygUHD,I9zyEumkNRxIzJ9lhMe24gjeuA05krtaF8GygUHD,BR0isoSnDlgTmIqukAORkXTz6C9ABpEWp1Yw4Fx6,0tSt4SUsOj8fKBL2OwFTAz878S85snjiNnAx7n8z,I9zyEumkNRxIzJ9lhMe24gjeuA05krtaF8GygUHD
I9zyEumkNRxIzJ9lhMe24gjeuA05krtaF8GygUHD,BR0isoSnDlgTmIqukAORkXTz6C9ABpEWp1Yw4Fx6,BR0isoSnDlgTmIqukAORkXTz6C9ABpEWp1Yw4Fx6,0tSt4SUsOj8fKBL2OwFTAz878S85snjiNnAx7n8z,hBG5vMBqkXoKVhe5nKFmfjAVyNoGHSr22VXcrkoN,BR0isoSnDlgTmIqukAORkXTz6C9ABpEWp1Yw4Fx6
BR0isoSnDlgTmIqukAORkXTz6C9ABpEWp1Yw4Fx6,0tSt4SUsOj8fKBL2OwFTAz878S85snjiNnAx7n8z,0tSt4SUsOj8fKBL2OwFTAz878S85snjiNnAx7n8z,hBG5vMBqkXoKVhe5nKFmfjAVyNoGHSr22VXcrkoN,G97yzpX8HPnbmrVEC0Aoz2si9mlAiCfZmduqw99n,0tSt4SUsOj8fKBL2OwFTAz878S85snjiNnAx7n8z
0tSt4SUsOj8fKBL2OwFTAz878S85snjiNnAx7n8z,hBG5vMBqkXoKVhe5nKFmfjAVyNoGHSr22VXcrkoN,hBG5vMBqkXoKVhe5nKFmfjAVyNoGHSr22VXcrkoN,G0PLr6xT9E96wJTJXQDNB728J4rHnKFKya5jIcwT,MOx9AM3J6rnEQQJCSsWfT7wdOetSni3OV0mrNgho,G97yzpX8HPnbmrVEC0Aoz2si9mlAiCfZmduqw99n
hBG5vMBqkXoKVhe5nKFmfjAVyNoGHSr22VXcrkoN,G0PLr6xT9E96wJTJXQDNB728J4rHnKFKya5jIcwT,G0PLr6xT9E96wJTJXQDNB728J4rHnKFKya5jIcwT,G97yzpX8HPnbmrVEC0Aoz2si9mlAiCfZmduqw99n,I9zyEumkNRxIzJ9lhMe24gjeuA05krtaF8GygUHD,MOx9AM3J6rnEQQJCSsWfT7wdOetSni3OV0mrNgho
G0PLr6xT9E96wJTJXQDNB728J4rHnKFKya5jIcwT,DboXcHUzjiTnEyfVzMA8hgefX2B7suIPftuPWSyq,DboXcHUzjiTnEyfVzMA8hgefX2B7suIPftuPWSyq,MOx9AM3J6rnEQQJCSsWfT7wdOetSni3OV0mrNgho,BR0isoSnDlgTmIqukAORkXTz6C9ABpEWp1Yw4Fx6,I9zyEumkNRxIzJ9lhMe24gjeuA05krtaF8GygUHD
DboXcHUzjiTnEyfVzMA8hgefX2B7suIPftuPWSyq,neo9uYRJVawyUm1nyXvQrJxwVqapvXp6gVg6kwxr,G97yzpX8HPnbmrVEC0Aoz2si9mlAiCfZmduqw99n,I9zyEumkNRxIzJ9lhMe24gjeuA05krtaF8GygUHD,0tSt4SUsOj8fKBL2OwFTAz878S85snjiNnAx7n8z,BR0isoSnDlgTmIqukAORkXTz6C9ABpEWp1Yw4Fx6
neo9uYRJVawyUm1nyXvQrJxwVqapvXp6gVg6kwxr,nOgJEtffp9e3P1qN9pqUrIZB0WQ9VIdptmx5wtia,MOx9AM3J6rnEQQJCSsWfT7wdOetSni3OV0mrNgho,BR0isoSnDlgTmIqukAORkXTz6C9ABpEWp1Yw4Fx6,hBG5vMBqkXoKVhe5nKFmfjAVyNoGHSr22VXcrkoN,0tSt4SUsOj8fKBL2OwFTAz878S85snjiNnAx7n8z
G97yzpX8HPnbmrVEC0Aoz2si9mlAiCfZmduqw99n,G97yzpX8HPnbmrVEC0Aoz2si9mlAiCfZmduqw99n,I9zyEumkNRxIzJ9lhMe24gjeuA05krtaF8GygUHD,0tSt4SUsOj8fKBL2OwFTAz878S85snjiNnAx7n8z,G97yzpX8HPnbmrVEC0Aoz2si9mlAiCfZmduqw99n,G97yzpX8HPnbmrVEC0Aoz2si9mlAiCfZmduqw99n
MOx9AM3J6rnEQQJCSsWfT7wdOetSni3OV0mrNgho,MOx9AM3J6rnEQQJCSsWfT7wdOetSni3OV0mrNgho,BR0isoSnDlgTmIqukAORkXTz6C9ABpEWp1Yw4Fx6,hBG5vMBqkXoKVhe5nKFmfjAVyNoGHSr22VXcrkoN,MOx9AM3J6rnEQQJCSsWfT7wdOetSni3OV0mrNgho,MOx9AM3J6rnEQQJCSsWfT7wdOetSni3OV0mrNgho
I9zyEumkNRxIzJ9lhMe24gjeuA05krtaF8GygUHD,I9zyEumkNRxIzJ9lhMe24gjeuA05krtaF8GygUHD,0tSt4SUsOj8fKBL2OwFTAz878S85snjiNnAx7n8z,G0PLr6xT9E96wJTJXQDNB728J4rHnKFKya5jIcwT,I9zyEumkNRxIzJ9lhMe24gjeuA05krtaF8GygUHD,I9zyEumkNRxIzJ9lhMe24gjeuA05krtaF8GygUHD
BR0isoSnDlgTmIqukAORkXTz6C9ABpEWp1Yw4Fx6,BR0isoSnDlgTmIqukAORkXTz6C9ABpEWp1Yw4Fx6,hBG5vMBqkXoKVhe5nKFmfjAVyNoGHSr22VXcrkoN,G97yzpX8HPnbmrVEC0Aoz2si9mlAiCfZmduqw99n,BR0isoSnDlgTmIqukAORkXTz6C9ABpEWp1Yw4Fx6,BR0isoSnDlgTmIqukAORkXTz6C9ABpEWp1Yw4Fx6
0tSt4SUsOj8fKBL2OwFTAz878S85snjiNnAx7n8z,0tSt4SUsOj8fKBL2OwFTAz878S85snjiNnAx7n8z,G0PLr6xT9E96wJTJXQDNB728J4rHnKFKya5jIcwT,MOx9AM3J6rnEQQJCSsWfT7wdOetSni3OV0mrNgho,0tSt4SUsOj8fKBL2OwFTAz878S85snjiNnAx7n8z,0tSt4SUsOj8fKBL2OwFTAz878S85snjiNnAx7n8z
hBG5vMBqkXoKVhe5nKFmfjAVyNoGHSr22VXcrkoN,hBG5vMBqkXoKVhe5nKFmfjAVyNoGHSr22VXcrkoN,DboXcHUzjiTnEyfVzMA8hgefX2B7suIPftuPWSyq,I9zyEumkNRxIzJ9lhMe24gjeuA05krtaF8GygUHD,hBG5vMBqkXoKVhe5nKFmfjAVyNoGHSr22VXcrkoN,G97yzpX8HPnbmrVEC0Aoz2si9mlAiCfZmduqw99n
G0PLr6xT9E96wJTJXQDNB728J4rHnKFKya5jIcwT,G0PLr6xT9E96wJTJXQDNB728J4rHnKFKya5jIcwT,G97yzpX8HPnbmrVEC0Aoz2si9mlAiCfZmduqw99n,BR0isoSnDlgTmIqukAORkXTz6C9ABpEWp1Yw4Fx6,G97yzpX8HPnbmrVEC0Aoz2si9mlAiCfZmduqw99n,MOx9AM3J6rnEQQJCSsWfT7wdOetSni3OV0mrNgho
DboXcHUzjiTnEyfVzMA8hgefX2B7suIPftuPWSyq,DboXcHUzjiTnEyfVzMA8hgefX2B7suIPftuPWSyq,MOx9AM3J6rnEQQJCSsWfT7wdOetSni3OV0mrNgho,0tSt4SUsOj8fKBL2OwFTAz878S85snjiNnAx7n8z,MOx9AM3J6rnEQQJCSsWfT7wdOetSni3OV0mrNgho,I9zyEumkNRxIzJ9lhMe24gjeuA05krtaF8GygUHD
neo9uYRJVawyUm1nyXvQrJxwVqapvXp6gVg6kwxr,neo9uYRJVawyUm1nyXvQrJxwVqapvXp6gVg6kwxr,I9zyEumkNRxIzJ9lhMe24gjeuA05krtaF8GygUHD,hBG5vMBqkXoKVhe5nKFmfjAVyNoGHSr22VXcrkoN,I9zyEumkNRxIzJ9lhMe24gjeuA05krtaF8GygUHD,BR0isoSnDlgTmIqukAORkXTz6C9ABpEWp1Yw4Fx6
G97yzpX8HPnbmrVEC0Aoz2si9mlAiCfZmduqw99n,nOgJEtffp9e3P1qN9pqUrIZB0WQ9VIdptmx5wtia,BR0isoSnDlgTmIqukAORkXTz6C9ABpEWp1Yw4Fx6,G0PLr6xT9E96wJTJXQDNB728J4rHnKFKya5jIcwT,BR0isoSnDlgTmIqukAORkXTz6C9ABpEWp1Yw4Fx6,0tSt4SUsOj8fKBL2OwFTAz878S85snjiNnAx7n8z
MOx9AM3J6rnEQQJCSsWfT7wdOetSni3OV0mrNgho,G97yzpX8HPnbmrVEC0Aoz2si9mlAiCfZmduqw99n,0tSt4SUsOj8fKBL2OwFTAz878S85snjiNnAx7n8z,G97yzpX8HPnbmrVEC0Aoz2si9mlAiCfZmduqw99n,0tSt4SUsOj8fKBL2OwFTAz878S85snjiNnAx7n8z,G97yzpX8HPnbmrVEC0Aoz2si9mlAiCfZmduqw99n
I9zyEumkNRxIzJ9lhMe24gjeuA05krtaF8GygUHD,MOx9AM3J6rnEQQJCSsWfT7wdOetSni3OV0mrNgho,hBG5vMBqkXoKVhe5nKFmfjAVyNoGHSr22VXcrkoN,MOx9AM3J6rnEQQJCSsWfT7wdOetSni3OV0mrNgho,hBG5vMBqkXoKVhe5nKFmfjAVyNoGHSr22VXcrkoN,MOx9AM3J6rnEQQJCSsWfT7wdOetSni3OV0mrNgho
BR0isoSnDlgTmIqukAORkXTz6C9ABpEWp1Yw4Fx6,I9zyEumkNRxIzJ9lhMe24gjeuA05krtaF8GygUHD,G0PLr6xT9E96wJTJXQDNB728J4rHnKFKya5jIcwT,I9zyEumkNRxIzJ9lhMe24gjeuA05krtaF8GygUHD,G97yzpX8HPnbmrVEC0Aoz2si9mlAiCfZmduqw99n,I9zyEumkNRxIzJ9lhMe24gjeuA05krtaF8GygUHD
0tSt4SUsOj8fKBL2OwFTAz878S85snjiNnAx7n8z,BR0isoSnDlgTmIqukAORkXTz6C9ABpEWp1Yw4Fx6,DboXcHUzjiTnEyfVzMA8hgefX2B7suIPftuPWSyq,BR0isoSnDlgTmIqukAORkXTz6C9ABpEWp1Yw4Fx6,MOx9AM3J6rnEQQJCSsWfT7wdOetSni3OV0mrNgho,BR0isoSnDlgTmIqukAORkXTz6C9ABpEWp1Yw4Fx6
hBG5vMBqkXoKVhe5nKFmfjAVyNoGHSr22VXcrkoN,0tSt4SUsOj8fKBL2OwFTAz878S85snjiNnAx7n8z,G97yzpX8HPnbmrVEC0Aoz2si9mlAiCfZmduqw99n,0tSt4SUsOj8fKBL2OwFTAz878S85snjiNnAx7n8z,I9zyEumkNRxIzJ9lhMe24gjeuA05krtaF8GygUHD,0tSt4SUsOj8fKBL2OwFTAz878S85snjiNnAx7n8z
G0PLr6xT9E96wJTJXQDNB728J4rHnKFKya5jIcwT,hBG5vMBqkXoKVhe5nKFmfjAVyNoGHSr22VXcrkoN,MOx9AM3J6rnEQQJCSsWfT7wdOetSni3OV0mrNgho,hBG5vMBqkXoKVhe5nKFmfjAVyNoGHSr22VXcrkoN,BR0isoSnDlgTmIqukAORkXTz6C9ABpEWp1Yw4Fx6,G97yzpX8HPnbmrVEC0Aoz2si9mlAiCfZmduqw99n
DboXcHUzjiTnEyfVzMA8hgefX2B7suIPftuPWSyq,G0PLr6xT9E96wJTJXQDNB728J4rHnKFKya5jIcwT,I9zyEumkNRxIzJ9lhMe24gjeuA05krtaF8GygUHD,G0PLr6xT9E96wJTJXQDNB728J4rHnKFKya5jIcwT,0tSt4SUsOj8fKBL2OwFTAz878S85snjiNnAx7n8z,MOx9AM3J6rnEQQJCSsWfT7wdOetSni3OV0mrNgho
neo9uYRJVawyUm1nyXvQrJxwVqapvXp6gVg6kwxr,DboXcHUzjiTnEyfVzMA8hgefX2B7suIPftuPWSyq,BR0isoSnDlgTmIqukAORkXTz6C9ABpEWp1Yw4Fx6,G97yzpX8HPnbmrVEC0Aoz2si9mlAiCfZmduqw99n,hBG5vMBqkXoKVhe5nKFmfjAVyNoGHSr22VXcrkoN,I9zyEumkNRxIzJ9lhMe24gjeuA05krtaF8GygUHD
G97yzpX8HPnbmrVEC0Aoz2si9mlAiCfZmduqw99n,neo9uYRJVawyUm1nyXvQrJxwVqapvXp6gVg6kwxr,0tSt4SUsOj8fKBL2OwFTAz878S85snjiNnAx7n8z,MOx9AM3J6rnEQQJCSsWfT7wdOetSni3OV0mrNgho,G97yzpX8HPnbmrVEC0Aoz2si9mlAiCfZmduqw99n,BR0isoSnDlgTmIqukAORkXTz6C9ABpEWp1Yw4Fx6
MOx9AM3J6rnEQQJCSsWfT7wdOetSni3OV0mrNgho,nOgJEtffp9e3P1qN9pqUrIZB0WQ9VIdptmx5wtia,hBG5vMBqkXoKVhe5nKFmfjAVyNoGHSr22VXcrkoN,I9zyEumkNRxIzJ9lhMe24gjeuA05krtaF8GygUHD,MOx9AM3J6rnEQQJCSsWfT7wdOetSni3OV0mrNgho,0tSt4SUsOj8fKBL2OwFTAz878S85snjiNnAx7n8z
I9zyEumkNRxIzJ9lhMe24gjeuA05krtaF8GygUHD,G97yzpX8HPnbmrVEC0Aoz2si9mlAiCfZmduqw99n,G0PLr6xT9E96wJTJXQDNB728J4rHnKFKya5jIcwT,BR0isoSnDlgTmIqukAORkXTz6C9ABpEWp1Yw4Fx6,I9zyEumkNRxIzJ9lhMe24gjeuA05krtaF8GygUHD,G97yzpX8HPnbmrVEC0Aoz2si9mlAiCfZmduqw99n
BR0isoSnDlgTmIqukAORkXTz6C9ABpEWp1Yw4Fx6,MOx9AM3J6rnEQQJCSsWfT7wdOetSni3OV0mrNgho,DboXcHUzjiTnEyfVzMA8hgefX2B7suIPftuPWSyq,0tSt4SUsOj8fKBL2OwFTAz878S85snjiNnAx7n8z,BR0isoSnDlgTmIqukAORkXTz6C9ABpEWp1Yw4Fx6,MOx9AM3J6rnEQQJCSsWfT7wdOetSni3OV0mrNgho
0tSt4SUsOj8fKBL2OwFTAz878S85snjiNnAx7n8z,I9zyEumkNRxIzJ9lhMe24gjeuA05krtaF8GygUHD,G97yzpX8HPnbmrVEC0Aoz2si9mlAiCfZmduqw99n,hBG5vMBqkXoKVhe5nKFmfjAVyNoGHSr22VXcrkoN,0tSt4SUsOj8fKBL2OwFTAz878S85snjiNnAx7n8z,I9zyEumkNRxIzJ9lhMe24gjeuA05krtaF8GygUHD
hBG5vMBqkXoKVhe5nKFmfjAVyNoGHSr22VXcrkoN,BR0isoSnDlgTmIqukAORkXTz6C9ABpEWp1Yw4Fx6,MOx9AM3J6rnEQQJCSsWfT7wdOetSni3OV0mrNgho,G0PLr6xT9E96wJTJXQDNB728J4rHnKFKya5jIcwT,hBG5vMBqkXoKVhe5nKFmfjAVyNoGHSr22VXcrkoN,BR0isoSnDlgTmIqukAORkXTz6C9ABpEWp1Yw4Fx6
G0PLr6xT9E96wJTJXQDNB728J4rHnKFKya5jIcwT,0tSt4SUsOj8fKBL2OwFTAz878S85snjiNnAx7n8z,I9zyEumkNRxIzJ9lhMe24gjeuA05krtaF8GygUHD,G97yzpX8HPnbmrVEC0Aoz2si9mlAiCfZmduqw99n,G97yzpX8HPnbmrVEC0Aoz2si9mlAiCfZmduqw99n,0tSt4SUsOj8fKBL2OwFTAz878S85snjiNnAx7n8z
DboXcHUzjiTnEyfVzMA8hgefX2B7suIPftuPWSyq,hBG5vMBqkXoKVhe5nKFmfjAVyNoGHSr22VXcrkoN,BR0isoSnDlgTmIqukAORkXTz6C9ABpEWp1Yw4Fx6,MOx9AM3J6rnEQQJCSsWfT7wdOetSni3OV0mrNgho,MOx9AM3J6rnEQQJCSsWfT7wdOetSni3OV0mrNgho,G97yzpX8HPnbmrVEC0Aoz2si9mlAiCfZmduqw99n
neo9uYRJVawyUm1nyXvQrJxwVqapvXp6gVg6kwxr,G0PLr6xT9E96wJTJXQDNB728J4rHnKFKya5jIcwT,0tSt4SUsOj8fKBL2OwFTAz878S85snjiNnAx7n8z,I9zyEumkNRxIzJ9lhMe24gjeuA05krtaF8GygUHD,I9zyEumkNRxIzJ9lhMe24gjeuA05krtaF8GygUHD,MOx9AM3J6rnEQQJCSsWfT7wdOetSni3OV0mrNgho
G97yzpX8HPnbmrVEC0Aoz2si9mlAiCfZmduqw99n,DboXcHUzjiTnEyfVzMA8hgefX2B7suIPftuPWSyq,hBG5vMBqkXoKVhe5nKFmfjAVyNoGHSr22VXcrkoN,BR0isoSnDlgTmIqukAORkXTz6C9ABpEWp1Yw4Fx6,BR0isoSnDlgTmIqukAORkXTz6C9ABpEWp1Yw4Fx6,I9zyEumkNRxIzJ9lhMe24gjeuA05krtaF8GygUHD
MOx9AM3J6rnEQQJCSsWfT7wdOetSni3OV0mrNgho,neo9uYRJVawyUm1nyXvQrJxwVqapvXp6gVg6kwxr,G0PLr6xT9E96wJTJXQDNB728J4rHnKFKya5jIcwT,0tSt4SUsOj8fKBL2OwFTAz878S85snjiNnAx7n8z,0tSt4SUsOj8fKBL2OwFTAz878S85snjiNnAx7n8z,BR0isoSnDlgTmIqukAORkXTz6C9ABpEWp1Yw4Fx6
I9zyEumkNRxIzJ9lhMe24gjeuA05krtaF8GygUHD,nOgJEtffp9e3P1qN9pqUrIZB0WQ9VIdptmx5wtia,DboXcHUzjiTnEyfVzMA8hgefX2B7suIPftuPWSyq,hBG5vMBqkXoKVhe5nKFmfjAVyNoGHSr22VXcrkoN,hBG5vMBqkXoKVhe5nKFmfjAVyNoGHSr22VXcrkoN,0tSt4SUsOj8fKBL2OwFTAz878S85snjiNnAx7n8z
BR0isoSnDlgTmIqukAORkXTz6C9ABpEWp1Yw4Fx6,G97yzpX8HPnbmrVEC0Aoz2si9mlAiCfZmduqw99n,G97yzpX8HPnbmrVEC0Aoz2si9mlAiCfZmduqw99n,G0PLr6xT9E96wJTJXQDNB728J4rHnKFKya5jIcwT,G97yzpX8HPnbmrVEC0Aoz2si9mlAiCfZmduqw99n,G97yzpX8HPnbmrVEC0Aoz2si9mlAiCfZmduqw99n
0tSt4SUsOj8fKBL2OwFTAz878S85snjiNnAx7n8z,MOx9AM3J6rnEQQJCSsWfT7wdOetSni3OV0mrNgho,MOx9AM3J6rnEQQJCSsWfT7wdOetSni3OV0mrNgho,G97yzpX8HPnbmrVEC0Aoz2si9mlAiCfZmduqw99n,MOx9AM3J6rnEQQJCSsWfT7wdOetSni3OV0mrNgho,MOx9AM3J6rnEQQJCSsWfT7wdOetSni3OV0mrNgho
hBG5vMBqkXoKVhe5nKFmfjAVyNoGHSr22VXcrkoN,I9zyEumkNRxIzJ9lhMe24gjeuA05krtaF8GygUHD,I9zyEumkNRxIzJ9lhMe24gjeuA05krtaF8GygUHD,MOx9AM3J6rnEQQJCSsWfT7wdOetSni3OV0mrNgho,I9zyEumkNRxIzJ9lhMe24gjeuA05krtaF8GygUHD,I9zyEumkNRxIzJ9lhMe24gjeuA05krtaF8GygUHD
G0PLr6xT9E96wJTJXQDNB728J4rHnKFKya5jIcwT,BR0isoSnDlgTmIqukAORkXTz6C9ABpEWp1Yw4Fx6,BR0isoSnDlgTmIqukAORkXTz6C9ABpEWp1Yw4Fx6,I9zyEumkNRxIzJ9lhMe24gjeuA05krtaF8GygUHD,BR0isoSnDlgTmIqukAORkXTz6C9ABpEWp1Yw4Fx6,BR0isoSnDlgTmIqukAORkXTz6C9ABpEWp1Yw4Fx6
DboXcHUzjiTnEyfVzMA8hgefX2B7suIPftuPWSyq,0tSt4SUsOj8fKBL2OwFTAz878S85snjiNnAx7n8z,0tSt4SUsOj8fKBL2OwFTAz878S85snjiNnAx7n8z,BR0isoSnDlgTmIqukAORkXTz6C9ABpEWp1Yw4Fx6,0tSt4SUsOj8fKBL2OwFTAz878S85snjiNnAx7n8z,0tSt4SUsOj8fKBL2OwFTAz878S85snjiNnAx7n8z
neo9uYRJVawyUm1nyXvQrJxwVqapvXp6gVg6kwxr,hBG5vMBqkXoKVhe5nKFmfjAVyNoGHSr22VXcrkoN,hBG5vMBqkXoKVhe5nKFmfjAVyNoGHSr22VXcrkoN,0tSt4SUsOj8fKBL2OwFTAz878S85snjiNnAx7n8z,hBG5vMBqkXoKVhe5nKFmfjAVyNoGHSr22VXcrkoN,G97yzpX8HPnbmrVEC0Aoz2si9mlAiCfZmduqw99n
G97yzpX8HPnbmrVEC0Aoz2si9mlAiCfZmduqw99n,G0PLr6xT9E96wJTJXQDNB728J4rHnKFKya5jIcwT,G0PLr6xT9E96wJTJXQDNB728J4rHnKFKya5jIcwT,hBG5vMBqkXoKVhe5nKFmfjAVyNoGHSr22VXcrkoN,G97yzpX8HPnbmrVEC0Aoz2si9mlAiCfZmduqw99n,MOx9AM3J6rnEQQJCSsWfT7wdOetSni3OV0mrNgho
MOx9AM3J6rnEQQJCSsWfT7wdOetSni3OV0mrNgho,DboXcHUzjiTnEyfVzMA8hgefX2B7suIPftuPWSyq,DboXcHUzjiTnEyfVzMA8hgefX2B7suIPftuPWSyq,G0PLr6xT9E96wJTJXQDNB728J4rHnKFKya5jIcwT,MOx9AM3J6rnEQQJCSsWfT7wdOetSni3OV0mrNgho,I9zyEumkNRxIzJ9lhMe24gjeuA05krtaF8GygUHD
I9zyEumkNRxIzJ9lhMe24gjeuA05krtaF8GygUHD,neo9uYRJVawyUm1nyXvQrJxwVqapvXp6gVg6kwxr,G97yzpX8HPnbmrVEC0Aoz2si9mlAiCfZmduqw99n,G97yzpX8HPnbmrVEC0Aoz2si9mlAiCfZmduqw99n,I9zyEumkNRxIzJ9lhMe24gjeuA05krtaF8GygUHD,BR0isoSnDlgTmIqukAORkXTz6C9ABpEWp1Yw4Fx6
BR0isoSnDlgTmIqukAORkXTz6C9ABpEWp1Yw4Fx6,nOgJEtffp9e3P1qN9pqUrIZB0WQ9VIdptmx5wtia,MOx9AM3J6rnEQQJCSsWfT7wdOetSni3OV0mrNgho,MOx9AM3J6rnEQQJCSsWfT7wdOetSni3OV0mrNgho,BR0isoSnDlgTmIqukAORkXTz6C9ABpEWp1Yw4Fx6,0tSt4SUsOj8fKBL2OwFTAz878S85snjiNnAx7n8z
0tSt4SUsOj8fKBL2OwFTAz878S85snjiNnAx7n8z,G97yzpX8HPnbmrVEC0Aoz2si9mlAiCfZmduqw99n,I9zyEumkNRxIzJ9lhMe24gjeuA05krtaF8GygUHD,I9zyEumkNRxIzJ9lhMe24gjeuA05krtaF8GygUHD,0tSt4SUsOj8fKBL2OwFTAz878S85snjiNnAx7n8z,G97yzpX8HPnbmrVEC0Aoz2si9mlAiCfZmduqw99n
hBG5vMBqkXoKVhe5nKFmfjAVyNoGHSr22VXcrkoN,MOx9AM3J6rnEQQJCSsWfT7wdOetSni3OV0mrNgho,BR0isoSnDlgTmIqukAORkXTz6C9ABpEWp1Yw4Fx6,BR0isoSnDlgTmIqukAORkXTz6C9ABpEWp1Yw4Fx6,hBG5vMBqkXoKVhe5nKFmfjAVyNoGHSr22VXcrkoN,MOx9AM3J6rnEQQJCSsWfT7wdOetSni3OV0mrNgho
G0PLr6xT9E96wJTJXQDNB728J4rHnKFKya5jIcwT,I9zyEumkNRxIzJ9lhMe24gjeuA05krtaF8GygUHD,0tSt4SUsOj8fKBL2OwFTAz878S85snjiNnAx7n8z,0tSt4SUsOj8fKBL2OwFTAz878S85snjiNnAx7n8z,G97yzpX8HPnbmrVEC0Aoz2si9mlAiCfZmduqw99n,I9zyEumkNRxIzJ9lhMe24gjeuA05krtaF8GygUHD
DboXcHUzjiTnEyfVzMA8hgefX2B7suIPftuPWSyq,BR0isoSnDlgTmIqukAORkXTz6C9ABpEWp1Yw4Fx6,hBG5vMBqkXoKVhe5nKFmfjAVyNoGHSr22VXcrkoN,hBG5vMBqkXoKVhe5nKFmfjAVyNoGHSr22VXcrkoN,MOx9AM3J6rnEQQJCSsWfT7wdOetSni3OV0mrNgho,BR0isoSnDlgTmIqukAORkXTz6C9ABpEWp1Yw4Fx6
neo9uYRJVawyUm1nyXvQrJxwVqapvXp6gVg6kwxr,0tSt4SUsOj8fKBL2OwFTAz878S85snjiNnAx7n8z,G0PLr6xT9E96wJTJXQDNB728J4rHnKFKya5jIcwT,G0PLr6xT9E96wJTJXQDNB728J4rHnKFKya5jIcwT,I9zyEumkNRxIzJ9lhMe24gjeuA05krtaF8GygUHD,0tSt4SUsOj8fKBL2OwFTAz878S85snjiNnAx7n8z
G97yzpX8HPnbmrVEC0Aoz2si9mlAiCfZmduqw99n,hBG5vMBqkXoKVhe5nKFmfjAVyNoGHSr22VXcrkoN,DboXcHUzjiTnEyfVzMA8hgefX2B7suIPftuPWSyq,G97yzpX8HPnbmrVEC0Aoz2si9mlAiCfZmduqw99n,BR0isoSnDlgTmIqukAORkXTz6C9ABpEWp1Yw4Fx6,G97yzpX8HPnbmrVEC0Aoz2si9mlAiCfZmduqw99n
MOx9AM3J6rnEQQJCSsWfT7wdOetSni3OV0mrNgho,G0PLr6xT9E96wJTJXQDNB728J4rHnKFKya5jIcwT,G97yzpX8HPnbmrVEC0Aoz2si9mlAiCfZmduqw99n,MOx9AM3J6rnEQQJCSsWfT7wdOetSni3OV0mrNgho,0tSt4SUsOj8fKBL2OwFTAz878S85snjiNnAx7n8z,MOx9AM3J6rnEQQJCSsWfT7wdOetSni3OV0mrNgho
I9zyEumkNRxIzJ9lhMe24gjeuA05krtaF8GygUHD,DboXcHUzjiTnEyfVzMA8hgefX2B7suIPftuPWSyq,MOx9AM3J6rnEQQJCSsWfT7wdOetSni3OV0mrNgho,I9zyEumkNRxIzJ9lhMe24gjeuA05krtaF8GygUHD,hBG5vMBqkXoKVhe5nKFmfjAVyNoGHSr22VXcrkoN,I9zyEumkNRxIzJ9lhMe24gjeuA05krtaF8GygUHD
BR0isoSnDlgTmIqukAORkXTz6C9ABpEWp1Yw4Fx6,neo9uYRJVawyUm1nyXvQrJxwVqapvXp6gVg6kwxr,I9zyEumkNRxIzJ9lhMe24gjeuA05krtaF8GygUHD,BR0isoSnDlgTmIqukAORkXTz6C9ABpEWp1Yw4Fx6,G97yzpX8HPnbmrVEC0Aoz2si9mlAiCfZmduqw99n,BR0isoSnDlgTmIqukAORkXTz6C9ABpEWp1Yw4Fx6
0tSt4SUsOj8fKBL2OwFTAz878S85snjiNnAx7n8z,nOgJEtffp9e3P1qN9pqUrIZB0WQ9VIdptmx5wtia,BR0isoSnDlgTmIqukAORkXTz6C9ABpEWp1Yw4Fx6,0tSt4SUsOj8fKBL2OwFTAz878S85snjiNnAx7n8z,MOx9AM3J6rnEQQJCSsWfT7wdOetSni3OV0mrNgho,0tSt4SUsOj8fKBL2OwFTAz878S85snjiNnAx7n8z
hBG5vMBqkXoKVhe5nKFmfjAVyNoGHSr22VXcrkoN,G97yzpX8HPnbmrVEC0Aoz2si9mlAiCfZmduqw99n,0tSt4SUsOj8fKBL2OwFTAz878S85snjiNnAx7n8z,hBG5vMBqkXoKVhe5nKFmfjAVyNoGHSr22VXcrkoN,I9zyEumkNRxIzJ9lhMe24gjeuA05krtaF8GygUHD,G97yzpX8HPnbmrVEC0Aoz2si9mlAiCfZmduqw99n
G0PLr6xT9E96wJTJXQDNB728J4rHnKFKya5jIcwT,MOx9AM3J6rnEQQJCSsWfT7wdOetSni3OV0mrNgho,hBG5vMBqkXoKVhe5nKFmfjAVyNoGHSr22VXcrkoN,G0PLr6xT9E96wJTJXQDNB728J4rHnKFKya5jIcwT,BR0isoSnDlgTmIqukAORkXTz6C9ABpEWp1Yw4Fx6,MOx9AM3J6rnEQQJCSsWfT7wdOetSni3OV0mrNgho
DboXcHUzjiTnEyfVzMA8hgefX2B7suIPftuPWSyq,I9zyEumkNRxIzJ9lhMe24gjeuA05krtaF8GygUHD,G0PLr6xT9E96wJTJXQDNB728J4rHnKFKya5jIcwT,G97yzpX8HPnbmrVEC0Aoz2si9mlAiCfZmduqw99n,0tSt4SUsOj8fKBL2OwFTAz878S85snjiNnAx7n8z,I9zyEumkNRxIzJ9lhMe24gjeuA05krtaF8GygUHD
neo9uYRJVawyUm1nyXvQrJxwVqapvXp6gVg6kwxr,BR0isoSnDlgTmIqukAORkXTz6C9ABpEWp1Yw4Fx6,DboXcHUzjiTnEyfVzMA8hgefX2B7suIPftuPWSyq,MOx9AM3J6rnEQQJCSsWfT7wdOetSni3OV0mrNgho,hBG5vMBqkXoKVhe5nKFmfjAVyNoGHSr22VXcrkoN,BR0isoSnDlgTmIqukAORkXTz6C9ABpEWp1Yw4Fx6
G97yzpX8HPnbmrVEC0Aoz2si9mlAiCfZmduqw99n,0tSt4SUsOj8fKBL2OwFTAz878S85snjiNnAx7n8z,G97yzpX8HPnbmrVEC0Aoz2si9mlAiCfZmduqw99n,I9zyEumkNRxIzJ9lhMe24gjeuA05krtaF8GygUHD,G97yzpX8HPnbmrVEC0Aoz2si9mlAiCfZmduqw99n,0tSt4SUsOj8fKBL2OwFTAz878S85snjiNnAx7n8z
MOx9AM3J6rnEQQJCSsWfT7wdOetSni3OV0mrNgho,hBG5vMBqkXoKVhe5nKFmfjAVyNoGHSr22VXcrkoN,MOx9AM3J6rnEQQJCSsWfT7wdOetSni3OV0mrNgho,BR0isoSnDlgTmIqukAORkXTz6C9ABpEWp1Yw4Fx6,MOx9AM3J6rnEQQJCSsWfT7wdOetSni3OV0mrNgho,G97yzpX8HPnbmrVEC0Aoz2si9mlAiCfZmduqw99n
I9zyEumkNRxIzJ9lhMe24gjeuA05krtaF8GygUHD,G0PLr6xT9E96wJTJXQDNB728J4rHnKFKya5jIcwT,I9zyEumkNRxIzJ9lhMe24gjeuA05krtaF8GygUHD,0tSt4SUsOj8fKBL2OwFTAz878S85snjiNnAx7n8z,I9zyEumkNRxIzJ9lhMe24gjeuA05krtaF8GygUHD,MOx9AM3J6rnEQQJCSsWfT7wdOetSni3OV0mrNgho
BR0isoSnDlgTmIqukAORkXTz6C9ABpEWp1Yw4Fx6,DboXcHUzjiTnEyfVzMA8hgefX2B7suIPftuPWSyq,BR0isoSnDlgTmIqukAORkXTz6C9ABpEWp1Yw4Fx6,hBG5vMBqkXoKVhe5nKFmfjAVyNoGHSr22VXcrkoN,BR0isoSnDlgTmIqukAORkXTz6C9ABpEWp1Yw4Fx6,I9zyEumkNRxIzJ9lhMe24gjeuA05krtaF8GygUHD
0tSt4SUsOj8fKBL2OwFTAz878S85snjiNnAx7n8z,neo9uYRJVawyUm1nyXvQrJxwVqapvXp6gVg6kwxr,0tSt4SUsOj8fKBL2OwFTAz878S85snjiNnAx7n8z,G0PLr6xT9E96wJTJXQDNB728J4rHnKFKya5jIcwT,0tSt4SUsOj8fKBL2OwFTAz878S85snjiNnAx7n8z,BR0isoSnDlgTmIqukAORkXTz6C9ABpEWp1Yw4Fx6
hBG5vMBqkXoKVhe5nKFmfjAVyNoGHSr22VXcrkoN,nOgJEtffp9e3P1qN9pqUrIZB0WQ9VIdptmx5wtia,hBG5vMBqkXoKVhe5nKFmfjAVyNoGHSr22VXcrkoN,G97yzpX8HPnbmrVEC0Aoz2si9mlAiCfZmduqw99n,hBG5vMBqkXoKVhe5nKFmfjAVyNoGHSr22VXcrkoN,0tSt4SUsOj8fKBL2OwFTAz878S85snjiNnAx7n8z
G0PLr6xT9E96wJTJXQDNB728J4rHnKFKya5jIcwT,G97yzpX8HPnbmrVEC0Aoz2si9mlAiCfZmduqw99n,G0PLr6xT9E96wJTJXQDNB728J4rHnKFKya5jIcwT,MOx9AM3J6rnEQQJCSsWfT7wdOetSni3OV0mrNgho,G97yzpX8HPnbmrVEC0Aoz2si9mlAiCfZmduqw99n,G97yzpX8HPnbmrVEC0Aoz2si9mlAiCfZmduqw99n
DboXcHUzjiTnEyfVzMA8hgefX2B7suIPftuPWSyq,MOx9AM3J6rnEQQJCSsWfT7wdOetSni3OV0mrNgho,DboXcHUzjiTnEyfVzMA8hgefX2B7suIPftuPWSyq,I9zyEumkNRxIzJ9lhMe24gjeuA05krtaF8GygUHD,MOx9AM3J6rnEQQJCSsWfT7wdOetSni3OV0mrNgho,MOx9AM3J6rnEQQJCSsWfT7wdOetSni3OV0mrNgho
neo9uYRJVawyUm1nyXvQrJxwVqapvXp6gVg6kwxr,I9zyEumkNRxIzJ9lhMe24gjeuA05krtaF8GygUHD,G97yzpX8HPnbmrVEC0Aoz2si9mlAiCfZmduqw99n,BR0isoSnDlgTmIqukAORkXTz6C9ABpEWp1Yw4Fx6,I9zyEumkNRxIzJ9lhMe24gjeuA05krtaF8GygUHD,I9zyEumkNRxIzJ9lhMe24gjeuA05krtaF8GygUHD
G97yzpX8HPnbmrVEC0Aoz2si9mlAiCfZmduqw99n,BR0isoSnDlgTmIqukAORkXTz6C9ABpEWp1Yw4Fx6,MOx9AM3J6rnEQQJCSsWfT7wdOetSni3OV0mrNgho,0tSt4SUsOj8fKBL2OwFTAz878S85snjiNnAx7n8z,BR0isoSnDlgTmIqukAORkXTz6C9ABpEWp1Yw4Fx6,BR0isoSnDlgTmIqukAORkXTz6C9ABpEWp1Yw4Fx6
MOx9AM3J6rnEQQJCSsWfT7wdOetSni3OV0mrNgho,0tSt4SUsOj8fKBL2OwFTAz878S85snjiNnAx7n8z,I9zyEumkNRxIzJ9lhMe24gjeuA05krtaF8GygUHD,hBG5vMBqkXoKVhe5nKFmfjAVyNoGHSr22VXcrkoN,0tSt4SUsOj8fKBL2OwFTAz878S85snjiNnAx7n8z,0tSt4SUsOj8fKBL2OwFTAz878S85snjiNnAx7n8z
I9zyEumkNRxIzJ9lhMe24gjeuA05krtaF8GygUHD,hBG5vMBqkXoKVhe5nKFmfjAVyNoGHSr22VXcrkoN,BR0isoSnDlgTmIqukAORkXTz6C9ABpEWp1Yw4Fx6,G0PLr6xT9E96wJTJXQDNB728J4rHnKFKya5jIcwT,hBG5vMBqkXoKVhe5nKFmfjAVyNoGHSr22VXcrkoN,G97yzpX8HPnbmrVEC0Aoz2si9mlAiCfZmduqw99n
BR0isoSnDlgTmIqukAORkXTz6C9ABpEWp1Yw4Fx6,G0PLr6xT9E96wJTJXQDNB728J4rHnKFKya5jIcwT,0tSt4SUsOj8fKBL2OwFTAz878S85snjiNnAx7n8z,G97yzpX8HPnbmrVEC0Aoz2si9mlAiCfZmduqw99n,G97yzpX8HPnbmrVEC0Aoz2si9mlAiCfZmduqw99n,MOx9AM3J6rnEQQJCSsWfT7wdOetSni3OV0mrNgho
0tSt4SUsOj8fKBL2OwFTAz878S85snjiNnAx7n8z,DboXcHUzjiTnEyfVzMA8hgefX2B7suIPftuPWSyq,hBG5vMBqkXoKVhe5nKFmfjAVyNoGHSr22VXcrkoN,MOx9AM3J6rnEQQJCSsWfT7wdOetSni3OV0mrNgho,MOx9AM3J6rnEQQJCSsWfT7wdOetSni3OV0mrNgho,I9zyEumkNRxIzJ9lhMe24gjeuA05krtaF8GygUHD
hBG5vMBqkXoKVhe5nKFmfjAVyNoGHSr22VXcrkoN,neo9uYRJVawyUm1nyXvQrJxwVqapvXp6gVg6kwxr,G0PLr6xT9E96wJTJXQDNB728J4rHnKFKya5jIcwT,I9zyEumkNRxIzJ9lhMe24gjeuA05krtaF8GygUHD,I9zyEumkNRxIzJ9lhMe24gjeuA05krtaF8GygUHD,BR0isoSnDlgTmIqukAORkXTz6C9ABpEWp1Yw4Fx6
G0PLr6xT9E96wJTJXQDNB728J4rHnKFKya5jIcwT,nOgJEtffp9e3P1qN9pqUrIZB0WQ9VIdptmx5wtia,DboXcHUzjiTnEyfVzMA8hgefX2B7suIPftuPWSyq,BR0isoSnDlgTmIqukAORkXTz6C9ABpEWp1Yw4Fx6,BR0isoSnDlgTmIqukAORkXTz6C9ABpEWp1Yw4Fx6,0tSt4SUsOj8fKBL2OwFTAz878S85snjiNnAx7n8z
DboXcHUzjiTnEyfVzMA8hgefX2B7suIPftuPWSyq,G97yzpX8HPnbmrVEC0Aoz2si9mlAiCfZmduqw99n,G97yzpX8HPnbmrVEC0Aoz2si9mlAiCfZmduqw99n,0tSt4SUsOj8fKBL2OwFTAz878S85snjiNnAx7n8z,0tSt4SUsOj8fKBL2OwFTAz878S85snjiNnAx7n8z,G97yzpX8HPnbmrVEC0Aoz2si9mlAiCfZmduqw99n
neo9uYRJVawyUm1nyXvQrJxwVqapvXp6gVg6kwxr,MOx9AM3J6rnEQQJCSsWfT7wdOetSni3OV0mrNgho,MOx9AM3J6rnEQQJCSsWfT7wdOetSni3OV0mrNgho,hBG5vMBqkXoKVhe5nKFmfjAVyNoGHSr22VXcrkoN,hBG5vMBqkXoKVhe5nKFmfjAVyNoGHSr22VXcrkoN,MOx9AM3J6rnEQQJCSsWfT7wdOetSni3OV0mrNgho
G97yzpX8HPnbmrVEC0Aoz2si9mlAiCfZmduqw99n,I9zyEumkNRxIzJ9lhMe24gjeuA05krtaF8GygUHD,I9zyEumkNRxIzJ9lhMe24gjeuA05krtaF8GygUHD,G0PLr6xT9E96wJTJXQDNB728J4rHnKFKya5jIcwT,G97yzpX8HPnbmrVEC0Aoz2si9mlAiCfZmduqw99n,I9zyEumkNRxIzJ9lhMe24gjeuA05krtaF8GygUHD
MOx9AM3J6rnEQQJCSsWfT7wdOetSni3OV0mrNgho,BR0isoSnDlgTmIqukAORkXTz6C9ABpEWp1Yw4Fx6,BR0isoSnDlgTmIqukAORkXTz6C9ABpEWp1Yw4Fx6,G97yzpX8HPnbmrVEC0Aoz2si9mlAiCfZmduqw99n,MOx9AM3J6rnEQQJCSsWfT7wdOetSni3OV0mrNgho,BR0isoSnDlgTmIqukAORkXTz6C9ABpEWp1Yw4Fx6
I9zyEumkNRxIzJ9lhMe24gjeuA05krtaF8GygUHD,0tSt4SUsOj8fKBL2OwFTAz878S85snjiNnAx7n8z,0tSt4SUsOj8fKBL2OwFTAz878S85snjiNnAx7n8z,MOx9AM3J6rnEQQJCSsWfT7wdOetSni3OV0mrNgho,I9zyEumkNRxIzJ9lhMe24gjeuA05krtaF8GygUHD,0tSt4SUsOj8fKBL2OwFTAz878S85snjiNnAx7n8z
BR0isoSnDlgTmIqukAORkXTz6C9ABpEWp1Yw4Fx6,hBG5vMBqkXoKVhe5nKFmfjAVyNoGHSr22VXcrkoN,hBG5vMBqkXoKVhe5nKFmfjAVyNoGHSr22VXcrkoN,I9zyEumkNRxIzJ9lhMe24gjeuA05krtaF8GygUHD,BR0isoSnDlgTmIqukAORkXTz6C9ABpEWp1Yw4Fx6,G97yzpX8HPnbmrVEC0Aoz2si9mlAiCfZmduqw99n
0tSt4SUsOj8fKBL2OwFTAz878S85snjiNnAx7n8z,G0PLr6xT9E96wJTJXQDNB728J4rHnKFKya5jIcwT,G0PLr6xT9E96wJTJXQDNB728J4rHnKFKya5jIcwT,BR0isoSnDlgTmIqukAORkXTz6C9ABpEWp1Yw4Fx6,0tSt4SUsOj8fKBL2OwFTAz878S85snjiNnAx7n8z,MOx9AM3J6rnEQQJCSsWfT7wdOetSni3OV0mrNgho
hBG5vMBqkXoKVhe5nKFmfjAVyNoGHSr22VXcrkoN,DboXcHUzjiTnEyfVzMA8hgefX2B7suIPftuPWSyq,DboXcHUzjiTnEyfVzMA8hgefX2B7suIPftuPWSyq,0tSt4SUsOj8fKBL2OwFTAz878S85snjiNnAx7n8z,hBG5vMBqkXoKVhe5nKFmfjAVyNoGHSr22VXcrkoN,I9zyEumkNRxIzJ9lhMe24gjeuA05krtaF8GygUHD
G0PLr6xT9E96wJTJXQDNB728J4rHnKFKya5jIcwT,neo9uYRJVawyUm1nyXvQrJxwVqapvXp6gVg6kwxr,G97yzpX8HPnbmrVEC0Aoz2si9mlAiCfZmduqw99n,hBG5vMBqkXoKVhe5nKFmfjAVyNoGHSr22VXcrkoN,G97yzpX8HPnbmrVEC0Aoz2si9mlAiCfZmduqw99n,BR0isoSnDlgTmIqukAORkXTz6C9ABpEWp1Yw4Fx6
DboXcHUzjiTnEyfVzMA8hgefX2B7suIPftuPWSyq,nOgJEtffp9e3P1qN9pqUrIZB0WQ9VIdptmx5wtia,MOx9AM3J6rnEQQJCSsWfT7wdOetSni3OV0mrNgho,G0PLr6xT9E96wJTJXQDNB728J4rHnKFKya5jIcwT,MOx9AM3J6rnEQQJCSsWfT7wdOetSni3OV0mrNgho,0tSt4SUsOj8fKBL2OwFTAz878S85snjiNnAx7n8z
neo9uYRJVawyUm1nyXvQrJxwVqapvXp6gVg6kwxr,G97yzpX8HPnbmrVEC0Aoz2si9mlAiCfZmduqw99n,I9zyEumkNRxIzJ9lhMe24gjeuA05krtaF8GygUHD,G97yzpX8HPnbmrVEC0Aoz2si9mlAiCfZmduqw99n,I9zyEumkNRxIzJ9lhMe24gjeuA05krtaF8GygUHD,G97yzpX8HPnbmrVEC0Aoz2si9mlAiCfZmduqw99n
G97yzpX8HPnbmrVEC0Aoz2si9mlAiCfZmduqw99n,MOx9AM3J6rnEQQJCSsWfT7wdOetSni3OV0mrNgho,BR0isoSnDlgTmIqukAORkXTz6C9ABpEWp1Yw4Fx6,MOx9AM3J6rnEQQJCSsWfT7wdOetSni3OV0mrNgho,BR0isoSnDlgTmIqukAORkXTz6C9ABpEWp1Yw4Fx6,MOx9AM3J6rnEQQJCSsWfT7wdOetSni3OV0mrNgho
MOx9AM3J6rnEQQJCSsWfT7wdOetSni3OV0mrNgho,I9zyEumkNRxIzJ9lhMe24gjeuA05krtaF8GygUHD,0tSt4SUsOj8fKBL2OwFTAz878S85snjiNnAx7n8z,I9zyEumkNRxIzJ9lhMe24gjeuA05krtaF8GygUHD,0tSt4SUsOj8fKBL2OwFTAz878S85snjiNnAx7n8z,I9zyEumkNRxIzJ9lhMe24gjeuA05krtaF8GygUHD
I9zyEumkNRxIzJ9lhMe24gjeuA05krtaF8GygUHD,BR0isoSnDlgTmIqukAORkXTz6C9ABpEWp1Yw4Fx6,hBG5vMBqkXoKVhe5nKFmfjAVyNoGHSr22VXcrkoN,BR0isoSnDlgTmIqukAORkXTz6C9ABpEWp1Yw4Fx6,hBG5vMBqkXoKVhe5nKFmfjAVyNoGHSr22VXcrkoN,BR0isoSnDlgTmIqukAORkXTz6C9ABpEWp1Yw4Fx6
BR0isoSnDlgTmIqukAORkXTz6C9ABpEWp1Yw4Fx6,0tSt4SUsOj8fKBL2OwFTAz878S85snjiNnAx7n8z,G0PLr6xT9E96wJTJXQDNB728J4rHnKFKya5jIcwT,0tSt4SUsOj8fKBL2OwFTAz878S85snjiNnAx7n8z,G97yzpX8HPnbmrVEC0Aoz2si9mlAiCfZmduqw99n,0tSt4SUsOj8fKBL2OwFTAz878S85snjiNnAx7n8z
0tSt4SUsOj8fKBL2OwFTAz878S85snjiNnAx7n8z,hBG5vMBqkXoKVhe5nKFmfjAVyNoGHSr22VXcrkoN,DboXcHUzjiTnEyfVzMA8hgefX2B7suIPftuPWSyq,hBG5vMBqkXoKVhe5nKFmfjAVyNoGHSr22VXcrkoN,MOx9AM3J6rnEQQJCSsWfT7wdOetSni3OV0mrNgho,G97yzpX8HPnbmrVEC0Aoz2si9mlAiCfZmduqw99n
hBG5vMBqkXoKVhe5nKFmfjAVyNoGHSr22VXcrkoN,G0PLr6xT9E96wJTJXQDNB728J4rHnKFKya5jIcwT,G97yzpX8HPnbmrVEC0Aoz2si9mlAiCfZmduqw99n,G0PLr6xT9E96wJTJXQDNB728J4rHnKFKya5jIcwT,I9zyEumkNRxIzJ9lhMe24gjeuA05krtaF8GygUHD,MOx9AM3J6rnEQQJCSsWfT7wdOetSni3OV0mrNgho
G0PLr6xT9E96wJTJXQDNB728J4rHnKFKya5jIcwT,DboXcHUzjiTnEyfVzMA8hgefX2B7suIPftuPWSyq,MOx9AM3J6rnEQQJCSsWfT7wdOetSni3OV0mrNgho,G97yzpX8HPnbmrVEC0Aoz2si9mlAiCfZmduqw99n,BR0isoSnDlgTmIqukAORkXTz6C9ABpEWp1Yw4Fx6,I9zyEumkNRxIzJ9lhMe24gjeuA05krtaF8GygUHD
DboXcHUzjiTnEyfVzMA8hgefX2B7suIPftuPWSyq,neo9uYRJVawyUm1nyXvQrJxwVqapvXp6gVg6kwxr,I9zyEumkNRxIzJ9lhMe24gjeuA05krtaF8GygUHD,MOx9AM3J6rnEQQJCSsWfT7wdOetSni3OV0mrNgho,0tSt4SUsOj8fKBL2OwFTAz878S85snjiNnAx7n8z,BR0isoSnDlgTmIqukAORkXTz6C9ABpEWp1Yw4Fx6
neo9uYRJVawyUm1nyXvQrJxwVqapvXp6gVg6kwxr,nOgJEtffp9e3P1qN9pqUrIZB0WQ9VIdptmx5wtia,BR0isoSnDlgTmIqukAORkXTz6C9ABpEWp1Yw4Fx6,I9zyEumkNRxIzJ9lhMe24gjeuA05krtaF8GygUHD,hBG5vMBqkXoKVhe5nKFmfjAVyNoGHSr22VXcrkoN,0tSt4SUsOj8fKBL2OwFTAz878S85snjiNnAx7n8z
G97yzpX8HPnbmrVEC0Aoz2si9mlAiCfZmduqw99n,G97yzpX8HPnbmrVEC0Aoz2si9mlAiCfZmduqw99n,0tSt4SUsOj8fKBL2OwFTAz878S85snjiNnAx7n8z,BR0isoSnDlgTmIqukAORkXTz6C9ABpEWp1Yw4Fx6,G97yzpX8HPnbmrVEC0Aoz2si9mlAiCfZmduqw99n,G97yzpX8HPnbmrVEC0Aoz2si9mlAiCfZmduqw99n
MOx9AM3J6rnEQQJCSsWfT7wdOetSni3OV0mrNgho,MOx9AM3J6rnEQQJCSsWfT7wdOetSni3OV0mrNgho,hBG5vMBqkXoKVhe5nKFmfjAVyNoGHSr22VXcrkoN,0tSt4SUsOj8fKBL2OwFTAz878S85snjiNnAx7n8z,MOx9AM3J6rnEQQJCSsWfT7wdOetSni3OV0mrNgho,MOx9AM3J6rnEQQJCSsWfT7wdOetSni3OV0mrNgho
I9zyEumkNRxIzJ9lhMe24gjeuA05krtaF8GygUHD,I9zyEumkNRxIzJ9lhMe24gjeuA05krtaF8GygUHD,G0PLr6xT9E96wJTJXQDNB728J4rHnKFKya5jIcwT,hBG5vMBqkXoKVhe5nKFmfjAVyNoGHSr22VXcrkoN,I9zyEumkNRxIzJ9lhMe24gjeuA05krtaF8GygUHD,I9zyEumkNRxIzJ9lhMe24gjeuA05krtaF8GygUHD
BR0isoSnDlgTmIqukAORkXTz6C9ABpEWp1Yw4Fx6,BR0isoSnDlgTmIqukAORkXTz6C9ABpEWp1Yw4Fx6,DboXcHUzjiTnEyfVzMA8hgefX2B7suIPftuPWSyq,G0PLr6xT9E96wJTJXQDNB728J4rHnKFKya5jIcwT,BR0isoSnDlgTmIqukAORkXTz6C9ABpEWp1Yw4Fx6,BR0isoSnDlgTmIqukAORkXTz6C9ABpEWp1Yw4Fx6
0tSt4SUsOj8fKBL2OwFTAz878S85snjiNnAx7n8z,0tSt4SUsOj8fKBL2OwFTAz878S85snjiNnAx7n8z,G97yzpX8HPnbmrVEC0Aoz2si9mlAiCfZmduqw99n,G97yzpX8HPnbmrVEC0Aoz2si9mlAiCfZmduqw99n,0tSt4SUsOj8fKBL2OwFTAz878S85snjiNnAx7n8z,0tSt4SUsOj8fKBL2OwFTAz878S85snjiNnAx7n8z
hBG5vMBqkXoKVhe5nKFmfjAVyNoGHSr22VXcrkoN,hBG5vMBqkXoKVhe5nKFmfjAVyNoGHSr22VXcrkoN,MOx9AM3J6rnEQQJCSsWfT7wdOetSni3OV0mrNgho,MOx9AM3J6rnEQQJCSsWfT7wdOetSni3OV0mrNgho,hBG5vMBqkXoKVhe5nKFmfjAVyNoGHSr22VXcrkoN,G97yzpX8HPnbmrVEC0Aoz2si9mlAiCfZmduqw99n
G0PLr6xT9E96wJTJXQDNB728J4rHnKFKya5jIcwT,G0PLr6xT9E96wJTJXQDNB728J4rHnKFKya5jIcwT,I9zyEumkNRxIzJ9lhMe24gjeuA05krtaF8GygUHD,I9zyEumkNRxIzJ9lhMe24gjeuA05krtaF8GygUHD,G97yzpX8HPnbmrVEC0Aoz2si9mlAiCfZmduqw99n,MOx9AM3J6rnEQQJCSsWfT7wdOetSni3OV0mrNgho
DboXcHUzjiTnEyfVzMA8hgefX2B7suIPftuPWSyq,DboXcHUzjiTnEyfVzMA8hgefX2B7suIPftuPWSyq,BR0isoSnDlgTmIqukAORkXTz6C9ABpEWp1Yw4Fx6,BR0isoSnDlgTmIqukAORkXTz6C9ABpEWp1Yw4Fx6,MOx9AM3J6rnEQQJCSsWfT7wdOetSni3OV0mrNgho,I9zyEumkNRxIzJ9lhMe24gjeuA05krtaF8GygUHD
neo9uYRJVawyUm1nyXvQrJxwVqapvXp6gVg6kwxr,neo9uYRJVawyUm1nyXvQrJxwVqapvXp6gVg6kwxr,0tSt4SUsOj8fKBL2OwFTAz878S85snjiNnAx7n8z,0tSt4SUsOj8fKBL2OwFTAz878S85snjiNnAx7n8z,I9zyEumkNRxIzJ9lhMe24gjeuA05krtaF8GygUHD,BR0isoSnDlgTmIqukAORkXTz6C9ABpEWp1Yw4Fx6
G97yzpX8HPnbmrVEC0Aoz2si9mlAiCfZmduqw99n,nOgJEtffp9e3P1qN9pqUrIZB0WQ9VIdptmx5wtia,hBG5vMBqkXoKVhe5nKFmfjAVyNoGHSr22VXcrkoN,hBG5vMBqkXoKVhe5nKFmfjAVyNoGHSr22VXcrkoN,BR0isoSnDlgTmIqukAORkXTz6C9ABpEWp1Yw4Fx6,0tSt4SUsOj8fKBL2OwFTAz878S85snjiNnAx7n8z
MOx9AM3J6rnEQQJCSsWfT7wdOetSni3OV0mrNgho,G97yzpX8HPnbmrVEC0Aoz2si9mlAiCfZmduqw99n,G0PLr6xT9E96wJTJXQDNB728J4rHnKFKya5jIcwT,G0PLr6xT9E96wJTJXQDNB728J4rHnKFKya5jIcwT,0tSt4SUsOj8fKBL2OwFTAz878S85snjiNnAx7n8z,G97yzpX8HPnbmrVEC0Aoz2si9mlAiCfZmduqw99n
I9zyEumkNRxIzJ9lhMe24gjeuA05krtaF8GygUHD,MOx9AM3J6rnEQQJCSsWfT7wdOetSni3OV0mrNgho,DboXcHUzjiTnEyfVzMA8hgefX2B7suIPftuPWSyq,G97yzpX8HPnbmrVEC0Aoz2si9mlAiCfZmduqw99n,hBG5vMBqkXoKVhe5nKFmfjAVyNoGHSr22VXcrkoN,MOx9AM3J6rnEQQJCSsWfT7wdOetSni3OV0mrNgho
BR0isoSnDlgTmIqukAORkXTz6C9ABpEWp1Yw4Fx6,I9zyEumkNRxIzJ9lhMe24gjeuA05krtaF8GygUHD,G97yzpX8HPnbmrVEC0Aoz2si9mlAiCfZmduqw99n,MOx9AM3J6rnEQQJCSsWfT7wdOetSni3OV0mrNgho,G97yzpX8HPnbmrVEC0Aoz2si9mlAiCfZmduqw99n,I9zyEumkNRxIzJ9lhMe24gjeuA05krtaF8GygUHD
0tSt4SUsOj8fKBL2OwFTAz878S85snjiNnAx7n8z,BR0isoSnDlgTmIqukAORkXTz6C9ABpEWp1Yw4Fx6,MOx9AM3J6rnEQQJCSsWfT7wdOetSni3OV0mrNgho,I9zyEumkNRxIzJ9lhMe24gjeuA05krtaF8GygUHD,MOx9AM3J6rnEQQJCSsWfT7wdOetSni3OV0mrNgho,BR0isoSnDlgTmIqukAORkXTz6C9ABpEWp1Yw4Fx6
hBG5vMBqkXoKVhe5nKFmfjAVyNoGHSr22VXcrkoN,0tSt4SUsOj8fKBL2OwFTAz878S85snjiNnAx7n8z,I9zyEumkNRxIzJ9lhMe24gjeuA05krtaF8GygUHD,BR0isoSnDlgTmIqukAORkXTz6C9ABpEWp1Yw4Fx6,I9zyEumkNRxIzJ9lhMe24gjeuA05krtaF8GygUHD,0tSt4SUsOj8fKBL2OwFTAz878S85snjiNnAx7n8z
G0PLr6xT9E96wJTJXQDNB728J4rHnKFKya5jIcwT,hBG5vMBqkXoKVhe5nKFmfjAVyNoGHSr22VXcrkoN,BR0isoSnDlgTmIqukAORkXTz6C9ABpEWp1Yw4Fx6,0tSt4SUsOj8fKBL2OwFTAz878S85snjiNnAx7n8z,BR0isoSnDlgTmIqukAORkXTz6C9ABpEWp1Yw4Fx6,G97yzpX8HPnbmrVEC0Aoz2si9mlAiCfZmduqw99n
DboXcHUzjiTnEyfVzMA8hgefX2B7suIPftuPWSyq,G0PLr6xT9E96wJTJXQDNB728J4rHnKFKya5jIcwT,0tSt4SUsOj8fKBL2OwFTAz878S85snjiNnAx7n8z,hBG5vMBqkXoKVhe5nKFmfjAVyNoGHSr22VXcrkoN,0tSt4SUsOj8fKBL2OwFTAz878S85snjiNnAx7n8z,MOx9AM3J6rnEQQJCSsWfT7wdOetSni3OV0mrNgho
neo9uYRJVawyUm1nyXvQrJxwVqapvXp6gVg6kwxr,DboXcHUzjiTnEyfVzMA8hgefX2B7suIPftuPWSyq,hBG5vMBqkXoKVhe5nKFmfjAVyNoGHSr22VXcrkoN,G0PLr6xT9E96wJTJXQDNB728J4rHnKFKya5jIcwT,hBG5vMBqkXoKVhe5nKFmfjAVyNoGHSr22VXcrkoN,I9zyEumkNRxIzJ9lhMe24gjeuA05krtaF8GygUHD
G97yzpX8HPnbmrVEC0Aoz2si9mlAiCfZmduqw99n,neo9uYRJVawyUm1nyXvQrJxwVqapvXp6gVg6kwxr,G0PLr6xT9E96wJTJXQDNB728J4rHnKFKya5jIcwT,G97yzpX8HPnbmrVEC0Aoz2si9mlAiCfZmduqw99n,G97yzpX8HPnbmrVEC0Aoz2si9mlAiCfZmduqw99n,BR0isoSnDlgTmIqukAORkXTz6C9ABpEWp1Yw4Fx6
MOx9AM3J6rnEQQJCSsWfT7wdOetSni3OV0mrNgho,nOgJEtffp9e3P1qN9pqUrIZB0WQ9VIdptmx5wtia,DboXcHUzjiTnEyfVzMA8hgefX2B7suIPftuPWSyq,MOx9AM3J6rnEQQJCSsWfT7wdOetSni3OV0mrNgho,MOx9AM3J6rnEQQJCSsWfT7wdOetSni3OV0mrNgho,0tSt4SUsOj8fKBL2OwFTAz878S85snjiNnAx7n8z
I9zyEumkNRxIzJ9lhMe24gjeuA05krtaF8GygUHD,G97yzpX8HPnbmrVEC0Aoz2si9mlAiCfZmduqw99n,G97yzpX8HPnbmrVEC0Aoz2si9mlAiCfZmduqw99n,I9zyEumkNRxIzJ9lhMe24gjeuA05krtaF8GygUHD,I9zyEumkNRxIzJ9lhMe24gjeuA05krtaF8GygUHD,G97yzpX8HPnbmrVEC0Aoz2si9mlAiCfZmduqw99n
BR0isoSnDlgTmIqukAORkXTz6C9ABpEWp1Yw4Fx6,MOx9AM3J6rnEQQJCSsWfT7wdOetSni3OV0mrNgho,MOx9AM3J6rnEQQJCSsWfT7wdOetSni3OV0mrNgho,BR0isoSnDlgTmIqukAORkXTz6C9ABpEWp1Yw4Fx6,BR0isoSnDlgTmIqukAORkXTz6C9ABpEWp1Yw4Fx6,MOx9AM3J6rnEQQJCSsWfT7wdOetSni3OV0mrNgho
0tSt4SUsOj8fKBL2OwFTAz878S85snjiNnAx7n8z,I9zyEumkNRxIzJ9lhMe24gjeuA05krtaF8GygUHD,I9zyEumkNRxIzJ9lhMe24gjeuA05krtaF8GygUHD,0tSt4SUsOj8fKBL2OwFTAz878S85snjiNnAx7n8z,0tSt4SUsOj8fKBL2OwFTAz878S85snjiNnAx7n8z,I9zyEumkNRxIzJ9lhMe24gjeuA05krtaF8GygUHD
hBG5vMBqkXoKVhe5nKFmfjAVyNoGHSr22VXcrkoN,BR0isoSnDlgTmIqukAORkXTz6C9ABpEWp1Yw4Fx6,BR0isoSnDlgTmIqukAORkXTz6C9ABpEWp1Yw4Fx6,hBG5vMBqkXoKVhe5nKFmfjAVyNoGHSr22VXcrkoN,hBG5vMBqkXoKVhe5nKFmfjAVyNoGHSr22VXcrkoN,BR0isoSnDlgTmIqukAORkXTz6C9ABpEWp1Yw4Fx6
G0PLr6xT9E96wJTJXQDNB728J4rHnKFKya5jIcwT,0tSt4SUsOj8fKBL2OwFTAz878S85snjiNnAx7n8z,0tSt4SUsOj8fKBL2OwFTAz878S85snjiNnAx7n8z,G0PLr6xT9E96wJTJXQDNB728J4rHnKFKya5jIcwT,G97yzpX8HPnbmrVEC0Aoz2si9mlAiCfZmduqw99n,0tSt4SUsOj8fKBL2OwFTAz878S85snjiNnAx7n8z
DboXcHUzjiTnEyfVzMA8hgefX2B7suIPftuPWSyq,hBG5vMBqkXoKVhe5nKFmfjAVyNoGHSr22VXcrkoN,hBG5vMBqkXoKVhe5nKFmfjAVyNoGHSr22VXcrkoN,G97yzpX8HPnbmrVEC0Aoz2si9mlAiCfZmduqw99n,MOx9AM3J6rnEQQJCSsWfT7wdOetSni3OV0mrNgho,G97yzpX8HPnbmrVEC0Aoz2si9mlAiCfZmduqw99n
neo9uYRJVawyUm1nyXvQrJxwVqapvXp6gVg6kwxr,G0PLr6xT9E96wJTJXQDNB728J4rHnKFKya5jIcwT,G0PLr6xT9E96wJTJXQDNB728J4rHnKFKya5jIcwT,MOx9AM3J6rnEQQJCSsWfT7wdOetSni3OV0mrNgho,I9zyEumkNRxIzJ9lhMe24gjeuA05krtaF8GygUHD,MOx9AM3J6rnEQQJCSsWfT7wdOetSni3OV0mrNgho
G97yzpX8HPnbmrVEC0Aoz2si9mlAiCfZmduqw99n,DboXcHUzjiTnEyfVzMA8hgefX2B7suIPftuPWSyq,DboXcHUzjiTnEyfVzMA8hgefX2B7suIPftuPWSyq,I9zyEumkNRxIzJ9lhMe24gjeuA05krtaF8GygUHD,BR0isoSnDlgTmIqukAORkXTz6C9ABpEWp1Yw4Fx6,I9zyEumkNRxIzJ9lhMe24gjeuA05krtaF8GygUHD
MOx9AM3J6rnEQQJCSsWfT7wdOetSni3OV0mrNgho,neo9uYRJVawyUm1nyXvQrJxwVqapvXp6gVg6kwxr,G97yzpX8HPnbmrVEC0Aoz2si9mlAiCfZmduqw99n,BR0isoSnDlgTmIqukAORkXTz6C9ABpEWp1Yw4Fx6,0tSt4SUsOj8fKBL2OwFTAz878S85snjiNnAx7n8z,BR0isoSnDlgTmIqukAORkXTz6C9ABpEWp1Yw4Fx6
I9zyEumkNRxIzJ9lhMe24gjeuA05krtaF8GygUHD,nOgJEtffp9e3P1qN9pqUrIZB0WQ9VIdptmx5wtia,MOx9AM3J6rnEQQJCSsWfT7wdOetSni3OV0mrNgho,0tSt4SUsOj8fKBL2OwFTAz878S85snjiNnAx7n8z,hBG5vMBqkXoKVhe5nKFmfjAVyNoGHSr22VXcrkoN,0tSt4SUsOj8fKBL2OwFTAz878S85snjiNnAx7n8z
BR0isoSnDlgTmIqukAORkXTz6C9ABpEWp1Yw4Fx6,G97yzpX8HPnbmrVEC0Aoz2si9mlAiCfZmduqw99n,I9zyEumkNRxIzJ9lhMe24gjeuA05krtaF8GygUHD,hBG5vMBqkXoKVhe5nKFmfjAVyNoGHSr22VXcrkoN,G97yzpX8HPnbmrVEC0Aoz2si9mlAiCfZmduqw99n,G97yzpX8HPnbmrVEC0Aoz2si9mlAiCfZmduqw99n
0tSt4SUsOj8fKBL2OwFTAz878S85snjiNnAx7n8z,MOx9AM3J6rnEQQJCSsWfT7wdOetSni3OV0mrNgho,BR0isoSnDlgTmIqukAORkXTz6C9ABpEWp1Yw4Fx6,G0PLr6xT9E96wJTJXQDNB728J4rHnKFKya5jIcwT,MOx9AM3J6rnEQQJCSsWfT7wdOetSni3OV0mrNgho,MOx9AM3J6rnEQQJCSsWfT7wdOetSni3OV0mrNgho
hBG5vMBqkXoKVhe5nKFmfjAVyNoGHSr22VXcrkoN,I9zyEumkNRxIzJ9lhMe24gjeuA05krtaF8GygUHD,0tSt4SUsOj8fKBL2OwFTAz878S85snjiNnAx7n8z,G97yzpX8HPnbmrVEC0Aoz2si9mlAiCfZmduqw99n,I9zyEumkNRxIzJ9lhMe24gjeuA05krtaF8GygUHD,I9zyEumkNRxIzJ9lhMe24gjeuA05krtaF8GygUHD
G0PLr6xT9E96wJTJXQDNB728J4rHnKFKya5jIcwT,BR0isoSnDlgTmIqukAORkXTz6C9ABpEWp1Yw4Fx6,hBG5vMBqkXoKVhe5nKFmfjAVyNoGHSr22VXcrkoN,MOx9AM3J6rnEQQJCSsWfT7wdOetSni3OV0mrNgho,BR0isoSnDlgTmIqukAORkXTz6C9ABpEWp1Yw4Fx6,BR0isoSnDlgTmIqukAORkXTz6C9ABpEWp1Yw4Fx6
DboXcHUzjiTnEyfVzMA8hgefX2B7suIPftuPWSyq,0tSt4SUsOj8fKBL2OwFTAz878S85snjiNnAx7n8z,G0PLr6xT9E96wJTJXQDNB728J4rHnKFKya5jIcwT,I9zyEumkNRxIzJ9lhMe24gjeuA05krtaF8GygUHD,0tSt4SUsOj8fKBL2OwFTAz878S85snjiNnAx7n8z,0tSt4SUsOj8fKBL2OwFTAz878S85snjiNnAx7n8z
neo9uYRJVawyUm1nyXvQrJxwVqapvXp6gVg6kwxr,hBG5vMBqkXoKVhe5nKFmfjAVyNoGHSr22VXcrkoN,DboXcHUzjiTnEyfVzMA8hgefX2B7suIPftuPWSyq,BR0isoSnDlgTmIqukAORkXTz6C9ABpEWp1Yw4Fx6,hBG5vMBqkXoKVhe5nKFmfjAVyNoGHSr22VXcrkoN,G97yzpX8HPnbmrVEC0Aoz2si9mlAiCfZmduqw99n
G97yzpX8HPnbmrVEC0Aoz2si9mlAiCfZmduqw99n,G0PLr6xT9E96wJTJXQDNB728J4rHnKFKya5jIcwT,G97yzpX8HPnbmrVEC0Aoz2si9mlAiCfZmduqw99n,0tSt4SUsOj8fKBL2OwFTAz878S85snjiNnAx7n8z,G97yzpX8HPnbmrVEC0Aoz2si9mlAiCfZmduqw99n,MOx9AM3J6rnEQQJCSsWfT7wdOetSni3OV0mrNgho
MOx9AM3J6rnEQQJCSsWfT7wdOetSni3OV0mrNgho,DboXcHUzjiTnEyfVzMA8hgefX2B7suIPftuPWSyq,MOx9AM3J6rnEQQJCSsWfT7wdOetSni3OV0mrNgho,hBG5vMBqkXoKVhe5nKFmfjAVyNoGHSr22VXcrkoN,MOx9AM3J6rnEQQJCSsWfT7wdOetSni3OV0mrNgho,I9zyEumkNRxIzJ9lhMe24gjeuA05krtaF8GygUHD
I9zyEumkNRxIzJ9lhMe24gjeuA05krtaF8GygUHD,neo9uYRJVawyUm1nyXvQrJxwVqapvXp6gVg6kwxr,I9zyEumkNRxIzJ9lhMe24gjeuA05krtaF8GygUHD,G0PLr6xT9E96wJTJXQDNB728J4rHnKFKya5jIcwT,I9zyEumkNRxIzJ9lhMe24gjeuA05krtaF8GygUHD,BR0isoSnDlgTmIqukAORkXTz6C9ABpEWp1Yw4Fx6
BR0isoSnDlgTmIqukAORkXTz6C9ABpEWp1Yw4Fx6,nOgJEtffp9e3P1qN9pqUrIZB0WQ9VIdptmx5wtia,BR0isoSnDlgTmIqukAORkXTz6C9ABpEWp1Yw4Fx6,G97yzpX8HPnbmrVEC0Aoz2si9mlAiCfZmduqw99n,BR0isoSnDlgTmIqukAORkXTz6C9ABpEWp1Yw4Fx6,0tSt4SUsOj8fKBL2OwFTAz878S85snjiNnAx7n8z
0tSt4SUsOj8fKBL2OwFTAz878S85snjiNnAx7n8z,G97yzpX8HPnbmrVEC0Aoz2si9mlAiCfZmduqw99n,0tSt4SUsOj8fKBL2OwFTAz878S85snjiNnAx7n8z,MOx9AM3J6rnEQQJCSsWfT7wdOetSni3OV0mrNgho,0tSt4SUsOj8fKBL2OwFTAz878S85snjiNnAx7n8z,G97yzpX8HPnbmrVEC0Aoz2si9mlAiCfZmduqw99n
hBG5vMBqkXoKVhe5nKFmfjAVyNoGHSr22VXcrkoN,MOx9AM3J6rnEQQJCSsWfT7wdOetSni3OV0mrNgho,hBG5vMBqkXoKVhe5nKFmfjAVyNoGHSr22VXcrkoN,I9zyEumkNRxIzJ9lhMe24gjeuA05krtaF8GygUHD,hBG5vMBqkXoKVhe5nKFmfjAVyNoGHSr22VXcrkoN,MOx9AM3J6rnEQQJCSsWfT7wdOetSni3OV0mrNgho
G0PLr6xT9E96wJTJXQDNB728J4rHnKFKya5jIcwT,I9zyEumkNRxIzJ9lhMe24gjeuA05krtaF8GygUHD,G0PLr6xT9E96wJTJXQDNB728J4rHnKFKya5jIcwT,BR0isoSnDlgTmIqukAORkXTz6C9ABpEWp1Yw4Fx6,G97yzpX8HPnbmrVEC0Aoz2si9mlAiCfZmduqw99n,I9zyEumkNRxIzJ9lhMe24gjeuA05krtaF8GygUHD
DboXcHUzjiTnEyfVzMA8hgefX2B7suIPftuPWSyq,BR0isoSnDlgTmIqukAORkXTz6C9ABpEWp1Yw4Fx6,DboXcHUzjiTnEyfVzMA8hgefX2B7suIPftuPWSyq,0tSt4SUsOj8fKBL2OwFTAz878S85snjiNnAx7n8z,MOx9AM3J6rnEQQJCSsWfT7wdOetSni3OV0mrNgho,BR0isoSnDlgTmIqukAORkXTz6C9ABpEWp1Yw4Fx6
neo9uYRJVawyUm1nyXvQrJxwVqapvXp6gVg6kwxr,0tSt4SUsOj8fKBL2OwFTAz878S85snjiNnAx7n8z,G97yzpX8HPnbmrVEC0Aoz2si9mlAiCfZmduqw99n,hBG5vMBqkXoKVhe5nKFmfjAVyNoGHSr22VXcrkoN,I9zyEumkNRxIzJ9lhMe24gjeuA05krtaF8GygUHD,0tSt4SUsOj8fKBL2OwFTAz878S85snjiNnAx7n8z
G97yzpX8HPnbmrVEC0Aoz2si9mlAiCfZmduqw99n,hBG5vMBqkXoKVhe5nKFmfjAVyNoGHSr22VXcrkoN,MOx9AM3J6rnEQQJCSsWfT7wdOetSni3OV0mrNgho,G0PLr6xT9E96wJTJXQDNB728J4rHnKFKya5jIcwT,BR0isoSnDlgTmIqukAORkXTz6C9ABpEWp1Yw4Fx6,G97yzpX8HPnbmrVEC0Aoz2si9mlAiCfZmduqw99n
MOx9AM3J6rnEQQJCSsWfT7wdOetSni3OV0mrNgho,G0PLr6xT9E96wJTJXQDNB728J4rHnKFKya5jIcwT,I9zyEumkNRxIzJ9lhMe24gjeuA05krtaF8GygUHD,G97yzpX8HPnbmrVEC0Aoz2si9mlAiCfZmduqw99n,0tSt4SUsOj8fKBL2OwFTAz878S85snjiNnAx7n8z,MOx9AM3J6rnEQQJCSsWfT7wdOetSni3OV0mrNgho
I9zyEumkNRxIzJ9lhMe24gjeuA05krtaF8GygUHD,DboXcHUzjiTnEyfVzMA8hgefX2B7suIPftuPWSyq,BR0isoSnDlgTmIqukAORkXTz6C9ABpEWp1Yw4Fx6,MOx9AM3J6rnEQQJCSsWfT7wdOetSni3OV0mrNgho,hBG5vMBqkXoKVhe5nKFmfjAVyNoGHSr22VXcrkoN,I9zyEumkNRxIzJ9lhMe24gjeuA05krtaF8GygUHD
BR0isoSnDlgTmIqukAORkXTz6C9ABpEWp1Yw4Fx6,neo9uYRJVawyUm1nyXvQrJxwVqapvXp6gVg6kwxr,0tSt4SUsOj8fKBL2OwFTAz878S85snjiNnAx7n8z,I9zyEumkNRxIzJ9lhMe24gjeuA05krtaF8GygUHD,G97yzpX8HPnbmrVEC0Aoz2si9mlAiCfZmduqw99n,BR0isoSnDlgTmIqukAORkXTz6C9ABpEWp1Yw4Fx6
0tSt4SUsOj8fKBL2OwFTAz878S85snjiNnAx7n8z,nOgJEtffp9e3P1qN9pqUrIZB0WQ9VIdptmx5wtia,hBG5vMBqkXoKVhe5nKFmfjAVyNoGHSr22VXcrkoN,BR0isoSnDlgTmIqukAORkXTz6C9ABpEWp1Yw4Fx6,MOx9AM3J6rnEQQJCSsWfT7wdOetSni3OV0mrNgho,0tSt4SUsOj8fKBL2OwFTAz878S85snjiNnAx7n8z
hBG5vMBqkXoKVhe5nKFmfjAVyNoGHSr22VXcrkoN,G97yzpX8HPnbmrVEC0Aoz2si9mlAiCfZmduqw99n,G0PLr6xT9E96wJTJXQDNB728J4rHnKFKya5jIcwT,0tSt4SUsOj8fKBL2OwFTAz878S85snjiNnAx7n8z,I9zyEumkNRxIzJ9lhMe24gjeuA05krtaF8GygUHD,G97yzpX8HPnbmrVEC0Aoz2si9mlAiCfZmduqw99n
G0PLr6xT9E96wJTJXQDNB728J4rHnKFKya5jIcwT,MOx9AM3J6rnEQQJCSsWfT7wdOetSni3OV0mrNgho,DboXcHUzjiTnEyfVzMA8hgefX2B7suIPftuPWSyq,hBG5vMBqkXoKVhe5nKFmfjAVyNoGHSr22VXcrkoN,BR0isoSnDlgTmIqukAORkXTz6C9ABpEWp1Yw4Fx6,MOx9AM3J6rnEQQJCSsWfT7wdOetSni3OV0mrNgho
DboXcHUzjiTnEyfVzMA8hgefX2B7suIPftuPWSyq,I9zyEumkNRxIzJ9lhMe24gjeuA05krtaF8GygUHD,G97yzpX8HPnbmrVEC0Aoz2si9mlAiCfZmduqw99n,G0PLr6xT9E96wJTJXQDNB728J4rHnKFKya5jIcwT,0tSt4SUsOj8fKBL2OwFTAz878S85snjiNnAx7n8z,I9zyEumkNRxIzJ9lhMe24gjeuA05krtaF8GygUHD
neo9uYRJVawyUm1nyXvQrJxwVqapvXp6gVg6kwxr,BR0isoSnDlgTmIqukAORkXTz6C9ABpEWp1Yw4Fx6,MOx9AM3J6rnEQQJCSsWfT7wdOetSni3OV0mrNgho,G97yzpX8HPnbmrVEC0Aoz2si9mlAiCfZmduqw99n,hBG5vMBqkXoKVhe5nKFmfjAVyNoGHSr22VXcrkoN,BR0isoSnDlgTmIqukAORkXTz6C9ABpEWp1Yw4Fx6
G97yzpX8HPnbmrVEC0Aoz2si9mlAiCfZmduqw99n,0tSt4SUsOj8fKBL2OwFTAz878S85snjiNnAx7n8z,I9zyEumkNRxIzJ9lhMe24gjeuA05krtaF8GygUHD,MOx9AM3J6rnEQQJCSsWfT7wdOetSni3OV0mrNgho,G97yzpX8HPnbmrVEC0Aoz2si9mlAiCfZmduqw99n,0tSt4SUsOj8fKBL2OwFTAz878S85snjiNnAx7n8z
MOx9AM3J6rnEQQJCSsWfT7wdOetSni3OV0mrNgho,hBG5vMBqkXoKVhe5nKFmfjAVyNoGHSr22VXcrkoN,BR0isoSnDlgTmIqukAORkXTz6C9ABpEWp1Yw4Fx6,I9zyEumkNRxIzJ9lhMe24gjeuA05krtaF8GygUHD,MOx9AM3J6rnEQQJCSsWfT7wdOetSni3OV0mrNgho,G97yzpX8HPnbmrVEC0Aoz2si9mlAiCfZmduqw99n
I9zyEumkNRxIzJ9lhMe24gjeuA05krtaF8GygUHD,G0PLr6xT9E96wJTJXQDNB728J4rHnKFKya5jIcwT,0tSt4SUsOj8fKBL2OwFTAz878S85snjiNnAx7n8z,BR0isoSnDlgTmIqukAORkXTz6C9ABpEWp1Yw4Fx6,I9zyEumkNRxIzJ9lhMe24gjeuA05krtaF8GygUHD,MOx9AM3J6rnEQQJCSsWfT7wdOetSni3OV0mrNgho
BR0isoSnDlgTmIqukAORkXTz6C9ABpEWp1Yw4Fx6,DboXcHUzjiTnEyfVzMA8hgefX2B7suIPftuPWSyq,hBG5vMBqkXoKVhe5nKFmfjAVyNoGHSr22VXcrkoN,0tSt4SUsOj8fKBL2OwFTAz878S85snjiNnAx7n8z,BR0isoSnDlgTmIqukAORkXTz6C9ABpEWp1Yw4Fx6,I9zyEumkNRxIzJ9lhMe24gjeuA05krtaF8GygUHD
0tSt4SUsOj8fKBL2OwFTAz878S85snjiNnAx7n8z,neo9uYRJVawyUm1nyXvQrJxwVqapvXp6gVg6kwxr,G0PLr6xT9E96wJTJXQDNB728J4rHnKFKya5jIcwT,hBG5vMBqkXoKVhe5nKFmfjAVyNoGHSr22VXcrkoN,0tSt4SUsOj8fKBL2OwFTAz878S85snjiNnAx7n8z,BR0isoSnDlgTmIqukAORkXTz6C9ABpEWp1Yw4Fx6
hBG5vMBqkXoKVhe5nKFmfjAVyNoGHSr22VXcrkoN,nOgJEtffp9e3P1qN9pqUrIZB0WQ9VIdptmx5wtia,DboXcHUzjiTnEyfVzMA8hgefX2B7suIPftuPWSyq,G0PLr6xT9E96wJTJXQDNB728J4rHnKFKya5jIcwT,hBG5vMBqkXoKVhe5nKFmfjAVyNoGHSr22VXcrkoN,0tSt4SUsOj8fKBL2OwFTAz878S85snjiNnAx7n8z
G0PLr6xT9E96wJTJXQDNB728J4rHnKFKya5jIcwT,G97yzpX8HPnbmrVEC0Aoz2si9mlAiCfZmduqw99n,G97yzpX8HPnbmrVEC0Aoz2si9mlAiCfZmduqw99n,G97yzpX8HPnbmrVEC0Aoz2si9mlAiCfZmduqw99n,G97yzpX8HPnbmrVEC0Aoz2si9mlAiCfZmduqw99n,G97yzpX8HPnbmrVEC0Aoz2si9mlAiCfZmduqw99n
DboXcHUzjiTnEyfVzMA8hgefX2B7suIPftuPWSyq,MOx9AM3J6rnEQQJCSsWfT7wdOetSni3OV0mrNgho,MOx9AM3J6rnEQQJCSsWfT7wdOetSni3OV0mrNgho,MOx9AM3J6rnEQQJCSsWfT7wdOetSni3OV0mrNgho,MOx9AM3J6rnEQQJCSsWfT7wdOetSni3OV0mrNgho,MOx9AM3J6rnEQQJCSsWfT7wdOetSni3OV0mrNgho
neo9uYRJVawyUm1nyXvQrJxwVqapvXp6gVg6kwxr,I9zyEumkNRxIzJ9lhMe24gjeuA05krtaF8GygUHD,I9zyEumkNRxIzJ9lhMe24gjeuA05krtaF8GygUHD,I9zyEumkNRxIzJ9lhMe24gjeuA05krtaF8GygUHD,I9zyEumkNRxIzJ9lhMe24gjeuA05krtaF8GygUHD,I9zyEumkNRxIzJ9lhMe24gjeuA05krtaF8GygUHD
G97yzpX8HPnbmrVEC0Aoz2si9mlAiCfZmduqw99n,BR0isoSnDlgTmIqukAORkXTz6C9ABpEWp1Yw4Fx6,BR0isoSnDlgTmIqukAORkXTz6C9ABpEWp1Yw4Fx6,BR0isoSnDlgTmIqukAORkXTz6C9ABpEWp1Yw4Fx6,BR0isoSnDlgTmIqukAORkXTz6C9ABpEWp1Yw4Fx6,BR0isoSnDlgTmIqukAORkXTz6C9ABpEWp1Yw4Fx6
MOx9AM3J6rnEQQJCSsWfT7wdOetSni3OV0mrNgho,0tSt4SUsOj8fKBL2OwFTAz878S85snjiNnAx7n8z,0tSt4SUsOj8fKBL2OwFTAz878S85snjiNnAx7n8z,0tSt4SUsOj8fKBL2OwFTAz878S85snjiNnAx7n8z,0tSt4SUsOj8fKBL2OwFTAz878S85snjiNnAx7n8z,0tSt4SUsOj8fKBL2OwFTAz878S85snjiNnAx7n8z
I9zyEumkNRxIzJ9lhMe24gjeuA05krtaF8GygUHD,hBG5vMBqkXoKVhe5nKFmfjAVyNoGHSr22VXcrkoN,hBG5vMBqkXoKVhe5nKFmfjAVyNoGHSr22VXcrkoN,hBG5vMBqkXoKVhe5nKFmfjAVyNoGHSr22VXcrkoN,hBG5vMBqkXoKVhe5nKFmfjAVyNoGHSr22VXcrkoN,G97yzpX8HPnbmrVEC0Aoz2si9mlAiCfZmduqw99n
BR0isoSnDlgTmIqukAORkXTz6C9ABpEWp1Yw4Fx6,G0PLr6xT9E96wJTJXQDNB728J4rHnKFKya5jIcwT,G0PLr6xT9E96wJTJXQDNB728J4rHnKFKya5jIcwT,G0PLr6xT9E96wJTJXQDNB728J4rHnKFKya5jIcwT,G97yzpX8HPnbmrVEC0Aoz2si9mlAiCfZmduqw99n,MOx9AM3J6rnEQQJCSsWfT7wdOetSni3OV0mrNgho
0tSt4SUsOj8fKBL2OwFTAz878S85snjiNnAx7n8z,DboXcHUzjiTnEyfVzMA8hgefX2B7suIPftuPWSyq,DboXcHUzjiTnEyfVzMA8hgefX2B7suIPftuPWSyq,G97yzpX8HPnbmrVEC0Aoz2si9mlAiCfZmduqw99n,MOx9AM3J6rnEQQJCSsWfT7wdOetSni3OV0mrNgho,I9zyEumkNRxIzJ9lhMe24gjeuA05krtaF8GygUHD
hBG5vMBqkXoKVhe5nKFmfjAVyNoGHSr22VXcrkoN,neo9uYRJVawyUm1nyXvQrJxwVqapvXp6gVg6kwxr,G97yzpX8HPnbmrVEC0Aoz2si9mlAiCfZmduqw99n,MOx9AM3J6rnEQQJCSsWfT7wdOetSni3OV0mrNgho,I9zyEumkNRxIzJ9lhMe24gjeuA05krtaF8GygUHD,BR0isoSnDlgTmIqukAORkXTz6C9ABpEWp1Yw4Fx6
G0PLr6xT9E96wJTJXQDNB728J4rHnKFKya5jIcwT,nOgJEtffp9e3P1qN9pqUrIZB0WQ9VIdptmx5wtia,MOx9AM3J6rnEQQJCSsWfT7wdOetSni3OV0mrNgho,I9zyEumkNRxIzJ9lhMe24gjeuA05krtaF8GygUHD,BR0isoSnDlgTmIqukAORkXTz6C9ABpEWp1Yw4Fx6,0tSt4SUsOj8fKBL2OwFTAz878S85snjiNnAx7n8z
DboXcHUzjiTnEyfVzMA8hgefX2B7suIPftuPWSyq,G97yzpX8HPnbmrVEC0Aoz2si9mlAiCfZmduqw99n,I9zyEumkNRxIzJ9lhMe24gjeuA05krtaF8GygUHD,BR0isoSnDlgTmIqukAORkXTz6C9ABpEWp1Yw4Fx6,0tSt4SUsOj8fKBL2OwFTAz878S85snjiNnAx7n8z,G97yzpX8HPnbmrVEC0Aoz2si9mlAiCfZmduqw99n
neo9uYRJVawyUm1nyXvQrJxwVqapvXp6gVg6kwxr,MOx9AM3J6rnEQQJCSsWfT7wdOetSni3OV0mrNgho,BR0isoSnDlgTmIqukAORkXTz6C9ABpEWp1Yw4Fx6,0tSt4SUsOj8fKBL2OwFTAz878S85snjiNnAx7n8z,hBG5vMBqkXoKVhe5nKFmfjAVyNoGHSr22VXcrkoN,MOx9AM3J6rnEQQJCSsWfT7wdOetSni3OV0mrNgho
G97yzpX8HPnbmrVEC0Aoz2si9mlAiCfZmduqw99n,I9zyEumkNRxIzJ9lhMe24gjeuA05krtaF8GygUHD,0tSt4SUsOj8fKBL2OwFTAz878S85snjiNnAx7n8z,hBG5vMBqkXoKVhe5nKFmfjAVyNoGHSr22VXcrkoN,G97yzpX8HPnbmrVEC0Aoz2si9mlAiCfZmduqw99n,I9zyEumkNRxIzJ9lhMe24gjeuA05krtaF8GygUHD
MOx9AM3J6rnEQQJCSsWfT7wdOetSni3OV0mrNgho,BR0isoSnDlgTmIqukAORkXTz6C9ABpEWp1Yw4Fx6,hBG5vMBqkXoKVhe5nKFmfjAVyNoGHSr22VXcrkoN,G0PLr6xT9E96wJTJXQDNB728J4rHnKFKya5jIcwT,MOx9AM3J6rnEQQJCSsWfT7wdOetSni3OV0mrNgho,BR0isoSnDlgTmIqukAORkXTz6C9ABpEWp1Yw4Fx6
I9zyEumkNRxIzJ9lhMe24gjeuA05krtaF8GygUHD,0tSt4SUsOj8fKBL2OwFTAz878S85snjiNnAx7n8z,G0PLr6xT9E96wJTJXQDNB728J4rHnKFKya5jIcwT,G97yzpX8HPnbmrVEC0Aoz2si9mlAiCfZmduqw99n,I9zyEumkNRxIzJ9lhMe24gjeuA05krtaF8GygUHD,0tSt4SUsOj8fKBL2OwFTAz878S85snjiNnAx7n8z
BR0isoSnDlgTmIqukAORkXTz6C9ABpEWp1Yw4Fx6,hBG5vMBqkXoKVhe5nKFmfjAVyNoGHSr22VXcrkoN,DboXcHUzjiTnEyfVzMA8hgefX2B7suIPftuPWSyq,MOx9AM3J6rnEQQJCSsWfT7wdOetSni3OV0mrNgho,BR0isoSnDlgTmIqukAORkXTz6C9ABpEWp1Yw4Fx6,G97yzpX8HPnbmrVEC0Aoz2si9mlAiCfZmduqw99n
0tSt4SUsOj8fKBL2OwFTAz878S85snjiNnAx7n8z,G0PLr6xT9E96wJTJXQDNB728J4rHnKFKya5jIcwT,G97yzpX8HPnbmrVEC0Aoz2si9mlAiCfZmduqw99n,I9zyEumkNRxIzJ9lhMe24gjeuA05krtaF8GygUHD,0tSt4SUsOj8fKBL2OwFTAz878S85snjiNnAx7n8z,MOx9AM3J6rnEQQJCSsWfT7wdOetSni3OV0mrNgho
hBG5vMBqkXoKVhe5nKFmfjAVyNoGHSr22VXcrkoN,DboXcHUzjiTnEyfVzMA8hgefX2B7suIPftuPWSyq,MOx9AM3J6rnEQQJCSsWfT7wdOetSni3OV0mrNgho,BR0isoSnDlgTmIqukAORkXTz6C9ABpEWp1Yw4Fx6,hBG5vMBqkXoKVhe5nKFmfjAVyNoGHSr22VXcrkoN,I9zyEumkNRxIzJ9lhMe24gjeuA05krtaF8GygUHD
G0PLr6xT9E96wJTJXQDNB728J4rHnKFKya5jIcwT,neo9uYRJVawyUm1nyXvQrJxwVqapvXp6gVg6kwxr,I9zyEumkNRxIzJ9lhMe24gjeuA05krtaF8GygUHD,0tSt4SUsOj8fKBL2OwFTAz878S85snjiNnAx7n8z,G97yzpX8HPnbmrVEC0Aoz2si9mlAiCfZmduqw99n,BR0isoSnDlgTmIqukAORkXTz6C9ABpEWp1Yw4Fx6
DboXcHUzjiTnEyfVzMA8hgefX2B7suIPftuPWSyq,nOgJEtffp9e3P1qN9pqUrIZB0WQ9VIdptmx5wtia,BR0isoSnDlgTmIqukAORkXTz6C9ABpEWp1Yw4Fx6,hBG5vMBqkXoKVhe5nKFmfjAVyNoGHSr22VXcrkoN,MOx9AM3J6rnEQQJCSsWfT7wdOetSni3OV0mrNgho,0tSt4SUsOj8fKBL2OwFTAz878S85snjiNnAx7n8z
neo9uYRJVawyUm1nyXvQrJxwVqapvXp6gVg6kwxr,G97yzpX8HPnbmrVEC0Aoz2si9mlAiCfZmduqw99n,0tSt4SUsOj8fKBL2OwFTAz878S85snjiNnAx7n8z,G0PLr6xT9E96wJTJXQDNB728J4rHnKFKya5jIcwT,I9zyEumkNRxIzJ9lhMe24gjeuA05krtaF8GygUHD,G97yzpX8HPnbmrVEC0Aoz2si9mlAiCfZmduqw99n
G97yzpX8HPnbmrVEC0Aoz2si9mlAiCfZmduqw99n,MOx9AM3J6rnEQQJCSsWfT7wdOetSni3OV0mrNgho,hBG5vMBqkXoKVhe5nKFmfjAVyNoGHSr22VXcrkoN,G97yzpX8HPnbmrVEC0Aoz2si9mlAiCfZmduqw99n,BR0isoSnDlgTmIqukAORkXTz6C9ABpEWp1Yw4Fx6,MOx9AM3J6rnEQQJCSsWfT7wdOetSni3OV0mrNgho
MOx9AM3J6rnEQQJCSsWfT7wdOetSni3OV0mrNgho,I9zyEumkNRxIzJ9lhMe24gjeuA05krtaF8GygUHD,G0PLr6xT9E96wJTJXQDNB728J4rHnKFKya5jIcwT,MOx9AM3J6rnEQQJCSsWfT7wdOetSni3OV0mrNgho,0tSt4SUsOj8fKBL2OwFTAz878S85snjiNnAx7n8z,I9zyEumkNRxIzJ9lhMe24gjeuA05krtaF8GygUHD
I9zyEumkNRxIzJ9lhMe24gjeuA05krtaF8GygUHD,BR0isoSnDlgTmIqukAORkXTz6C9ABpEWp1Yw4Fx6,DboXcHUzjiTnEyfVzMA8hgefX2B7suIPftuPWSyq,I9zyEumkNRxIzJ9lhMe24gjeuA05krtaF8GygUHD,hBG5vMBqkXoKVhe5nKFmfjAVyNoGHSr22VXcrkoN,BR0isoSnDlgTmIqukAORkXTz6C9ABpEWp1Yw4Fx6
BR0isoSnDlgTmIqukAORkXTz6C9ABpEWp1Yw4Fx6,0tSt4SUsOj8fKBL2OwFTAz878S85snjiNnAx7n8z,G97yzpX8HPnbmrVEC0Aoz2si9mlAiCfZmduqw99n,BR0isoSnDlgTmIqukAORkXTz6C9ABpEWp1Yw4Fx6,G97yzpX8HPnbmrVEC0Aoz2si9mlAiCfZmduqw99n,0tSt4SUsOj8fKBL2OwFTAz878S85snjiNnAx7n8z
0tSt4SUsOj8fKBL2OwFTAz878S85snjiNnAx7n8z,hBG5vMBqkXoKVhe5nKFmfjAVyNoGHSr22VXcrkoN,MOx9AM3J6rnEQQJCSsWfT7wdOetSni3OV0mrNgho,0tSt4SUsOj8fKBL2OwFTAz878S85snjiNnAx7n8z,MOx9AM3J6rnEQQJCSsWfT7wdOetSni3OV0mrNgho,G97yzpX8HPnbmrVEC0Aoz2si9mlAiCfZmduqw99n
hBG5vMBqkXoKVhe5nKFmfjAVyNoGHSr22VXcrkoN,G0PLr6xT9E96wJTJXQDNB728J4rHnKFKya5jIcwT,I9zyEumkNRxIzJ9lhMe24gjeuA05krtaF8GygUHD,hBG5vMBqkXoKVhe5nKFmfjAVyNoGHSr22VXcrkoN,I9zyEumkNRxIzJ9lhMe24gjeuA05krtaF8GygUHD,MOx9AM3J6rnEQQJCSsWfT7wdOetSni3OV0mrNgho
G0PLr6xT9E96wJTJXQDNB728J4rHnKFKya5jIcwT,DboXcHUzjiTnEyfVzMA8hgefX2B7suIPftuPWSyq,BR0isoSnDlgTmIqukAORkXTz6C9ABpEWp1Yw4Fx6,G0PLr6xT9E96wJTJXQDNB728J4rHnKFKya5jIcwT,BR0isoSnDlgTmIqukAORkXTz6C9ABpEWp1Yw4Fx6,I9zyEumkNRxIzJ9lhMe24gjeuA05krtaF8GygUHD
DboXcHUzjiTnEyfVzMA8hgefX2B7suIPftuPWSyq,neo9uYRJVawyUm1nyXvQrJxwVqapvXp6gVg6kwxr,0tSt4SUsOj8fKBL2OwFTAz878S85snjiNnAx7n8z,G97yzpX8HPnbmrVEC0Aoz2si9mlAiCfZmduqw99n,0tSt4SUsOj8fKBL2OwFTAz878S85snjiNnAx7n8z,BR0isoSnDlgTmIqukAORkXTz6C9ABpEWp1Yw4Fx6
neo9uYRJVawyUm1nyXvQrJxwVqapvXp6gVg6kwxr,nOgJEtffp9e3P1qN9pqUrIZB0WQ9VIdptmx5wtia,hBG5vMBqkXoKVhe5nKFmfjAVyNoGHSr22VXcrkoN,MOx9AM3J6rnEQQJCSsWfT7wdOetSni3OV0mrNgho,hBG5vMBqkXoKVhe5nKFmfjAVyNoGHSr22VXcrkoN,0tSt4SUsOj8fKBL2OwFTAz878S85snjiNnAx7n8z
G97yzpX8HPnbmrVEC0Aoz2si9mlAiCfZmduqw99n,G97yzpX8HPnbmrVEC0Aoz2si9mlAiCfZmduqw99n,G0PLr6xT9E96wJTJXQDNB728J4rHnKFKya5jIcwT,I9zyEumkNRxIzJ9lhMe24gjeuA05krtaF8GygUHD,G97yzpX8HPnbmrVEC0Aoz2si9mlAiCfZmduqw99n,G97yzpX8HPnbmrVEC0Aoz2si9mlAiCfZmduqw99n
MOx9AM3J6rnEQQJCSsWfT7wdOetSni3OV0mrNgho,MOx9AM3J6rnEQQJCSsWfT7wdOetSni3OV0mrNgho,DboXcHUzjiTnEyfVzMA8hgefX2B7suIPftuPWSyq,BR0isoSnDlgTmIqukAORkXTz6C9ABpEWp1Yw4Fx6,MOx9AM3J6rnEQQJCSsWfT7wdOetSni3OV0mrNgho,MOx9AM3J6rnEQQJCSsWfT7wdOetSni3OV0mrNgho
I9zyEumkNRxIzJ9lhMe24gjeuA05krtaF8GygUHD,I9zyEumkNRxIzJ9lhMe24gjeuA05krtaF8GygUHD,G97yzpX8HPnbmrVEC0Aoz2si9mlAiCfZmduqw99n,0tSt4SUsOj8fKBL2OwFTAz878S85snjiNnAx7n8z,I9zyEumkNRxIzJ9lhMe24gjeuA05krtaF8GygUHD,I9zyEumkNRxIzJ9lhMe24gjeuA05krtaF8GygUHD
BR0isoSnDlgTmIqukAORkXTz6C9ABpEWp1Yw4Fx6,BR0isoSnDlgTmIqukAORkXTz6C9ABpEWp1Yw4Fx6,MOx9AM3J6rnEQQJCSsWfT7wdOetSni3OV0mrNgho,hBG5vMBqkXoKVhe5nKFmfjAVyNoGHSr22VXcrkoN,BR0isoSnDlgTmIqukAORkXTz6C9ABpEWp1Yw4Fx6,BR0isoSnDlgTmIqukAORkXTz6C9ABpEWp1Yw4Fx6
0tSt4SUsOj8fKBL2OwFTAz878S85snjiNnAx7n8z,0tSt4SUsOj8fKBL2OwFTAz878S85snjiNnAx7n8z,I9zyEumkNRxIzJ9lhMe24gjeuA05krtaF8GygUHD,G0PLr6xT9E96wJTJXQDNB728J4rHnKFKya5jIcwT,0tSt4SUsOj8fKBL2OwFTAz878S85snjiNnAx7n8z,0tSt4SUsOj8fKBL2OwFTAz878S85snjiNnAx7n8z
hBG5vMBqkXoKVhe5nKFmfjAVyNoGHSr22VXcrkoN,hBG5vMBqkXoKVhe5nKFmfjAVyNoGHSr22VXcrkoN,BR0isoSnDlgTmIqukAORkXTz6C9ABpEWp1Yw4Fx6,G97yzpX8HPnbmrVEC0Aoz2si9mlAiCfZmduqw99n,hBG5vMBqkXoKVhe5nKFmfjAVyNoGHSr22VXcrkoN,G97yzpX8HPnbmrVEC0Aoz2si9mlAiCfZmduqw99n
G0PLr6xT9E96wJTJXQDNB728J4rHnKFKya5jIcwT,G0PLr6xT9E96wJTJXQDNB728J4rHnKFKya5jIcwT,0tSt4SUsOj8fKBL2OwFTAz878S85snjiNnAx7n8z,MOx9AM3J6rnEQQJCSsWfT7wdOetSni3OV0mrNgho,G97yzpX8HPnbmrVEC0Aoz2si9mlAiCfZmduqw99n,MOx9AM3J6rnEQQJCSsWfT7wdOetSni3OV0mrNgho
DboXcHUzjiTnEyfVzMA8hgefX2B7suIPftuPWSyq,DboXcHUzjiTnEyfVzMA8hgefX2B7suIPftuPWSyq,hBG5vMBqkXoKVhe5nKFmfjAVyNoGHSr22VXcrkoN,I9zyEumkNRxIzJ9lhMe24gjeuA05krtaF8GygUHD,MOx9AM3J6rnEQQJCSsWfT7wdOetSni3OV0mrNgho,I9zyEumkNRxIzJ9lhMe24gjeuA05krtaF8GygUHD
neo9uYRJVawyUm1nyXvQrJxwVqapvXp6gVg6kwxr,neo9uYRJVawyUm1nyXvQrJxwVqapvXp6gVg6kwxr,G0PLr6xT9E96wJTJXQDNB728J4rHnKFKya5jIcwT,BR0isoSnDlgTmIqukAORkXTz6C9ABpEWp1Yw4Fx6,I9zyEumkNRxIzJ9lhMe24gjeuA05krtaF8GygUHD,BR0isoSnDlgTmIqukAORkXTz6C9ABpEWp1Yw4Fx6
G97yzpX8HPnbmrVEC0Aoz2si9mlAiCfZmduqw99n,nOgJEtffp9e3P1qN9pqUrIZB0WQ9VIdptmx5wtia,DboXcHUzjiTnEyfVzMA8hgefX2B7suIPftuPWSyq,0tSt4SUsOj8fKBL2OwFTAz878S85snjiNnAx7n8z,BR0isoSnDlgTmIqukAORkXTz6C9ABpEWp1Yw4Fx6,0tSt4SUsOj8fKBL2OwFTAz878S85snjiNnAx7n8z
MOx9AM3J6rnEQQJCSsWfT7wdOetSni3OV0mrNgho,G97yzpX8HPnbmrVEC0Aoz2si9mlAiCfZmduqw99n,G97yzpX8HPnbmrVEC0Aoz2si9mlAiCfZmduqw99n,hBG5vMBqkXoKVhe5nKFmfjAVyNoGHSr22VXcrkoN,0tSt4SUsOj8fKBL2OwFTAz878S85snjiNnAx7n8z,G97yzpX8HPnbmrVEC0Aoz2si9mlAiCfZmduqw99n
I9zyEumkNRxIzJ9lhMe24gjeuA05krtaF8GygUHD,MOx9AM3J6rnEQQJCSsWfT7wdOetSni3OV0mrNgho,MOx9AM3J6rnEQQJCSsWfT7wdOetSni3OV0mrNgho,G0PLr6xT9E96wJTJXQDNB728J4rHnKFKya5jIcwT,hBG5vMBqkXoKVhe5nKFmfjAVyNoGHSr22VXcrkoN,MOx9AM3J6rnEQQJCSsWfT7wdOetSni3OV0mrNgho
BR0isoSnDlgTmIqukAORkXTz6C9ABpEWp1Yw4Fx6,I9zyEumkNRxIzJ9lhMe24gjeuA05krtaF8GygUHD,I9zyEumkNRxIzJ9lhMe24gjeuA05krtaF8GygUHD,G97yzpX8HPnbmrVEC0Aoz2si9mlAiCfZmduqw99n,G97yzpX8HPnbmrVEC0Aoz2si9mlAiCfZmduqw99n,I9zyEumkNRxIzJ9lhMe24gjeuA05krtaF8GygUHD
0tSt4SUsOj8fKBL2OwFTAz878S85snjiNnAx7n8z,BR0isoSnDlgTmIqukAORkXTz6C9ABpEWp1Yw4Fx6,BR0isoSnDlgTmIqukAORkXTz6C9ABpEWp1Yw4Fx6,MOx9AM3J6rnEQQJCSsWfT7wdOetSni3OV0mrNgho,MOx9AM3J6rnEQQJCSsWfT7wdOetSni3OV0mrNgho,BR0isoSnDlgTmIqukAORkXTz6C9ABpEWp1Yw4Fx6
hBG5vMBqkXoKVhe5nKFmfjAVyNoGHSr22VXcrkoN,0tSt4SUsOj8fKBL2OwFTAz878S85snjiNnAx7n8z,0tSt4SUsOj8fKBL2OwFTAz878S85snjiNnAx7n8z,I9zyEumkNRxIzJ9lhMe24gjeuA05krtaF8GygUHD,I9zyEumkNRxIzJ9lhMe24gjeuA05krtaF8GygUHD,0tSt4SUsOj8fKBL2OwFTAz878S85snjiNnAx7n8z
G0PLr6xT9E96wJTJXQDNB728J4rHnKFKya5jIcwT,hBG5vMBqkXoKVhe5nKFmfjAVyNoGHSr22VXcrkoN,hBG5vMBqkXoKVhe5nKFmfjAVyNoGHSr22VXcrkoN,BR0isoSnDlgTmIqukAORkXTz6C9ABpEWp1Yw4Fx6,BR0isoSnDlgTmIqukAORkXTz6C9ABpEWp1Yw4Fx6,G97yzpX8HPnbmrVEC0Aoz2si9mlAiCfZmduqw99n
DboXcHUzjiTnEyfVzMA8hgefX2B7suIPftuPWSyq,G0PLr6xT9E96wJTJXQDNB728J4rHnKFKya5jIcwT,G0PLr6xT9E96wJTJXQDNB728J4rHnKFKya5jIcwT,0tSt4SUsOj8fKBL2OwFTAz878S85snjiNnAx7n8z,0tSt4SUsOj8fKBL2OwFTAz878S85snjiNnAx7n8z,MOx9AM3J6rnEQQJCSsWfT7wdOetSni3OV0mrNgho
neo9uYRJVawyUm1nyXvQrJxwVqapvXp6gVg6kwxr,DboXcHUzjiTnEyfVzMA8hgefX2B7suIPftuPWSyq,DboXcHUzjiTnEyfVzMA8hgefX2B7suIPftuPWSyq,hBG5vMBqkXoKVhe5nKFmfjAVyNoGHSr22VXcrkoN,hBG5vMBqkXoKVhe5nKFmfjAVyNoGHSr22VXcrkoN,I9zyEumkNRxIzJ9lhMe24gjeuA05krtaF8GygUHD
G97yzpX8HPnbmrVEC0Aoz2si9mlAiCfZmduqw99n,neo9uYRJVawyUm1nyXvQrJxwVqapvXp6gVg6kwxr,G97yzpX8HPnbmrVEC0Aoz2si9mlAiCfZmduqw99n,G0PLr6xT9E96wJTJXQDNB728J4rHnKFKya5jIcwT,G97yzpX8HPnbmrVEC0Aoz2si9mlAiCfZmduqw99n,BR0isoSnDlgTmIqukAORkXTz6C9ABpEWp1Yw4Fx6
MOx9AM3J6rnEQQJCSsWfT7wdOetSni3OV0mrNgho,nOgJEtffp9e3P1qN9pqUrIZB0WQ9VIdptmx5wtia,MOx9AM3J6rnEQQJCSsWfT7wdOetSni3OV0mrNgho,G97yzpX8HPnbmrVEC0Aoz2si9mlAiCfZmduqw99n,MOx9AM3J6rnEQQJCSsWfT7wdOetSni3OV0mrNgho,0tSt4SUsOj8fKBL2OwFTAz878S85snjiNnAx7n8z
I9zyEumkNRxIzJ9lhMe24gjeuA05krtaF8GygUHD,G97yzpX8HPnbmrVEC0Aoz2si9mlAiCfZmduqw99n,I9zyEumkNRxIzJ9lhMe24gjeuA05krtaF8GygUHD,MOx9AM3J6rnEQQJCSsWfT7wdOetSni3OV0mrNgho,I9zyEumkNRxIzJ9lhMe24gjeuA05krtaF8GygUHD,G97yzpX8HPnbmrVEC0Aoz2si9mlAiCfZmduqw99n
BR0isoSnDlgTmIqukAORkXTz6C9ABpEWp1Yw4Fx6,MOx9AM3J6rnEQQJCSsWfT7wdOetSni3OV0mrNgho,BR0isoSnDlgTmIqukAORkXTz6C9ABpEWp1Yw4Fx6,I9zyEumkNRxIzJ9lhMe24gjeuA05krtaF8GygUHD,BR0isoSnDlgTmIqukAORkXTz6C9ABpEWp1Yw4Fx6,MOx9AM3J6rnEQQJCSsWfT7wdOetSni3OV0mrNgho
0tSt4SUsOj8fKBL2OwFTAz878S85snjiNnAx7n8z,I9zyEumkNRxIzJ9lhMe24gjeuA05krtaF8GygUHD,0tSt4SUsOj8fKBL2OwFTAz878S85snjiNnAx7n8z,BR0isoSnDlgTmIqukAORkXTz6C9ABpEWp1Yw4Fx6,0tSt4SUsOj8fKBL2OwFTAz878S85snjiNnAx7n8z,I9zyEumkNRxIzJ9lhMe24gjeuA05krtaF8GygUHD
hBG5vMBqkXoKVhe5nKFmfjAVyNoGHSr22VXcrkoN,BR0isoSnDlgTmIqukAORkXTz6C9ABpEWp1Yw4Fx6,hBG5vMBqkXoKVhe5nKFmfjAVyNoGHSr22VXcrkoN,0tSt4SUsOj8fKBL2OwFTAz878S85snjiNnAx7n8z,hBG5vMBqkXoKVhe5nKFmfjAVyNoGHSr22VXcrkoN,BR0isoSnDlgTmIqukAORkXTz6C9ABpEWp1Yw4Fx6
G0PLr6xT9E96wJTJXQDNB728J4rHnKFKya5jIcwT,0tSt4SUsOj8fKBL2OwFTAz878S85snjiNnAx7n8z,G0PLr6xT9E96wJTJXQDNB728J4rHnKFKya5jIcwT,hBG5vMBqkXoKVhe5nKFmfjAVyNoGHSr22VXcrkoN,G97yzpX8HPnbmrVEC0Aoz2si9mlAiCfZmduqw99n,0tSt4SUsOj8fKBL2OwFTAz878S85snjiNnAx7n8z
DboXcHUzjiTnEyfVzMA8hgefX2B7suIPftuPWSyq,hBG5vMBqkXoKVhe5nKFmfjAVyNoGHSr22VXcrkoN,DboXcHUzjiTnEyfVzMA8hgefX2B7suIPftuPWSyq,G0PLr6xT9E96wJTJXQDNB728J4rHnKFKya5jIcwT,MOx9AM3J6rnEQQJCSsWfT7wdOetSni3OV0mrNgho,G97yzpX8HPnbmrVEC0Aoz2si9mlAiCfZmduqw99n
neo9uYRJVawyUm1nyXvQrJxwVqapvXp6gVg6kwxr,G0PLr6xT9E96wJTJXQDNB728J4rHnKFKya5jIcwT,G97yzpX8HPnbmrVEC0Aoz2si9mlAiCfZmduqw99n,G97yzpX8HPnbmrVEC0Aoz2si9mlAiCfZmduqw99n,I9zyEumkNRxIzJ9lhMe24gjeuA05krtaF8GygUHD,MOx9AM3J6rnEQQJCSsWfT7wdOetSni3OV0mrNgho
G97yzpX8HPnbmrVEC0Aoz2si9mlAiCfZmduqw99n,DboXcHUzjiTnEyfVzMA8hgefX2B7suIPftuPWSyq,MOx9AM3J6rnEQQJCSsWfT7wdOetSni3OV0mrNgho,MOx9AM3J6rnEQQJCSsWfT7wdOetSni3OV0mrNgho,BR0isoSnDlgTmIqukAORkXTz6C9ABpEWp1Yw4Fx6,I9zyEumkNRxIzJ9lhMe24gjeuA05krtaF8GygUHD
MOx9AM3J6rnEQQJCSsWfT7wdOetSni3OV0mrNgho,neo9uYRJVawyUm1nyXvQrJxwVqapvXp6gVg6kwxr,I9zyEumkNRxIzJ9lhMe24gjeuA05krtaF8GygUHD,I9zyEumkNRxIzJ9lhMe24gjeuA05krtaF8GygUHD,0tSt4SUsOj8fKBL2OwFTAz878S85snjiNnAx7n8z,BR0isoSnDlgTmIqukAORkXTz6C9ABpEWp1Yw4Fx6
I9zyEumkNRxIzJ9lhMe24gjeuA05krtaF8GygUHD,nOgJEtffp9e3P1qN9pqUrIZB0WQ9VIdptmx5wtia,BR0isoSnDlgTmIqukAORkXTz6C9ABpEWp1Yw4Fx6,BR0isoSnDlgTmIqukAORkXTz6C9ABpEWp1Yw4Fx6,hBG5vMBqkXoKVhe5nKFmfjAVyNoGHSr22VXcrkoN,0tSt4SUsOj8fKBL2OwFTAz878S85snjiNnAx7n8z
BR0isoSnDlgTmIqukAORkXTz6C9ABpEWp1Yw4Fx6,G97yzpX8HPnbmrVEC0Aoz2si9mlAiCfZmduqw99n,0tSt4SUsOj8fKBL2OwFTAz878S85snjiNnAx7n8z,0tSt4SUsOj8fKBL2OwFTAz878S85snjiNnAx7n8z,G97yzpX8HPnbmrVEC0Aoz2si9mlAiCfZmduqw99n,G97yzpX8HPnbmrVEC0Aoz2si9mlAiCfZmduqw99n
0tSt4SUsOj8fKBL2OwFTAz878S85snjiNnAx7n8z,MOx9AM3J6rnEQQJCSsWfT7wdOetSni3OV0mrNgho,hBG5vMBqkXoKVhe5nKFmfjAVyNoGHSr22VXcrkoN,hBG5vMBqkXoKVhe5nKFmfjAVyNoGHSr22VXcrkoN,MOx9AM3J6rnEQQJCSsWfT7wdOetSni3OV0mrNgho,MOx9AM3J6rnEQQJCSsWfT7wdOetSni3OV0mrNgho
hBG5vMBqkXoKVhe5nKFmfjAVyNoGHSr22VXcrkoN,I9zyEumkNRxIzJ9lhMe24gjeuA05krtaF8GygUHD,G0PLr6xT9E96wJTJXQDNB728J4rHnKFKya5jIcwT,G0PLr6xT9E96wJTJXQDNB728J4rHnKFKya5jIcwT,I9zyEumkNRxIzJ9lhMe24gjeuA05krtaF8GygUHD,I9zyEumkNRxIzJ9lhMe24gjeuA05krtaF8GygUHD
G0PLr6xT9E96wJTJXQDNB728J4rHnKFKya5jIcwT,BR0isoSnDlgTmIqukAORkXTz6C9ABpEWp1Yw4Fx6,DboXcHUzjiTnEyfVzMA8hgefX2B7suIPftuPWSyq,G97yzpX8HPnbmrVEC0Aoz2si9mlAiCfZmduqw99n,BR0isoSnDlgTmIqukAORkXTz6C9ABpEWp1Yw4Fx6,BR0isoSnDlgTmIqukAORkXTz6C9ABpEWp1Yw4Fx6
DboXcHUzjiTnEyfVzMA8hgefX2B7suIPftuPWSyq,0tSt4SUsOj8fKBL2OwFTAz878S85snjiNnAx7n8z,G97yzpX8HPnbmrVEC0Aoz2si9mlAiCfZmduqw99n,MOx9AM3J6rnEQQJCSsWfT7wdOetSni3OV0mrNgho,0tSt4SUsOj8fKBL2OwFTAz878S85snjiNnAx7n8z,0tSt4SUsOj8fKBL2OwFTAz878S85snjiNnAx7n8z
neo9uYRJVawyUm1nyXvQrJxwVqapvXp6gVg6kwxr,hBG5vMBqkXoKVhe5nKFmfjAVyNoGHSr22VXcrkoN,MOx9AM3J6rnEQQJCSsWfT7wdOetSni3OV0mrNgho,I9zyEumkNRxIzJ9lhMe24gjeuA05krtaF8GygUHD,hBG5vMBqkXoKVhe5nKFmfjAVyNoGHSr22VXcrkoN,G97yzpX8HPnbmrVEC0Aoz2si9mlAiCfZmduqw99n
G97yzpX8HPnbmrVEC0Aoz2si9mlAiCfZmduqw99n,G0PLr6xT9E96wJTJXQDNB728J4rHnKFKya5jIcwT,I9zyEumkNRxIzJ9lhMe24gjeuA05krtaF8GygUHD,BR0isoSnDlgTmIqukAORkXTz6C9ABpEWp1Yw4Fx6,G97yzpX8HPnbmrVEC0Aoz2si9mlAiCfZmduqw99n,MOx9AM3J6rnEQQJCSsWfT7wdOetSni3OV0mrNgho
MOx9AM3J6rnEQQJCSsWfT7wdOetSni3OV0mrNgho,DboXcHUzjiTnEyfVzMA8hgefX2B7suIPftuPWSyq,BR0isoSnDlgTmIqukAORkXTz6C9ABpEWp1Yw4Fx6,0tSt4SUsOj8fKBL2OwFTAz878S85snjiNnAx7n8z,MOx9AM3J6rnEQQJCSsWfT7wdOetSni3OV0mrNgho,I9zyEumkNRxIzJ9lhMe24gjeuA05krtaF8GygUHD
I9zyEumkNRxIzJ9lhMe24gjeuA05krtaF8GygUHD,neo9uYRJVawyUm1nyXvQrJxwVqapvXp6gVg6kwxr,0tSt4SUsOj8fKBL2OwFTAz878S85snjiNnAx7n8z,hBG5vMBqkXoKVhe5nKFmfjAVyNoGHSr22VXcrkoN,I9zyEumkNRxIzJ9lhMe24gjeuA05krtaF8GygUHD,BR0isoSnDlgTmIqukAORkXTz6C9ABpEWp1Yw4Fx6
BR0isoSnDlgTmIqukAORkXTz6C9ABpEWp1Yw4Fx6,nOgJEtffp9e3P1qN9pqUrIZB0WQ9VIdptmx5wtia,hBG5vMBqkXoKVhe5nKFmfjAVyNoGHSr22VXcrkoN,G0PLr6xT9E96wJTJXQDNB728J4rHnKFKya5jIcwT,BR0isoSnDlgTmIqukAORkXTz6C9ABpEWp1Yw4Fx6,0tSt4SUsOj8fKBL2OwFTAz878S85snjiNnAx7n8z
0tSt4SUsOj8fKBL2OwFTAz878S85snjiNnAx7n8z,G97yzpX8HPnbmrVEC0Aoz2si9mlAiCfZmduqw99n,G0PLr6xT9E96wJTJXQDNB728J4rHnKFKya5jIcwT,G97yzpX8HPnbmrVEC0Aoz2si9mlAiCfZmduqw99n,0tSt4SUsOj8fKBL2OwFTAz878S85snjiNnAx7n8z,G97yzpX8HPnbmrVEC0Aoz2si9mlAiCfZmduqw99n
hBG5vMBqkXoKVhe5nKFmfjAVyNoGHSr22VXcrkoN,MOx9AM3J6rnEQQJCSsWfT7wdOetSni3OV0mrNgho,DboXcHUzjiTnEyfVzMA8hgefX2B7suIPftuPWSyq,MOx9AM3J6rnEQQJCSsWfT7wdOetSni3OV0mrNgho,hBG5vMBqkXoKVhe5nKFmfjAVyNoGHSr22VXcrkoN,MOx9AM3J6rnEQQJCSsWfT7wdOetSni3OV0mrNgho
G0PLr6xT9E96wJTJXQDNB728J4rHnKFKya5jIcwT,I9zyEumkNRxIzJ9lhMe24gjeuA05krtaF8GygUHD,G97yzpX8HPnbmrVEC0Aoz2si9mlAiCfZmduqw99n,I9zyEumkNRxIzJ9lhMe24gjeuA05krtaF8GygUHD,G97yzpX8HPnbmrVEC0Aoz2si9mlAiCfZmduqw99n,I9zyEumkNRxIzJ9lhMe24gjeuA05krtaF8GygUHD
DboXcHUzjiTnEyfVzMA8hgefX2B7suIPftuPWSyq,BR0isoSnDlgTmIqukAORkXTz6C9ABpEWp1Yw4Fx6,MOx9AM3J6rnEQQJCSsWfT7wdOetSni3OV0mrNgho,BR0isoSnDlgTmIqukAORkXTz6C9ABpEWp1Yw4Fx6,MOx9AM3J6rnEQQJCSsWfT7wdOetSni3OV0mrNgho,BR0isoSnDlgTmIqukAORkXTz6C9ABpEWp1Yw4Fx6
neo9uYRJVawyUm1nyXvQrJxwVqapvXp6gVg6kwxr,0tSt4SUsOj8fKBL2OwFTAz878S85snjiNnAx7n8z,I9zyEumkNRxIzJ9lhMe24gjeuA05krtaF8GygUHD,0tSt4SUsOj8fKBL2OwFTAz878S85snjiNnAx7n8z,I9zyEumkNRxIzJ9lhMe24gjeuA05krtaF8GygUHD,0tSt4SUsOj8fKBL2OwFTAz878S85snjiNnAx7n8z
G97yzpX8HPnbmrVEC0Aoz2si9mlAiCfZmduqw99n,hBG5vMBqkXoKVhe5nKFmfjAVyNoGHSr22VXcrkoN,BR0isoSnDlgTmIqukAORkXTz6C9ABpEWp1Yw4Fx6,hBG5vMBqkXoKVhe5nKFmfjAVyNoGHSr22VXcrkoN,BR0isoSnDlgTmIqukAORkXTz6C9ABpEWp1Yw4Fx6,G97yzpX8HPnbmrVEC0Aoz2si9mlAiCfZmduqw99n
MOx9AM3J6rnEQQJCSsWfT7wdOetSni3OV0mrNgho,G0PLr6xT9E96wJTJXQDNB728J4rHnKFKya5jIcwT,0tSt4SUsOj8fKBL2OwFTAz878S85snjiNnAx7n8z,G0PLr6xT9E96wJTJXQDNB728J4rHnKFKya5jIcwT,0tSt4SUsOj8fKBL2OwFTAz878S85snjiNnAx7n8z,MOx9AM3J6rnEQQJCSsWfT7wdOetSni3OV0mrNgho
I9zyEumkNRxIzJ9lhMe24gjeuA05krtaF8GygUHD,DboXcHUzjiTnEyfVzMA8hgefX2B7suIPftuPWSyq,hBG5vMBqkXoKVhe5nKFmfjAVyNoGHSr22VXcrkoN,G97yzpX8HPnbmrVEC0Aoz2si9mlAiCfZmduqw99n,hBG5vMBqkXoKVhe5nKFmfjAVyNoGHSr22VXcrkoN,I9zyEumkNRxIzJ9lhMe24gjeuA05krtaF8GygUHD
BR0isoSnDlgTmIqukAORkXTz6C9ABpEWp1Yw4Fx6,neo9uYRJVawyUm1nyXvQrJxwVqapvXp6gVg6kwxr,G0PLr6xT9E96wJTJXQDNB728J4rHnKFKya5jIcwT,MOx9AM3J6rnEQQJCSsWfT7wdOetSni3OV0mrNgho,G97yzpX8HPnbmrVEC0Aoz2si9mlAiCfZmduqw99n,BR0isoSnDlgTmIqukAORkXTz6C9ABpEWp1Yw4Fx6
0tSt4SUsOj8fKBL2OwFTAz878S85snjiNnAx7n8z,nOgJEtffp9e3P1qN9pqUrIZB0WQ9VIdptmx5wtia,DboXcHUzjiTnEyfVzMA8hgefX2B7suIPftuPWSyq,I9zyEumkNRxIzJ9lhMe24gjeuA05krtaF8GygUHD,MOx9AM3J6rnEQQJCSsWfT7wdOetSni3OV0mrNgho,0tSt4SUsOj8fKBL2OwFTAz878S85snjiNnAx7n8z
hBG5vMBqkXoKVhe5nKFmfjAVyNoGHSr22VXcrkoN,G97yzpX8HPnbmrVEC0Aoz2si9mlAiCfZmduqw99n,G97yzpX8HPnbmrVEC0Aoz2si9mlAiCfZmduqw99n,BR0isoSnDlgTmIqukAORkXTz6C9ABpEWp1Yw4Fx6,I9zyEumkNRxIzJ9lhMe24gjeuA05krtaF8GygUHD,G97yzpX8HPnbmrVEC0Aoz2si9mlAiCfZmduqw99n
G0PLr6xT9E96wJTJXQDNB728J4rHnKFKya5jIcwT,MOx9AM3J6rnEQQJCSsWfT7wdOetSni3OV0mrNgho,MOx9AM3J6rnEQQJCSsWfT7wdOetSni3OV0mrNgho,0tSt4SUsOj8fKBL2OwFTAz878S85snjiNnAx7n8z,BR0isoSnDlgTmIqukAORkXTz6C9ABpEWp1Yw4Fx6,MOx9AM3J6rnEQQJCSsWfT7wdOetSni3OV0mrNgho
DboXcHUzjiTnEyfVzMA8hgefX2B7suIPftuPWSyq,I9zyEumkNRxIzJ9lhMe24gjeuA05krtaF8GygUHD,I9zyEumkNRxIzJ9lhMe24gjeuA05krtaF8GygUHD,hBG5vMBqkXoKVhe5nKFmfjAVyNoGHSr22VXcrkoN,0tSt4SUsOj8fKBL2OwFTAz878S85snjiNnAx7n8z,I9zyEumkNRxIzJ9lhMe24gjeuA05krtaF8GygUHD
neo9uYRJVawyUm1nyXvQrJxwVqapvXp6gVg6kwxr,BR0isoSnDlgTmIqukAORkXTz6C9ABpEWp1Yw4Fx6,BR0isoSnDlgTmIqukAORkXTz6C9ABpEWp1Yw4Fx6,G0PLr6xT9E96wJTJXQDNB728J4rHnKFKya5jIcwT,hBG5vMBqkXoKVhe5nKFmfjAVyNoGHSr22VXcrkoN,BR0isoSnDlgTmIqukAORkXTz6C9ABpEWp1Yw4Fx6
G97yzpX8HPnbmrVEC0Aoz2si9mlAiCfZmduqw99n,0tSt4SUsOj8fKBL2OwFTAz878S85snjiNnAx7n8z,0tSt4SUsOj8fKBL2OwFTAz878S85snjiNnAx7n8z,G97yzpX8HPnbmrVEC0Aoz2si9mlAiCfZmduqw99n,G97yzpX8HPnbmrVEC0Aoz2si9mlAiCfZmduqw99n,0tSt4SUsOj8fKBL2OwFTAz878S85snjiNnAx7n8z
MOx9AM3J6rnEQQJCSsWfT7wdOetSni3OV0mrNgho,hBG5vMBqkXoKVhe5nKFmfjAVyNoGHSr22VXcrkoN,hBG5vMBqkXoKVhe5nKFmfjAVyNoGHSr22VXcrkoN,MOx9AM3J6rnEQQJCSsWfT7wdOetSni3OV0mrNgho,MOx9AM3J6rnEQQJCSsWfT7wdOetSni3OV0mrNgho,G97yzpX8HPnbmrVEC0Aoz2si9mlAiCfZmduqw99n
I9zyEumkNRxIzJ9lhMe24gjeuA05krtaF8GygUHD,G0PLr6xT9E96wJTJXQDNB728J4rHnKFKya5jIcwT,G0PLr6xT9E96wJTJXQDNB728J4rHnKFKya5jIcwT,I9zyEumkNRxIzJ9lhMe24gjeuA05krtaF8GygUHD,I9zyEumkNRxIzJ9lhMe24gjeuA05krtaF8GygUHD,MOx9AM3J6rnEQQJCSsWfT7wdOetSni3OV0mrNgho
BR0isoSnDlgTmIqukAORkXTz6C9ABpEWp1Yw4Fx6,DboXcHUzjiTnEyfVzMA8hgefX2B7suIPftuPWSyq,DboXcHUzjiTnEyfVzMA8hgefX2B7suIPftuPWSyq,BR0isoSnDlgTmIqukAORkXTz6C9ABpEWp1Yw4Fx6,BR0isoSnDlgTmIqukAORkXTz6C9ABpEWp1Yw4Fx6,I9zyEumkNRxIzJ9lhMe24gjeuA05krtaF8GygUHD
0tSt4SUsOj8fKBL2OwFTAz878S85snjiNnAx7n8z,neo9uYRJVawyUm1nyXvQrJxwVqapvXp6gVg6kwxr,G97yzpX8HPnbmrVEC0Aoz2si9mlAiCfZmduqw99n,0tSt4SUsOj8fKBL2OwFTAz878S85snjiNnAx7n8z,0tSt4SUsOj8fKBL2OwFTAz878S85snjiNnAx7n8z,BR0isoSnDlgTmIqukAORkXTz6C9ABpEWp1Yw4Fx6
hBG5vMBqkXoKVhe5nKFmfjAVyNoGHSr22VXcrkoN,nOgJEtffp9e3P1qN9pqUrIZB0WQ9VIdptmx5wtia,MOx9AM3J6rnEQQJCSsWfT7wdOetSni3OV0mrNgho,hBG5vMBqkXoKVhe5nKFmfjAVyNoGHSr22VXcrkoN,hBG5vMBqkXoKVhe5nKFmfjAVyNoGHSr22VXcrkoN,0tSt4SUsOj8fKBL2OwFTAz878S85snjiNnAx7n8z
G0PLr6xT9E96wJTJXQDNB728J4rHnKFKya5jIcwT,G97yzpX8HPnbmrVEC0Aoz2si9mlAiCfZmduqw99n,I9zyEumkNRxIzJ9lhMe24gjeuA05krtaF8GygUHD,G0PLr6xT9E96wJTJXQDNB728J4rHnKFKya5jIcwT,G97yzpX8HPnbmrVEC0Aoz2si9mlAiCfZmduqw99n,G97yzpX8HPnbmrVEC0Aoz2si9mlAiCfZmduqw99n
DboXcHUzjiTnEyfVzMA8hgefX2B7suIPftuPWSyq,MOx9AM3J6rnEQQJCSsWfT7wdOetSni3OV0mrNgho,BR0isoSnDlgTmIqukAORkXTz6C9ABpEWp1Yw4Fx6,G97yzpX8HPnbmrVEC0Aoz2si9mlAiCfZmduqw99n,MOx9AM3J6rnEQQJCSsWfT7wdOetSni3OV0mrNgho,MOx9AM3J6rnEQQJCSsWfT7wdOetSni3OV0mrNgho
neo9uYRJVawyUm1nyXvQrJxwVqapvXp6gVg6kwxr,I9zyEumkNRxIzJ9lhMe24gjeuA05krtaF8GygUHD,0tSt4SUsOj8fKBL2OwFTAz878S85snjiNnAx7n8z,MOx9AM3J6rnEQQJCSsWfT7wdOetSni3OV0mrNgho,I9zyEumkNRxIzJ9lhMe24gjeuA05krtaF8GygUHD,I9zyEumkNRxIzJ9lhMe24gjeuA05krtaF8GygUHD
G97yzpX8HPnbmrVEC0Aoz2si9mlAiCfZmduqw99n,BR0isoSnDlgTmIqukAORkXTz6C9ABpEWp1Yw4Fx6,hBG5vMBqkXoKVhe5nKFmfjAVyNoGHSr22VXcrkoN,I9zyEumkNRxIzJ9lhMe24gjeuA05krtaF8GygUHD,BR0isoSnDlgTmIqukAORkXTz6C9ABpEWp1Yw4Fx6,BR0isoSnDlgTmIqukAORkXTz6C9ABpEWp1Yw4Fx6
MOx9AM3J6rnEQQJCSsWfT7wdOetSni3OV0mrNgho,0tSt4SUsOj8fKBL2OwFTAz878S85snjiNnAx7n8z,G0PLr6xT9E96wJTJXQDNB728J4rHnKFKya5jIcwT,BR0isoSnDlgTmIqukAORkXTz6C9ABpEWp1Yw4Fx6,0tSt4SUsOj8fKBL2OwFTAz878S85snjiNnAx7n8z,0tSt4SUsOj8fKBL2OwFTAz878S85snjiNnAx7n8z
I9zyEumkNRxIzJ9lhMe24gjeuA05krtaF8GygUHD,hBG5vMBqkXoKVhe5nKFmfjAVyNoGHSr22VXcrkoN,DboXcHUzjiTnEyfVzMA8hgefX2B7suIPftuPWSyq,0tSt4SUsOj8fKBL2OwFTAz878S85snjiNnAx7n8z,hBG5vMBqkXoKVhe5nKFmfjAVyNoGHSr22VXcrkoN,G97yzpX8HPnbmrVEC0Aoz2si9mlAiCfZmduqw99n
BR0isoSnDlgTmIqukAORkXTz6C9ABpEWp1Yw4Fx6,G0PLr6xT9E96wJTJXQDNB728J4rHnKFKya5jIcwT,G97yzpX8HPnbmrVEC0Aoz2si9mlAiCfZmduqw99n,hBG5vMBqkXoKVhe5nKFmfjAVyNoGHSr22VXcrkoN,G97yzpX8HPnbmrVEC0Aoz2si9mlAiCfZmduqw99n,MOx9AM3J6rnEQQJCSsWfT7wdOetSni3OV0mrNgho
0tSt4SUsOj8fKBL2OwFTAz878S85snjiNnAx7n8z,DboXcHUzjiTnEyfVzMA8hgefX2B7suIPftuPWSyq,MOx9AM3J6rnEQQJCSsWfT7wdOetSni3OV0mrNgho,G0PLr6xT9E96wJTJXQDNB728J4rHnKFKya5jIcwT,MOx9AM3J6rnEQQJCSsWfT7wdOetSni3OV0mrNgho,I9zyEumkNRxIzJ9lhMe24gjeuA05krtaF8GygUHD
hBG5vMBqkXoKVhe5nKFmfjAVyNoGHSr22VXcrkoN,neo9uYRJVawyUm1nyXvQrJxwVqapvXp6gVg6kwxr,I9zyEumkNRxIzJ9lhMe24gjeuA05krtaF8GygUHD,G97yzpX8HPnbmrVEC0Aoz2si9mlAiCfZmduqw99n,I9zyEumkNRxIzJ9lhMe24gjeuA05krtaF8GygUHD,BR0isoSnDlgTmIqukAORkXTz6C9ABpEWp1Yw4Fx6
G0PLr6xT9E96wJTJXQDNB728J4rHnKFKya5jIcwT,nOgJEtffp9e3P1qN9pqUrIZB0WQ9VIdptmx5wtia,BR0isoSnDlgTmIqukAORkXTz6C9ABpEWp1Yw4Fx6,MOx9AM3J6rnEQQJCSsWfT7wdOetSni3OV0mrNgho,BR0isoSnDlgTmIqukAORkXTz6C9ABpEWp1Yw4Fx6,0tSt4SUsOj8fKBL2OwFTAz878S85snjiNnAx7n8z
DboXcHUzjiTnEyfVzMA8hgefX2B7suIPftuPWSyq,G97yzpX8HPnbmrVEC0Aoz2si9mlAiCfZmduqw99n,0tSt4SUsOj8fKBL2OwFTAz878S85snjiNnAx7n8z,I9zyEumkNRxIzJ9lhMe24gjeuA05krtaF8GygUHD,0tSt4SUsOj8fKBL2OwFTAz878S85snjiNnAx7n8z,G97yzpX8HPnbmrVEC0Aoz2si9mlAiCfZmduqw99n
neo9uYRJVawyUm1nyXvQrJxwVqapvXp6gVg6kwxr,MOx9AM3J6rnEQQJCSsWfT7wdOetSni3OV0mrNgho,hBG5vMBqkXoKVhe5nKFmfjAVyNoGHSr22VXcrkoN,BR0isoSnDlgTmIqukAORkXTz6C9ABpEWp1Yw4Fx6,hBG5vMBqkXoKVhe5nKFmfjAVyNoGHSr22VXcrkoN,MOx9AM3J6rnEQQJCSsWfT7wdOetSni3OV0mrNgho
G97yzpX8HPnbmrVEC0Aoz2si9mlAiCfZmduqw99n,I9zyEumkNRxIzJ9lhMe24gjeuA05krtaF8GygUHD,G0PLr6xT9E96wJTJXQDNB728J4rHnKFKya5jIcwT,0tSt4SUsOj8fKBL2OwFTAz878S85snjiNnAx7n8z,G97yzpX8HPnbmrVEC0Aoz2si9mlAiCfZmduqw99n,I9zyEumkNRxIzJ9lhMe24gjeuA05krtaF8GygUHD
MOx9AM3J6rnEQQJCSsWfT7wdOetSni3OV0mrNgho,BR0isoSnDlgTmIqukAORkXTz6C9ABpEWp1Yw4Fx6,DboXcHUzjiTnEyfVzMA8hgefX2B7suIPftuPWSyq,hBG5vMBqkXoKVhe5nKFmfjAVyNoGHSr22VXcrkoN,MOx9AM3J6rnEQQJCSsWfT7wdOetSni3OV0mrNgho,BR0isoSnDlgTmIqukAORkXTz6C9ABpEWp1Yw4Fx6
I9zyEumkNRxIzJ9lhMe24gjeuA05krtaF8GygUHD,0tSt4SUsOj8fKBL2OwFTAz878S85snjiNnAx7n8z,G97yzpX8HPnbmrVEC0Aoz2si9mlAiCfZmduqw99n,G0PLr6xT9E96wJTJXQDNB728J4rHnKFKya5jIcwT,I9zyEumkNRxIzJ9lhMe24gjeuA05krtaF8GygUHD,0tSt4SUsOj8fKBL2OwFTAz878S85snjiNnAx7n8z
BR0isoSnDlgTmIqukAORkXTz6C9ABpEWp1Yw4Fx6,hBG5vMBqkXoKVhe5nKFmfjAVyNoGHSr22VXcrkoN,MOx9AM3J6rnEQQJCSsWfT7wdOetSni3OV0mrNgho,G97yzpX8HPnbmrVEC0Aoz2si9mlAiCfZmduqw99n,BR0isoSnDlgTmIqukAORkXTz6C9ABpEWp1Yw4Fx6,G97yzpX8HPnbmrVEC0Aoz2si9mlAiCfZmduqw99n
0tSt4SUsOj8fKBL2OwFTAz878S85snjiNnAx7n8z,G0PLr6xT9E96wJTJXQDNB728J4rHnKFKya5jIcwT,I9zyEumkNRxIzJ9lhMe24gjeuA05krtaF8GygUHD,MOx9AM3J6rnEQQJCSsWfT7wdOetSni3OV0mrNgho,0tSt4SUsOj8fKBL2OwFTAz878S85snjiNnAx7n8z,MOx9AM3J6rnEQQJCSsWfT7wdOetSni3OV0mrNgho
hBG5vMBqkXoKVhe5nKFmfjAVyNoGHSr22VXcrkoN,DboXcHUzjiTnEyfVzMA8hgefX2B7suIPftuPWSyq,BR0isoSnDlgTmIqukAORkXTz6C9ABpEWp1Yw4Fx6,I9zyEumkNRxIzJ9lhMe24gjeuA05krtaF8GygUHD,hBG5vMBqkXoKVhe5nKFmfjAVyNoGHSr22VXcrkoN,I9zyEumkNRxIzJ9lhMe24gjeuA05krtaF8GygUHD
G0PLr6xT9E96wJTJXQDNB728J4rHnKFKya5jIcwT,neo9uYRJVawyUm1nyXvQrJxwVqapvXp6gVg6kwxr,0tSt4SUsOj8fKBL2OwFTAz878S85snjiNnAx7n8z,BR0isoSnDlgTmIqukAORkXTz6C9ABpEWp1Yw4Fx6,G97yzpX8HPnbmrVEC0Aoz2si9mlAiCfZmduqw99n,BR0isoSnDlgTmIqukAORkXTz6C9ABpEWp1Yw4Fx6
DboXcHUzjiTnEyfVzMA8hgefX2B7suIPftuPWSyq,nOgJEtffp9e3P1qN9pqUrIZB0WQ9VIdptmx5wtia,hBG5vMBqkXoKVhe5nKFmfjAVyNoGHSr22VXcrkoN,0tSt4SUsOj8fKBL2OwFTAz878S85snjiNnAx7n8z,MOx9AM3J6rnEQQJCSsWfT7wdOetSni3OV0mrNgho,0tSt4SUsOj8fKBL2OwFTAz878S85snjiNnAx7n8z
neo9uYRJVawyUm1nyXvQrJxwVqapvXp6gVg6kwxr,G97yzpX8HPnbmrVEC0Aoz2si9mlAiCfZmduqw99n,G0PLr6xT9E96wJTJXQDNB728J4rHnKFKya5jIcwT,hBG5vMBqkXoKVhe5nKFmfjAVyNoGHSr22VXcrkoN,I9zyEumkNRxIzJ9lhMe24gjeuA05krtaF8GygUHD,G97yzpX8HPnbmrVEC0Aoz2si9mlAiCfZmduqw99n
G97yzpX8HPnbmrVEC0Aoz2si9mlAiCfZmduqw99n,MOx9AM3J6rnEQQJCSsWfT7wdOetSni3OV0mrNgho,DboXcHUzjiTnEyfVzMA8hgefX2B7suIPftuPWSyq,G0PLr6xT9E96wJTJXQDNB728J4rHnKFKya5jIcwT,BR0isoSnDlgTmIqukAORkXTz6C9ABpEWp1Yw4Fx6,MOx9AM3J6rnEQQJCSsWfT7wdOetSni3OV0mrNgho
MOx9AM3J6rnEQQJCSsWfT7wdOetSni3OV0mrNgho,I9zyEumkNRxIzJ9lhMe24gjeuA05krtaF8GygUHD,G97yzpX8HPnbmrVEC0Aoz2si9mlAiCfZmduqw99n,G97yzpX8HPnbmrVEC0Aoz2si9mlAiCfZmduqw99n,0tSt4SUsOj8fKBL2OwFTAz878S85snjiNnAx7n8z,I9zyEumkNRxIzJ9lhMe24gjeuA05krtaF8GygUHD
I9zyEumkNRxIzJ9lhMe24gjeuA05krtaF8GygUHD,BR0isoSnDlgTmIqukAORkXTz6C9ABpEWp1Yw4Fx6,MOx9AM3J6rnEQQJCSsWfT7wdOetSni3OV0mrNgho,MOx9AM3J6rnEQQJCSsWfT7wdOetSni3OV0mrNgho,hBG5vMBqkXoKVhe5nKFmfjAVyNoGHSr22VXcrkoN,BR0isoSnDlgTmIqukAORkXTz6C9ABpEWp1Yw4Fx6
BR0isoSnDlgTmIqukAORkXTz6C9ABpEWp1Yw4Fx6,0tSt4SUsOj8fKBL2OwFTAz878S85snjiNnAx7n8z,I9zyEumkNRxIzJ9lhMe24gjeuA05krtaF8GygUHD,I9zyEumkNRxIzJ9lhMe24gjeuA05krtaF8GygUHD,G97yzpX8HPnbmrVEC0Aoz2si9mlAiCfZmduqw99n,0tSt4SUsOj8fKBL2OwFTAz878S85snjiNnAx7n8z
0tSt4SUsOj8fKBL2OwFTAz878S85snjiNnAx7n8z,hBG5vMBqkXoKVhe5nKFmfjAVyNoGHSr22VXcrkoN,BR0isoSnDlgTmIqukAORkXTz6C9ABpEWp1Yw4Fx6,BR0isoSnDlgTmIqukAORkXTz6C9ABpEWp1Yw4Fx6,MOx9AM3J6rnEQQJCSsWfT7wdOetSni3OV0mrNgho,G97yzpX8HPnbmrVEC0Aoz2si9mlAiCfZmduqw99n
hBG5vMBqkXoKVhe5nKFmfjAVyNoGHSr22VXcrkoN,G0PLr6xT9E96wJTJXQDNB728J4rHnKFKya5jIcwT,0tSt4SUsOj8fKBL2OwFTAz878S85snjiNnAx7n8z,0tSt4SUsOj8fKBL2OwFTAz878S85snjiNnAx7n8z,I9zyEumkNRxIzJ9lhMe24gjeuA05krtaF8GygUHD,MOx9AM3J6rnEQQJCSsWfT7wdOetSni3OV0mrNgho
G0PLr6xT9E96wJTJXQDNB728J4rHnKFKya5jIcwT,DboXcHUzjiTnEyfVzMA8hgefX2B7suIPftuPWSyq,hBG5vMBqkXoKVhe5nKFmfjAVyNoGHSr22VXcrkoN,hBG5vMBqkXoKVhe5nKFmfjAVyNoGHSr22VXcrkoN,BR0isoSnDlgTmIqukAORkXTz6C9ABpEWp1Yw4Fx6,I9zyEumkNRxIzJ9lhMe24gjeuA05krtaF8GygUHD
DboXcHUzjiTnEyfVzMA8hgefX2B7suIPftuPWSyq,neo9uYRJVawyUm1nyXvQrJxwVqapvXp6gVg6kwxr,G0PLr6xT9E96wJTJXQDNB728J4rHnKFKya5jIcwT,G0PLr6xT9E96wJTJXQDNB728J4rHnKFKya5jIcwT,0tSt4SUsOj8fKBL2OwFTAz878S85snjiNnAx7n8z,BR0isoSnDlgTmIqukAORkXTz6C9ABpEWp1Yw4Fx6
neo9uYRJVawyUm1nyXvQrJxwVqapvXp6gVg6kwxr,nOgJEtffp9e3P1qN9pqUrIZB0WQ9VIdptmx5wtia,DboXcHUzjiTnEyfVzMA8hgefX2B7suIPftuPWSyq,G97yzpX8HPnbmrVEC0Aoz2si9mlAiCfZmduqw99n,hBG5vMBqkXoKVhe5nKFmfjAVyNoGHSr22VXcrkoN,0tSt4SUsOj8fKBL2OwFTAz878S85snjiNnAx7n8z
G97yzpX8HPnbmrVEC0Aoz2si9mlAiCfZmduqw99n,G97yzpX8HPnbmrVEC0Aoz2si9mlAiCfZmduqw99n,G97yzpX8HPnbmrVEC0Aoz2si9mlAiCfZmduqw99n,MOx9AM3J6rnEQQJCSsWfT7wdOetSni3OV0mrNgho,G97yzpX8HPnbmrVEC0Aoz2si9mlAiCfZmduqw99n,G97yzpX8HPnbmrVEC0Aoz2si9mlAiCfZmduqw99n
MOx9AM3J6rnEQQJCSsWfT7wdOetSni3OV0mrNgho,MOx9AM3J6rnEQQJCSsWfT7wdOetSni3OV0mrNgho,MOx9AM3J6rnEQQJCSsWfT7wdOetSni3OV0mrNgho,I9zyEumkNRxIzJ9lhMe24gjeuA05krtaF8GygUHD,MOx9AM3J6rnEQQJCSsWfT7wdOetSni3OV0mrNgho,MOx9AM3J6rnEQQJCSsWfT7wdOetSni3OV0mrNgho
I9zyEumkNRxIzJ9lhMe24gjeuA05krtaF8GygUHD,I9zyEumkNRxIzJ9lhMe24gjeuA05krtaF8GygUHD,I9zyEumkNRxIzJ9lhMe24gjeuA05krtaF8GygUHD,BR0isoSnDlgTmIqukAORkXTz6C9ABpEWp1Yw4Fx6,I9zyEumkNRxIzJ9lhMe24gjeuA05krtaF8GygUHD,I9zyEumkNRxIzJ9lhMe24gjeuA05krtaF8GygUHD
BR0isoSnDlgTmIqukAORkXTz6C9ABpEWp1Yw4Fx6,BR0isoSnDlgTmIqukAORkXTz6C9ABpEWp1Yw4Fx6,BR0isoSnDlgTmIqukAORkXTz6C9ABpEWp1Yw4Fx6,0tSt4SUsOj8fKBL2OwFTAz878S85snjiNnAx7n8z,BR0isoSnDlgTmIqukAORkXTz6C9ABpEWp1Yw4Fx6,BR0isoSnDlgTmIqukAORkXTz6C9ABpEWp1Yw4Fx6
0tSt4SUsOj8fKBL2OwFTAz878S85snjiNnAx7n8z,0tSt4SUsOj8fKBL2OwFTAz878S85snjiNnAx7n8z,0tSt4SUsOj8fKBL2OwFTAz878S85snjiNnAx7n8z,hBG5vMBqkXoKVhe5nKFmfjAVyNoGHSr22VXcrkoN,0tSt4SUsOj8fKBL2OwFTAz878S85snjiNnAx7n8z,0tSt4SUsOj8fKBL2OwFTAz878S85snjiNnAx7n8z
hBG5vMBqkXoKVhe5nKFmfjAVyNoGHSr22VXcrkoN,hBG5vMBqkXoKVhe5nKFmfjAVyNoGHSr22VXcrkoN,hBG5vMBqkXoKVhe5nKFmfjAVyNoGHSr22VXcrkoN,G0PLr6xT9E96wJTJXQDNB728J4rHnKFKya5jIcwT,hBG5vMBqkXoKVhe5nKFmfjAVyNoGHSr22VXcrkoN,G97yzpX8HPnbmrVEC0Aoz2si9mlAiCfZmduqw99n
G0PLr6xT9E96wJTJXQDNB728J4rHnKFKya5jIcwT,G0PLr6xT9E96wJTJXQDNB728J4rHnKFKya5jIcwT,G0PLr6xT9E96wJTJXQDNB728J4rHnKFKya5jIcwT,G97yzpX8HPnbmrVEC0Aoz2si9mlAiCfZmduqw99n,G97yzpX8HPnbmrVEC0Aoz2si9mlAiCfZmduqw99n,MOx9AM3J6rnEQQJCSsWfT7wdOetSni3OV0mrNgho
DboXcHUzjiTnEyfVzMA8hgefX2B7suIPftuPWSyq,DboXcHUzjiTnEyfVzMA8hgefX2B7suIPftuPWSyq,DboXcHUzjiTnEyfVzMA8hgefX2B7suIPftuPWSyq,MOx9AM3J6rnEQQJCSsWfT7wdOetSni3OV0mrNgho,MOx9AM3J6rnEQQJCSsWfT7wdOetSni3OV0mrNgho,I9zyEumkNRxIzJ9lhMe24gjeuA05krtaF8GygUHD
neo9uYRJVawyUm1nyXvQrJxwVqapvXp6gVg6kwxr,neo9uYRJVawyUm1nyXvQrJxwVqapvXp6gVg6kwxr,G97yzpX8HPnbmrVEC0Aoz2si9mlAiCfZmduqw99n,I9zyEumkNRxIzJ9lhMe24gjeuA05krtaF8GygUHD,I9zyEumkNRxIzJ9lhMe24gjeuA05krtaF8GygUHD,BR0isoSnDlgTmIqukAORkXTz6C9ABpEWp1Yw4Fx6
G97yzpX8HPnbmrVEC0Aoz2si9mlAiCfZmduqw99n,nOgJEtffp9e3P1qN9pqUrIZB0WQ9VIdptmx5wtia,MOx9AM3J6rnEQQJCSsWfT7wdOetSni3OV0mrNgho,BR0isoSnDlgTmIqukAORkXTz6C9ABpEWp1Yw4Fx6,BR0isoSnDlgTmIqukAORkXTz6C9ABpEWp1Yw4Fx6,0tSt4SUsOj8fKBL2OwFTAz878S85snjiNnAx7n8z
MOx9AM3J6rnEQQJCSsWfT7wdOetSni3OV0mrNgho,G97yzpX8HPnbmrVEC0Aoz2si9mlAiCfZmduqw99n,I9zyEumkNRxIzJ9lhMe24gjeuA05krtaF8GygUHD,0tSt4SUsOj8fKBL2OwFTAz878S85snjiNnAx7n8z,0tSt4SUsOj8fKBL2OwFTAz878S85snjiNnAx7n8z,G97yzpX8HPnbmrVEC0Aoz2si9mlAiCfZmduqw99n
I9zyEumkNRxIzJ9lhMe24gjeuA05krtaF8GygUHD,MOx9AM3J6rnEQQJCSsWfT7wdOetSni3OV0mrNgho,BR0isoSnDlgTmIqukAORkXTz6C9ABpEWp1Yw4Fx6,hBG5vMBqkXoKVhe5nKFmfjAVyNoGHSr22VXcrkoN,hBG5vMBqkXoKVhe5nKFmfjAVyNoGHSr22VXcrkoN,MOx9AM3J6rnEQQJCSsWfT7wdOetSni3OV0mrNgho
BR0isoSnDlgTmIqukAORkXTz6C9ABpEWp1Yw4Fx6,I9zyEumkNRxIzJ9lhMe24gjeuA05krtaF8GygUHD,0tSt4SUsOj8fKBL2OwFTAz878S85snjiNnAx7n8z,G0PLr6xT9E96wJTJXQDNB728J4rHnKFKya5jIcwT,G97yzpX8HPnbmrVEC0Aoz2si9mlAiCfZmduqw99n,I9zyEumkNRxIzJ9lhMe24gjeuA05krtaF8GygUHD
0tSt4SUsOj8fKBL2OwFTAz878S85snjiNnAx7n8z,BR0isoSnDlgTmIqukAORkXTz6C9ABpEWp1Yw4Fx6,hBG5vMBqkXoKVhe5nKFmfjAVyNoGHSr22VXcrkoN,G97yzpX8HPnbmrVEC0Aoz2si9mlAiCfZmduqw99n,MOx9AM3J6rnEQQJCSsWfT7wdOetSni3OV0mrNgho,BR0isoSnDlgTmIqukAORkXTz6C9ABpEWp1Yw4Fx6
hBG5vMBqkXoKVhe5nKFmfjAVyNoGHSr22VXcrkoN,0tSt4SUsOj8fKBL2OwFTAz878S85snjiNnAx7n8z,G0PLr6xT9E96wJTJXQDNB728J4rHnKFKya5jIcwT,MOx9AM3J6rnEQQJCSsWfT7wdOetSni3OV0mrNgho,I9zyEumkNRxIzJ9lhMe24gjeuA05krtaF8GygUHD,0tSt4SUsOj8fKBL2OwFTAz878S85snjiNnAx7n8z
G0PLr6xT9E96wJTJXQDNB728J4rHnKFKya5jIcwT,hBG5vMBqkXoKVhe5nKFmfjAVyNoGHSr22VXcrkoN,DboXcHUzjiTnEyfVzMA8hgefX2B7suIPftuPWSyq,I9zyEumkNRxIzJ9lhMe24gjeuA05krtaF8GygUHD,BR0isoSnDlgTmIqukAORkXTz6C9ABpEWp1Yw4Fx6,G97yzpX8HPnbmrVEC0Aoz2si9mlAiCfZmduqw99n
DboXcHUzjiTnEyfVzMA8hgefX2B7suIPftuPWSyq,G0PLr6xT9E96wJTJXQDNB728J4rHnKFKya5jIcwT,G97yzpX8HPnbmrVEC0Aoz2si9mlAiCfZmduqw99n,BR0isoSnDlgTmIqukAORkXTz6C9ABpEWp1Yw4Fx6,0tSt4SUsOj8fKBL2OwFTAz878S85snjiNnAx7n8z,MOx9AM3J6rnEQQJCSsWfT7wdOetSni3OV0mrNgho
neo9uYRJVawyUm1nyXvQrJxwVqapvXp6gVg6kwxr,DboXcHUzjiTnEyfVzMA8hgefX2B7suIPftuPWSyq,MOx9AM3J6rnEQQJCSsWfT7wdOetSni3OV0mrNgho,0tSt4SUsOj8fKBL2OwFTAz878S85snjiNnAx7n8z,hBG5vMBqkXoKVhe5nKFmfjAVyNoGHSr22VXcrkoN,I9zyEumkNRxIzJ9lhMe24gjeuA05krtaF8GygUHD
G97yzpX8HPnbmrVEC0Aoz2si9mlAiCfZmduqw99n,neo9uYRJVawyUm1nyXvQrJxwVqapvXp6gVg6kwxr,I9zyEumkNRxIzJ9lhMe24gjeuA05krtaF8GygUHD,hBG5vMBqkXoKVhe5nKFmfjAVyNoGHSr22VXcrkoN,G97yzpX8HPnbmrVEC0Aoz2si9mlAiCfZmduqw99n,BR0isoSnDlgTmIqukAORkXTz6C9ABpEWp1Yw4Fx6
MOx9AM3J6rnEQQJCSsWfT7wdOetSni3OV0mrNgho,nOgJEtffp9e3P1qN9pqUrIZB0WQ9VIdptmx5wtia,BR0isoSnDlgTmIqukAORkXTz6C9ABpEWp1Yw4Fx6,G0PLr6xT9E96wJTJXQDNB728J4rHnKFKya5jIcwT,MOx9AM3J6rnEQQJCSsWfT7wdOetSni3OV0mrNgho,0tSt4SUsOj8fKBL2OwFTAz878S85snjiNnAx7n8z
I9zyEumkNRxIzJ9lhMe24gjeuA05krtaF8GygUHD,G97yzpX8HPnbmrVEC0Aoz2si9mlAiCfZmduqw99n,0tSt4SUsOj8fKBL2OwFTAz878S85snjiNnAx7n8z,G97yzpX8HPnbmrVEC0Aoz2si9mlAiCfZmduqw99n,I9zyEumkNRxIzJ9lhMe24gjeuA05krtaF8GygUHD,G97yzpX8HPnbmrVEC0Aoz2si9mlAiCfZmduqw99n
BR0isoSnDlgTmIqukAORkXTz6C9ABpEWp1Yw4Fx6,MOx9AM3J6rnEQQJCSsWfT7wdOetSni3OV0mrNgho,hBG5vMBqkXoKVhe5nKFmfjAVyNoGHSr22VXcrkoN,MOx9AM3J6rnEQQJCSsWfT7wdOetSni3OV0mrNgho,BR0isoSnDlgTmIqukAORkXTz6C9ABpEWp1Yw4Fx6,MOx9AM3J6rnEQQJCSsWfT7wdOetSni3OV0mrNgho
0tSt4SUsOj8fKBL2OwFTAz878S85snjiNnAx7n8z,I9zyEumkNRxIzJ9lhMe24gjeuA05krtaF8GygUHD,G0PLr6xT9E96wJTJXQDNB728J4rHnKFKya5jIcwT,I9zyEumkNRxIzJ9lhMe24gjeuA05krtaF8GygUHD,0tSt4SUsOj8fKBL2OwFTAz878S85snjiNnAx7n8z,I9zyEumkNRxIzJ9lhMe24gjeuA05krtaF8GygUHD
hBG5vMBqkXoKVhe5nKFmfjAVyNoGHSr22VXcrkoN,BR0isoSnDlgTmIqukAORkXTz6C9ABpEWp1Yw4Fx6,DboXcHUzjiTnEyfVzMA8hgefX2B7suIPftuPWSyq,BR0isoSnDlgTmIqukAORkXTz6C9ABpEWp1Yw4Fx6,hBG5vMBqkXoKVhe5nKFmfjAVyNoGHSr22VXcrkoN,BR0isoSnDlgTmIqukAORkXTz6C9ABpEWp1Yw4Fx6
G0PLr6xT9E96wJTJXQDNB728J4rHnKFKya5jIcwT,0tSt4SUsOj8fKBL2OwFTAz878S85snjiNnAx7n8z,G97yzpX8HPnbmrVEC0Aoz2si9mlAiCfZmduqw99n,0tSt4SUsOj8fKBL2OwFTAz878S85snjiNnAx7n8z,G97yzpX8HPnbmrVEC0Aoz2si9mlAiCfZmduqw99n,0tSt4SUsOj8fKBL2OwFTAz878S85snjiNnAx7n8z
DboXcHUzjiTnEyfVzMA8hgefX2B7suIPftuPWSyq,hBG5vMBqkXoKVhe5nKFmfjAVyNoGHSr22VXcrkoN,MOx9AM3J6rnEQQJCSsWfT7wdOetSni3OV0mrNgho,hBG5vMBqkXoKVhe5nKFmfjAVyNoGHSr22VXcrkoN,MOx9AM3J6rnEQQJCSsWfT7wdOetSni3OV0mrNgho,G97yzpX8HPnbmrVEC0Aoz2si9mlAiCfZmduqw99n
neo9uYRJVawyUm1nyXvQrJxwVqapvXp6gVg6kwxr,G0PLr6xT9E96wJTJXQDNB728J4rHnKFKya5jIcwT,I9zyEumkNRxIzJ9lhMe24gjeuA05krtaF8GygUHD,G0PLr6xT9E96wJTJXQDNB728J4rHnKFKya5jIcwT,I9zyEumkNRxIzJ9lhMe24gjeuA05krtaF8GygUHD,MOx9AM3J6rnEQQJCSsWfT7wdOetSni3OV0mrNgho
G97yzpX8HPnbmrVEC0Aoz2si9mlAiCfZmduqw99n,DboXcHUzjiTnEyfVzMA8hgefX2B7suIPftuPWSyq,BR0isoSnDlgTmIqukAORkXTz6C9ABpEWp1Yw4Fx6,G97yzpX8HPnbmrVEC0Aoz2si9mlAiCfZmduqw99n,BR0isoSnDlgTmIqukAORkXTz6C9ABpEWp1Yw4Fx6,I9zyEumkNRxIzJ9lhMe24gjeuA05krtaF8GygUHD
MOx9AM3J6rnEQQJCSsWfT7wdOetSni3OV0mrNgho,neo9uYRJVawyUm1nyXvQrJxwVqapvXp6gVg6kwxr,0tSt4SUsOj8fKBL2OwFTAz878S85snjiNnAx7n8z,MOx9AM3J6rnEQQJCSsWfT7wdOetSni3OV0mrNgho,0tSt4SUsOj8fKBL2OwFTAz878S85snjiNnAx7n8z,BR0isoSnDlgTmIqukAORkXTz6C9ABpEWp1Yw4Fx6
I9zyEumkNRxIzJ9lhMe24gjeuA05krtaF8GygUHD,nOgJEtffp9e3P1qN9pqUrIZB0WQ9VIdptmx5wtia,hBG5vMBqkXoKVhe5nKFmfjAVyNoGHSr22VXcrkoN,I9zyEumkNRxIzJ9lhMe24gjeuA05krtaF8GygUHD,hBG5vMBqkXoKVhe5nKFmfjAVyNoGHSr22VXcrkoN,0tSt4SUsOj8fKBL2OwFTAz878S85snjiNnAx7n8z
BR0isoSnDlgTmIqukAORkXTz6C9ABpEWp1Yw4Fx6,G97yzpX8HPnbmrVEC0Aoz2si9mlAiCfZmduqw99n,G0PLr6xT9E96wJTJXQDNB728J4rHnKFKya5jIcwT,BR0isoSnDlgTmIqukAORkXTz6C9ABpEWp1Yw4Fx6,G97yzpX8HPnbmrVEC0Aoz2si9mlAiCfZmduqw99n,G97yzpX8HPnbmrVEC0Aoz2si9mlAiCfZmduqw99n
0tSt4SUsOj8fKBL2OwFTAz878S85snjiNnAx7n8z,MOx9AM3J6rnEQQJCSsWfT7wdOetSni3OV0mrNgho,DboXcHUzjiTnEyfVzMA8hgefX2B7suIPftuPWSyq,0tSt4SUsOj8fKBL2OwFTAz878S85snjiNnAx7n8z,MOx9AM3J6rnEQQJCSsWfT7wdOetSni3OV0mrNgho,MOx9AM3J6rnEQQJCSsWfT7wdOetSni3OV0mrNgho
hBG5vMBqkXoKVhe5nKFmfjAVyNoGHSr22VXcrkoN,I9zyEumkNRxIzJ9lhMe24gjeuA05krtaF8GygUHD,G97yzpX8HPnbmrVEC0Aoz2si9mlAiCfZmduqw99n,hBG5vMBqkXoKVhe5nKFmfjAVyNoGHSr22VXcrkoN,I9zyEumkNRxIzJ9lhMe24gjeuA05krtaF8GygUHD,I9zyEumkNRxIzJ9lhMe24gjeuA05krtaF8GygUHD
G0PLr6xT9E96wJTJXQDNB728J4rHnKFKya5jIcwT,BR0isoSnDlgTmIqukAORkXTz6C9ABpEWp1Yw4Fx6,MOx9AM3J6rnEQQJCSsWfT7wdOetSni3OV0mrNgho,G0PLr6xT9E96wJTJXQDNB728J4rHnKFKya5jIcwT,BR0isoSnDlgTmIqukAORkXTz6C9ABpEWp1Yw4Fx6,BR0isoSnDlgTmIqukAORkXTz6C9ABpEWp1Yw4Fx6
DboXcHUzjiTnEyfVzMA8hgefX2B7suIPftuPWSyq,0tSt4SUsOj8fKBL2OwFTAz878S85snjiNnAx7n8z,I9zyEumkNRxIzJ9lhMe24gjeuA05krtaF8GygUHD,G97yzpX8HPnbmrVEC0Aoz2si9mlAiCfZmduqw99n,0tSt4SUsOj8fKBL2OwFTAz878S85snjiNnAx7n8z,0tSt4SUsOj8fKBL2OwFTAz878S85snjiNnAx7n8z
neo9uYRJVawyUm1nyXvQrJxwVqapvXp6gVg6kwxr,hBG5vMBqkXoKVhe5nKFmfjAVyNoGHSr22VXcrkoN,BR0isoSnDlgTmIqukAORkXTz6C9ABpEWp1Yw4Fx6,MOx9AM3J6rnEQQJCSsWfT7wdOetSni3OV0mrNgho,hBG5vMBqkXoKVhe5nKFmfjAVyNoGHSr22VXcrkoN,G97yzpX8HPnbmrVEC0Aoz2si9mlAiCfZmduqw99n
G97yzpX8HPnbmrVEC0Aoz2si9mlAiCfZmduqw99n,G0PLr6xT9E96wJTJXQDNB728J4rHnKFKya5jIcwT,0tSt4SUsOj8fKBL2OwFTAz878S85snjiNnAx7n8z,I9zyEumkNRxIzJ9lhMe24gjeuA05krtaF8GygUHD,G97yzpX8HPnbmrVEC0Aoz2si9mlAiCfZmduqw99n,MOx9AM3J6rnEQQJCSsWfT7wdOetSni3OV0mrNgho
MOx9AM3J6rnEQQJCSsWfT7wdOetSni3OV0mrNgho,DboXcHUzjiTnEyfVzMA8hgefX2B7suIPftuPWSyq,hBG5vMBqkXoKVhe5nKFmfjAVyNoGHSr22VXcrkoN,BR0isoSnDlgTmIqukAORkXTz6C9ABpEWp1Yw4Fx6,MOx9AM3J6rnEQQJCSsWfT7wdOetSni3OV0mrNgho,I9zyEumkNRxIzJ9lhMe24gjeuA05krtaF8GygUHD
I9zyEumkNRxIzJ9lhMe24gjeuA05krtaF8GygUHD,neo9uYRJVawyUm1nyXvQrJxwVqapvXp6gVg6kwxr,G0PLr6xT9E96wJTJXQDNB728J4rHnKFKya5jIcwT,0tSt4SUsOj8fKBL2OwFTAz878S85snjiNnAx7n8z,I9zyEumkNRxIzJ9lhMe24gjeuA05krtaF8GygUHD,BR0isoSnDlgTmIqukAORkXTz6C9ABpEWp1Yw4Fx6
BR0isoSnDlgTmIqukAORkXTz6C9ABpEWp1Yw4Fx6,nOgJEtffp9e3P1qN9pqUrIZB0WQ9VIdptmx5wtia,DboXcHUzjiTnEyfVzMA8hgefX2B7suIPftuPWSyq,hBG5vMBqkXoKVhe5nKFmfjAVyNoGHSr22VXcrkoN,BR0isoSnDlgTmIqukAORkXTz6C9ABpEWp1Yw4Fx6,0tSt4SUsOj8fKBL2OwFTAz878S85snjiNnAx7n8z
0tSt4SUsOj8fKBL2OwFTAz878S85snjiNnAx7n8z,G97yzpX8HPnbmrVEC0Aoz2si9mlAiCfZmduqw99n,G97yzpX8HPnbmrVEC0Aoz2si9mlAiCfZmduqw99n,G0PLr6xT9E96wJTJXQDNB728J4rHnKFKya5jIcwT,0tSt4SUsOj8fKBL2OwFTAz878S85snjiNnAx7n8z,G97yzpX8HPnbmrVEC0Aoz2si9mlAiCfZmduqw99n
hBG5vMBqkXoKVhe5nKFmfjAVyNoGHSr22VXcrkoN,MOx9AM3J6rnEQQJCSsWfT7wdOetSni3OV0mrNgho,MOx9AM3J6rnEQQJCSsWfT7wdOetSni3OV0mrNgho,G97yzpX8HPnbmrVEC0Aoz2si9mlAiCfZmduqw99n,hBG5vMBqkXoKVhe5nKFmfjAVyNoGHSr22VXcrkoN,MOx9AM3J6rnEQQJCSsWfT7wdOetSni3OV0mrNgho
G0PLr6xT9E96wJTJXQDNB728J4rHnKFKya5jIcwT,I9zyEumkNRxIzJ9lhMe24gjeuA05krtaF8GygUHD,I9zyEumkNRxIzJ9lhMe24gjeuA05krtaF8GygUHD,MOx9AM3J6rnEQQJCSsWfT7wdOetSni3OV0mrNgho,G97yzpX8HPnbmrVEC0Aoz2si9mlAiCfZmduqw99n,I9zyEumkNRxIzJ9lhMe24gjeuA05krtaF8GygUHD
DboXcHUzjiTnEyfVzMA8hgefX2B7suIPftuPWSyq,BR0isoSnDlgTmIqukAORkXTz6C9ABpEWp1Yw4Fx6,BR0isoSnDlgTmIqukAORkXTz6C9ABpEWp1Yw4Fx6,I9zyEumkNRxIzJ9lhMe24gjeuA05krtaF8GygUHD,MOx9AM3J6rnEQQJCSsWfT7wdOetSni3OV0mrNgho,BR0isoSnDlgTmIqukAORkXTz6C9ABpEWp1Yw4Fx6
neo9uYRJVawyUm1nyXvQrJxwVqapvXp6gVg6kwxr,0tSt4SUsOj8fKBL2OwFTAz878S85snjiNnAx7n8z,0tSt4SUsOj8fKBL2OwFTAz878S85snjiNnAx7n8z,BR0isoSnDlgTmIqukAORkXTz6C9ABpEWp1Yw4Fx6,I9zyEumkNRxIzJ9lhMe24gjeuA05krtaF8GygUHD,0tSt4SUsOj8fKBL2OwFTAz878S85snjiNnAx7n8z
G97yzpX8HPnbmrVEC0Aoz2si9mlAiCfZmduqw99n,hBG5vMBqkXoKVhe5nKFmfjAVyNoGHSr22VXcrkoN,hBG5vMBqkXoKVhe5nKFmfjAVyNoGHSr22VXcrkoN,0tSt4SUsOj8fKBL2OwFTAz878S85snjiNnAx7n8z,BR0isoSnDlgTmIqukAORkXTz6C9ABpEWp1Yw4Fx6,G97yzpX8HPnbmrVEC0Aoz2si9mlAiCfZmduqw99n
MOx9AM3J6rnEQQJCSsWfT7wdOetSni3OV0mrNgho,G0PLr6xT9E96wJTJXQDNB728J4rHnKFKya5jIcwT,G0PLr6xT9E96wJTJXQDNB728J4rHnKFKya5jIcwT,hBG5vMBqkXoKVhe5nKFmfjAVyNoGHSr22VXcrkoN,0tSt4SUsOj8fKBL2OwFTAz878S85snjiNnAx7n8z,MOx9AM3J6rnEQQJCSsWfT7wdOetSni3OV0mrNgho
I9zyEumkNRxIzJ9lhMe24gjeuA05krtaF8GygUHD,DboXcHUzjiTnEyfVzMA8hgefX2B7suIPftuPWSyq,DboXcHUzjiTnEyfVzMA8hgefX2B7suIPftuPWSyq,G0PLr6xT9E96wJTJXQDNB728J4rHnKFKya5jIcwT,hBG5vMBqkXoKVhe5nKFmfjAVyNoGHSr22VXcrkoN,I9zyEumkNRxIzJ9lhMe24gjeuA05krtaF8GygUHD
BR0isoSnDlgTmIqukAORkXTz6C9ABpEWp1Yw4Fx6,neo9uYRJVawyUm1nyXvQrJxwVqapvXp6gVg6kwxr,G97yzpX8HPnbmrVEC0Aoz2si9mlAiCfZmduqw99n,G97yzpX8HPnbmrVEC0Aoz2si9mlAiCfZmduqw99n,G97yzpX8HPnbmrVEC0Aoz2si9mlAiCfZmduqw99n,BR0isoSnDlgTmIqukAORkXTz6C9ABpEWp1Yw4Fx6
0tSt4SUsOj8fKBL2OwFTAz878S85snjiNnAx7n8z,nOgJEtffp9e3P1qN9pqUrIZB0WQ9VIdptmx5wtia,MOx9AM3J6rnEQQJCSsWfT7wdOetSni3OV0mrNgho,MOx9AM3J6rnEQQJCSsWfT7wdOetSni3OV0mrNgho,MOx9AM3J6rnEQQJCSsWfT7wdOetSni3OV0mrNgho,0tSt4SUsOj8fKBL2OwFTAz878S85snjiNnAx7n8z
hBG5vMBqkXoKVhe5nKFmfjAVyNoGHSr22VXcrkoN,G97yzpX8HPnbmrVEC0Aoz2si9mlAiCfZmduqw99n,I9zyEumkNRxIzJ9lhMe24gjeuA05krtaF8GygUHD,I9zyEumkNRxIzJ9lhMe24gjeuA05krtaF8GygUHD,I9zyEumkNRxIzJ9lhMe24gjeuA05krtaF8GygUHD,G97yzpX8HPnbmrVEC0Aoz2si9mlAiCfZmduqw99n
G0PLr6xT9E96wJTJXQDNB728J4rHnKFKya5jIcwT,MOx9AM3J6rnEQQJCSsWfT7wdOetSni3OV0mrNgho,BR0isoSnDlgTmIqukAORkXTz6C9ABpEWp1Yw4Fx6,BR0isoSnDlgTmIqukAORkXTz6C9ABpEWp1Yw4Fx6,BR0isoSnDlgTmIqukAORkXTz6C9ABpEWp1Yw4Fx6,MOx9AM3J6rnEQQJCSsWfT7wdOetSni3OV0mrNgho
DboXcHUzjiTnEyfVzMA8hgefX2B7suIPftuPWSyq,I9zyEumkNRxIzJ9lhMe24gjeuA05krtaF8GygUHD,0tSt4SUsOj8fKBL2OwFTAz878S85snjiNnAx7n8z,0tSt4SUsOj8fKBL2OwFTAz878S85snjiNnAx7n8z,0tSt4SUsOj8fKBL2OwFTAz878S85snjiNnAx7n8z,I9zyEumkNRxIzJ9lhMe24gjeuA05krtaF8GygUHD
neo9uYRJVawyUm1nyXvQrJxwVqapvXp6gVg6kwxr,BR0isoSnDlgTmIqukAORkXTz6C9ABpEWp1Yw4Fx6,hBG5vMBqkXoKVhe5nKFmfjAVyNoGHSr22VXcrkoN,hBG5vMBqkXoKVhe5nKFmfjAVyNoGHSr22VXcrkoN,hBG5vMBqkXoKVhe5nKFmfjAVyNoGHSr22VXcrkoN,BR0isoSnDlgTmIqukAORkXTz6C9ABpEWp1Yw4Fx6
G97yzpX8HPnbmrVEC0Aoz2si9mlAiCfZmduqw99n,0tSt4SUsOj8fKBL2OwFTAz878S85snjiNnAx7n8z,G0PLr6xT9E96wJTJXQDNB728J4rHnKFKya5jIcwT,G0PLr6xT9E96wJTJXQDNB728J4rHnKFKya5jIcwT,G97yzpX8HPnbmrVEC0Aoz2si9mlAiCfZmduqw99n,0tSt4SUsOj8fKBL2OwFTAz878S85snjiNnAx7n8z
MOx9AM3J6rnEQQJCSsWfT7wdOetSni3OV0mrNgho,hBG5vMBqkXoKVhe5nKFmfjAVyNoGHSr22VXcrkoN,DboXcHUzjiTnEyfVzMA8hgefX2B7suIPftuPWSyq,G97yzpX8HPnbmrVEC0Aoz2si9mlAiCfZmduqw99n,MOx9AM3J6rnEQQJCSsWfT7wdOetSni3OV0mrNgho,G97yzpX8HPnbmrVEC0Aoz2si9mlAiCfZmduqw99n
I9zyEumkNRxIzJ9lhMe24gjeuA05krtaF8GygUHD,G0PLr6xT9E96wJTJXQDNB728J4rHnKFKya5jIcwT,G97yzpX8HPnbmrVEC0Aoz2si9mlAiCfZmduqw99n,MOx9AM3J6rnEQQJCSsWfT7wdOetSni3OV0mrNgho,I9zyEumkNRxIzJ9lhMe24gjeuA05krtaF8GygUHD,MOx9AM3J6rnEQQJCSsWfT7wdOetSni3OV0mrNgho
BR0isoSnDlgTmIqukAORkXTz6C9ABpEWp1Yw4Fx6,DboXcHUzjiTnEyfVzMA8hgefX2B7suIPftuPWSyq,MOx9AM3J6rnEQQJCSsWfT7wdOetSni3OV0mrNgho,I9zyEumkNRxIzJ9lhMe24gjeuA05krtaF8GygUHD,BR0isoSnDlgTmIqukAORkXTz6C9ABpEWp1Yw4Fx6,I9zyEumkNRxIzJ9lhMe24gjeuA05krtaF8GygUHD
0tSt4SUsOj8fKBL2OwFTAz878S85snjiNnAx7n8z,neo9uYRJVawyUm1nyXvQrJxwVqapvXp6gVg6kwxr,I9zyEumkNRxIzJ9lhMe24gjeuA05krtaF8GygUHD,BR0isoSnDlgTmIqukAORkXTz6C9ABpEWp1Yw4Fx6,0tSt4SUsOj8fKBL2OwFTAz878S85snjiNnAx7n8z,BR0isoSnDlgTmIqukAORkXTz6C9ABpEWp1Yw4Fx6
hBG5vMBqkXoKVhe5nKFmfjAVyNoGHSr22VXcrkoN,nOgJEtffp9e3P1qN9pqUrIZB0WQ9VIdptmx5wtia,BR0isoSnDlgTmIqukAORkXTz6C9ABpEWp1Yw4Fx6,0tSt4SUsOj8fKBL2OwFTAz878S85snjiNnAx7n8z,hBG5vMBqkXoKVhe5nKFmfjAVyNoGHSr22VXcrkoN,0tSt4SUsOj8fKBL2OwFTAz878S85snjiNnAx7n8z
G0PLr6xT9E96wJTJXQDNB728J4rHnKFKya5jIcwT,G97yzpX8HPnbmrVEC0Aoz2si9mlAiCfZmduqw99n,0tSt4SUsOj8fKBL2OwFTAz878S85snjiNnAx7n8z,hBG5vMBqkXoKVhe5nKFmfjAVyNoGHSr22VXcrkoN,G97yzpX8HPnbmrVEC0Aoz2si9mlAiCfZmduqw99n,G97yzpX8HPnbmrVEC0Aoz2si9mlAiCfZmduqw99n
DboXcHUzjiTnEyfVzMA8hgefX2B7suIPftuPWSyq,MOx9AM3J6rnEQQJCSsWfT7wdOetSni3OV0mrNgho,hBG5vMBqkXoKVhe5nKFmfjAVyNoGHSr22VXcrkoN,G0PLr6xT9E96wJTJXQDNB728J4rHnKFKya5jIcwT,MOx9AM3J6rnEQQJCSsWfT7wdOetSni3OV0mrNgho,MOx9AM3J6rnEQQJCSsWfT7wdOetSni3OV0mrNgho
neo9uYRJVawyUm1nyXvQrJxwVqapvXp6gVg6kwxr,I9zyEumkNRxIzJ9lhMe24gjeuA05krtaF8GygUHD,G0PLr6xT9E96wJTJXQDNB728J4rHnKFKya5jIcwT,G97yzpX8HPnbmrVEC0Aoz2si9mlAiCfZmduqw99n,I9zyEumkNRxIzJ9lhMe24gjeuA05krtaF8GygUHD,I9zyEumkNRxIzJ9lhMe24gjeuA05krtaF8GygUHD
G97yzpX8HPnbmrVEC0Aoz2si9mlAiCfZmduqw99n,BR0isoSnDlgTmIqukAORkXTz6C9ABpEWp1Yw4Fx6,DboXcHUzjiTnEyfVzMA8hgefX2B7suIPftuPWSyq,MOx9AM3J6rnEQQJCSsWfT7wdOetSni3OV0mrNgho,BR0isoSnDlgTmIqukAORkXTz6C9ABpEWp1Yw4Fx6,BR0isoSnDlgTmIqukAORkXTz6C9ABpEWp1Yw4Fx6
MOx9AM3J6rnEQQJCSsWfT7wdOetSni3OV0mrNgho,0tSt4SUsOj8fKBL2OwFTAz878S85snjiNnAx7n8z,G97yzpX8HPnbmrVEC0Aoz2si9mlAiCfZmduqw99n,I9zyEumkNRxIzJ9lhMe24gjeuA05krtaF8GygUHD,0tSt4SUsOj8fKBL2OwFTAz878S85snjiNnAx7n8z,0tSt4SUsOj8fKBL2OwFTAz878S85snjiNnAx7n8z
I9zyEumkNRxIzJ9lhMe24gjeuA05krtaF8GygUHD,hBG5vMBqkXoKVhe5nKFmfjAVyNoGHSr22VXcrkoN,MOx9AM3J6rnEQQJCSsWfT7wdOetSni3OV0mrNgho,BR0isoSnDlgTmIqukAORkXTz6C9ABpEWp1Yw4Fx6,hBG5vMBqkXoKVhe5nKFmfjAVyNoGHSr22VXcrkoN,G97yzpX8HPnbmrVEC0Aoz2si9mlAiCfZmduqw99n
BR0isoSnDlgTmIqukAORkXTz6C9ABpEWp1Yw4Fx6,G0PLr6xT9E96wJTJXQDNB728J4rHnKFKya5jIcwT,I9zyEumkNRxIzJ9lhMe24gjeuA05krtaF8GygUHD,0tSt4SUsOj8fKBL2OwFTAz878S85snjiNnAx7n8z,G97yzpX8HPnbmrVEC0Aoz2si9mlAiCfZmduqw99n,MOx9AM3J6rnEQQJCSsWfT7wdOetSni3OV0mrNgho
0tSt4SUsOj8fKBL2OwFTAz878S85snjiNnAx7n8z,DboXcHUzjiTnEyfVzMA8hgefX2B7suIPftuPWSyq,BR0isoSnDlgTmIqukAORkXTz6C9ABpEWp1Yw4Fx6,hBG5vMBqkXoKVhe5nKFmfjAVyNoGHSr22VXcrkoN,MOx9AM3J6rnEQQJCSsWfT7wdOetSni3OV0mrNgho,I9zyEumkNRxIzJ9lhMe24gjeuA05krtaF8GygUHD
hBG5vMBqkXoKVhe5nKFmfjAVyNoGHSr22VXcrkoN,neo9uYRJVawyUm1nyXvQrJxwVqapvXp6gVg6kwxr,0tSt4SUsOj8fKBL2OwFTAz878S85snjiNnAx7n8z,G0PLr6xT9E96wJTJXQDNB728J4rHnKFKya5jIcwT,I9zyEumkNRxIzJ9lhMe24gjeuA05krtaF8GygUHD,BR0isoSnDlgTmIqukAORkXTz6C9ABpEWp1Yw4Fx6
G0PLr6xT9E96wJTJXQDNB728J4rHnKFKya5jIcwT,nOgJEtffp9e3P1qN9pqUrIZB0WQ9VIdptmx5wtia,hBG5vMBqkXoKVhe5nKFmfjAVyNoGHSr22VXcrkoN,G97yzpX8HPnbmrVEC0Aoz2si9mlAiCfZmduqw99n,BR0isoSnDlgTmIqukAORkXTz6C9ABpEWp1Yw4Fx6,0tSt4SUsOj8fKBL2OwFTAz878S85snjiNnAx7n8z
DboXcHUzjiTnEyfVzMA8hgefX2B7suIPftuPWSyq,G97yzpX8HPnbmrVEC0Aoz2si9mlAiCfZmduqw99n,G0PLr6xT9E96wJTJXQDNB728J4rHnKFKya5jIcwT,MOx9AM3J6rnEQQJCSsWfT7wdOetSni3OV0mrNgho,0tSt4SUsOj8fKBL2OwFTAz878S85snjiNnAx7n8z,G97yzpX8HPnbmrVEC0Aoz2si9mlAiCfZmduqw99n
neo9uYRJVawyUm1nyXvQrJxwVqapvXp6gVg6kwxr,MOx9AM3J6rnEQQJCSsWfT7wdOetSni3OV0mrNgho,DboXcHUzjiTnEyfVzMA8hgefX2B7suIPftuPWSyq,I9zyEumkNRxIzJ9lhMe24gjeuA05krtaF8GygUHD,hBG5vMBqkXoKVhe5nKFmfjAVyNoGHSr22VXcrkoN,MOx9AM3J6rnEQQJCSsWfT7wdOetSni3OV0mrNgho
G97yzpX8HPnbmrVEC0Aoz2si9mlAiCfZmduqw99n,I9zyEumkNRxIzJ9lhMe24gjeuA05krtaF8GygUHD,G97yzpX8HPnbmrVEC0Aoz2si9mlAiCfZmduqw99n,BR0isoSnDlgTmIqukAORkXTz6C9ABpEWp1Yw4Fx6,G97yzpX8HPnbmrVEC0Aoz2si9mlAiCfZmduqw99n,I9zyEumkNRxIzJ9lhMe24gjeuA05krtaF8GygUHD
MOx9AM3J6rnEQQJCSsWfT7wdOetSni3OV0mrNgho,BR0isoSnDlgTmIqukAORkXTz6C9ABpEWp1Yw4Fx6,MOx9AM3J6rnEQQJCSsWfT7wdOetSni3OV0mrNgho,0tSt4SUsOj8fKBL2OwFTAz878S85snjiNnAx7n8z,MOx9AM3J6rnEQQJCSsWfT7wdOetSni3OV0mrNgho,BR0isoSnDlgTmIqukAORkXTz6C9ABpEWp1Yw4Fx6
I9zyEumkNRxIzJ9lhMe24gjeuA05krtaF8GygUHD,0tSt4SUsOj8fKBL2OwFTAz878S85snjiNnAx7n8z,I9zyEumkNRxIzJ9lhMe24gjeuA05krtaF8GygUHD,hBG5vMBqkXoKVhe5nKFmfjAVyNoGHSr22VXcrkoN,I9zyEumkNRxIzJ9lhMe24gjeuA05krtaF8GygUHD,0tSt4SUsOj8fKBL2OwFTAz878S85snjiNnAx7n8z
BR0isoSnDlgTmIqukAORkXTz6C9ABpEWp1Yw4Fx6,hBG5vMBqkXoKVhe5nKFmfjAVyNoGHSr22VXcrkoN,BR0isoSnDlgTmIqukAORkXTz6C9ABpEWp1Yw4Fx6,G0PLr6xT9E96wJTJXQDNB728J4rHnKFKya5jIcwT,BR0isoSnDlgTmIqukAORkXTz6C9ABpEWp1Yw4Fx6,G97yzpX8HPnbmrVEC0Aoz2si9mlAiCfZmduqw99n
0tSt4SUsOj8fKBL2OwFTAz878S85snjiNnAx7n8z,G0PLr6xT9E96wJTJXQDNB728J4rHnKFKya5jIcwT,0tSt4SUsOj8fKBL2OwFTAz878S85snjiNnAx7n8z,G97yzpX8HPnbmrVEC0Aoz2si9mlAiCfZmduqw99n,0tSt4SUsOj8fKBL2OwFTAz878S85snjiNnAx7n8z,MOx9AM3J6rnEQQJCSsWfT7wdOetSni3OV0mrNgho
hBG5vMBqkXoKVhe5nKFmfjAVyNoGHSr22VXcrkoN,DboXcHUzjiTnEyfVzMA8hgefX2B7suIPftuPWSyq,hBG5vMBqkXoKVhe5nKFmfjAVyNoGHSr22VXcrkoN,MOx9AM3J6rnEQQJCSsWfT7wdOetSni3OV0mrNgho,hBG5vMBqkXoKVhe5nKFmfjAVyNoGHSr22VXcrkoN,I9zyEumkNRxIzJ9lhMe24gjeuA05krtaF8GygUHD
G0PLr6xT9E96wJTJXQDNB728J4rHnKFKya5jIcwT,neo9uYRJVawyUm1nyXvQrJxwVqapvXp6gVg6kwxr,G0PLr6xT9E96wJTJXQDNB728J4rHnKFKya5jIcwT,I9zyEumkNRxIzJ9lhMe24gjeuA05krtaF8GygUHD,G97yzpX8HPnbmrVEC0Aoz2si9mlAiCfZmduqw99n,BR0isoSnDlgTmIqukAORkXTz6C9ABpEWp1Yw4Fx6
DboXcHUzjiTnEyfVzMA8hgefX2B7suIPftuPWSyq,nOgJEtffp9e3P1qN9pqUrIZB0WQ9VIdptmx5wtia,DboXcHUzjiTnEyfVzMA8hgefX2B7suIPftuPWSyq,BR0isoSnDlgTmIqukAORkXTz6C9ABpEWp1Yw4Fx6,MOx9AM3J6rnEQQJCSsWfT7wdOetSni3OV0mrNgho,0tSt4SUsOj8fKBL2OwFTAz878S85snjiNnAx7n8z
neo9uYRJVawyUm1nyXvQrJxwVqapvXp6gVg6kwxr,G97yzpX8HPnbmrVEC0Aoz2si9mlAiCfZmduqw99n,G97yzpX8HPnbmrVEC0Aoz2si9mlAiCfZmduqw99n,0tSt4SUsOj8fKBL2OwFTAz878S85snjiNnAx7n8z,I9zyEumkNRxIzJ9lhMe24gjeuA05krtaF8GygUHD,G97yzpX8HPnbmrVEC0Aoz2si9mlAiCfZmduqw99n
G97yzpX8HPnbmrVEC0Aoz2si9mlAiCfZmduqw99n,MOx9AM3J6rnEQQJCSsWfT7wdOetSni3OV0mrNgho,MOx9AM3J6rnEQQJCSsWfT7wdOetSni3OV0mrNgho,hBG5vMBqkXoKVhe5nKFmfjAVyNoGHSr22VXcrkoN,BR0isoSnDlgTmIqukAORkXTz6C9ABpEWp1Yw4Fx6,MOx9AM3J6rnEQQJCSsWfT7wdOetSni3OV0mrNgho
MOx9AM3J6rnEQQJCSsWfT7wdOetSni3OV0mrNgho,I9zyEumkNRxIzJ9lhMe24gjeuA05krtaF8GygUHD,I9zyEumkNRxIzJ9lhMe24gjeuA05krtaF8GygUHD,G0PLr6xT9E96wJTJXQDNB728J4rHnKFKya5jIcwT,0tSt4SUsOj8fKBL2OwFTAz878S85snjiNnAx7n8z,I9zyEumkNRxIzJ9lhMe24gjeuA05krtaF8GygUHD
I9zyEumkNRxIzJ9lhMe24gjeuA05krtaF8GygUHD,BR0isoSnDlgTmIqukAORkXTz6C9ABpEWp1Yw4Fx6,BR0isoSnDlgTmIqukAORkXTz6C9ABpEWp1Yw4Fx6,G97yzpX8HPnbmrVEC0Aoz2si9mlAiCfZmduqw99n,hBG5vMBqkXoKVhe5nKFmfjAVyNoGHSr22VXcrkoN,BR0isoSnDlgTmIqukAORkXTz6C9ABpEWp1Yw4Fx6
BR0isoSnDlgTmIqukAORkXTz6C9ABpEWp1Yw4Fx6,0tSt4SUsOj8fKBL2OwFTAz878S85snjiNnAx7n8z,0tSt4SUsOj8fKBL2OwFTAz878S85snjiNnAx7n8z,MOx9AM3J6rnEQQJCSsWfT7wdOetSni3OV0mrNgho,G97yzpX8HPnbmrVEC0Aoz2si9mlAiCfZmduqw99n,0tSt4SUsOj8fKBL2OwFTAz878S85snjiNnAx7n8z
0tSt4SUsOj8fKBL2OwFTAz878S85snjiNnAx7n8z,hBG5vMBqkXoKVhe5nKFmfjAVyNoGHSr22VXcrkoN,hBG5vMBqkXoKVhe5nKFmfjAVyNoGHSr22VXcrkoN,I9zyEumkNRxIzJ9lhMe24gjeuA05krtaF8GygUHD,MOx9AM3J6rnEQQJCSsWfT7wdOetSni3OV0mrNgho,G97yzpX8HPnbmrVEC0Aoz2si9mlAiCfZmduqw99n
hBG5vMBqkXoKVhe5nKFmfjAVyNoGHSr22VXcrkoN,G0PLr6xT9E96wJTJXQDNB728J4rHnKFKya5jIcwT,G0PLr6xT9E96wJTJXQDNB728J4rHnKFKya5jIcwT,BR0isoSnDlgTmIqukAORkXTz6C9ABpEWp1Yw4Fx6,I9zyEumkNRxIzJ9lhMe24gjeuA05krtaF8GygUHD,MOx9AM3J6rnEQQJCSsWfT7wdOetSni3OV0mrNgho
G0PLr6xT9E96wJTJXQDNB728J4rHnKFKya5jIcwT,DboXcHUzjiTnEyfVzMA8hgefX2B7suIPftuPWSyq,DboXcHUzjiTnEyfVzMA8hgefX2B7suIPftuPWSyq,0tSt4SUsOj8fKBL2OwFTAz878S85snjiNnAx7n8z,BR0isoSnDlgTmIqukAORkXTz6C9ABpEWp1Yw4Fx6,I9zyEumkNRxIzJ9lhMe24gjeuA05krtaF8GygUHD
DboXcHUzjiTnEyfVzMA8hgefX2B7suIPftuPWSyq,neo9uYRJVawyUm1nyXvQrJxwVqapvXp6gVg6kwxr,G97yzpX8HPnbmrVEC0Aoz2si9mlAiCfZmduqw99n,hBG5vMBqkXoKVhe5nKFmfjAVyNoGHSr22VXcrkoN,0tSt4SUsOj8fKBL2OwFTAz878S85snjiNnAx7n8z,BR0isoSnDlgTmIqukAORkXTz6C9ABpEWp1Yw4Fx6
neo9uYRJVawyUm1nyXvQrJxwVqapvXp6gVg6kwxr,nOgJEtffp9e3P1qN9pqUrIZB0WQ9VIdptmx5wtia,MOx9AM3J6rnEQQJCSsWfT7wdOetSni3OV0mrNgho,G0PLr6xT9E96wJTJXQDNB728J4rHnKFKya5jIcwT,hBG5vMBqkXoKVhe5nKFmfjAVyNoGHSr22VXcrkoN,0tSt4SUsOj8fKBL2OwFTAz878S85snjiNnAx7n8z
G97yzpX8HPnbmrVEC0Aoz2si9mlAiCfZmduqw99n,G97yzpX8HPnbmrVEC0Aoz2si9mlAiCfZmduqw99n,I9zyEumkNRxIzJ9lhMe24gjeuA05krtaF8GygUHD,G97yzpX8HPnbmrVEC0Aoz2si9mlAiCfZmduqw99n,G97yzpX8HPnbmrVEC0Aoz2si9mlAiCfZmduqw99n,G97yzpX8HPnbmrVEC0Aoz2si9mlAiCfZmduqw99n
MOx9AM3J6rnEQQJCSsWfT7wdOetSni3OV0mrNgho,MOx9AM3J6rnEQQJCSsWfT7wdOetSni3OV0mrNgho,BR0isoSnDlgTmIqukAORkXTz6C9ABpEWp1Yw4Fx6,MOx9AM3J6rnEQQJCSsWfT7wdOetSni3OV0mrNgho,MOx9AM3J6rnEQQJCSsWfT7wdOetSni3OV0mrNgho,MOx9AM3J6rnEQQJCSsWfT7wdOetSni3OV0mrNgho
I9zyEumkNRxIzJ9lhMe24gjeuA05krtaF8GygUHD,I9zyEumkNRxIzJ9lhMe24gjeuA05krtaF8GygUHD,0tSt4SUsOj8fKBL2OwFTAz878S85snjiNnAx7n8z,I9zyEumkNRxIzJ9lhMe24gjeuA05krtaF8GygUHD,I9zyEumkNRxIzJ9lhMe24gjeuA05krtaF8GygUHD,I9zyEumkNRxIzJ9lhMe24gjeuA05krtaF8GygUHD
BR0isoSnDlgTmIqukAORkXTz6C9ABpEWp1Yw4Fx6,BR0isoSnDlgTmIqukAORkXTz6C9ABpEWp1Yw4Fx6,hBG5vMBqkXoKVhe5nKFmfjAVyNoGHSr22VXcrkoN,BR0isoSnDlgTmIqukAORkXTz6C9ABpEWp1Yw4Fx6,BR0isoSnDlgTmIqukAORkXTz6C9ABpEWp1Yw4Fx6,BR0isoSnDlgTmIqukAORkXTz6C9ABpEWp1Yw4Fx6
0tSt4SUsOj8fKBL2OwFTAz878S85snjiNnAx7n8z,0tSt4SUsOj8fKBL2OwFTAz878S85snjiNnAx7n8z,G0PLr6xT9E96wJTJXQDNB728J4rHnKFKya5jIcwT,0tSt4SUsOj8fKBL2OwFTAz878S85snjiNnAx7n8z,0tSt4SUsOj8fKBL2OwFTAz878S85snjiNnAx7n8z,0tSt4SUsOj8fKBL2OwFTAz878S85snjiNnAx7n8z
hBG5vMBqkXoKVhe5nKFmfjAVyNoGHSr22VXcrkoN,hBG5vMBqkXoKVhe5nKFmfjAVyNoGHSr22VXcrkoN,DboXcHUzjiTnEyfVzMA8hgefX2B7suIPftuPWSyq,hBG5vMBqkXoKVhe5nKFmfjAVyNoGHSr22VXcrkoN,hBG5vMBqkXoKVhe5nKFmfjAVyNoGHSr22VXcrkoN,G97yzpX8HPnbmrVEC0Aoz2si9mlAiCfZmduqw99n
G0PLr6xT9E96wJTJXQDNB728J4rHnKFKya5jIcwT,G0PLr6xT9E96wJTJXQDNB728J4rHnKFKya5jIcwT,G97yzpX8HPnbmrVEC0Aoz2si9mlAiCfZmduqw99n,G0PLr6xT9E96wJTJXQDNB728J4rHnKFKya5jIcwT,G97yzpX8HPnbmrVEC0Aoz2si9mlAiCfZmduqw99n,MOx9AM3J6rnEQQJCSsWfT7wdOetSni3OV0mrNgho
DboXcHUzjiTnEyfVzMA8hgefX2B7suIPftuPWSyq,DboXcHUzjiTnEyfVzMA8hgefX2B7suIPftuPWSyq,MOx9AM3J6rnEQQJCSsWfT7wdOetSni3OV0mrNgho,G97yzpX8HPnbmrVEC0Aoz2si9mlAiCfZmduqw99n,MOx9AM3J6rnEQQJCSsWfT7wdOetSni3OV0mrNgho,I9zyEumkNRxIzJ9lhMe24gjeuA05krtaF8GygUHD
neo9uYRJVawyUm1nyXvQrJxwVqapvXp6gVg6kwxr,neo9uYRJVawyUm1nyXvQrJxwVqapvXp6gVg6kwxr,I9zyEumkNRxIzJ9lhMe24gjeuA05krtaF8GygUHD,MOx9AM3J6rnEQQJCSsWfT7wdOetSni3OV0mrNgho,I9zyEumkNRxIzJ9lhMe24gjeuA05krtaF8GygUHD,BR0isoSnDlgTmIqukAORkXTz6C9ABpEWp1Yw4Fx6
G97yzpX8HPnbmrVEC0Aoz2si9mlAiCfZmduqw99n,nOgJEtffp9e3P1qN9pqUrIZB0WQ9VIdptmx5wtia,BR0isoSnDlgTmIqukAORkXTz6C9ABpEWp1Yw4Fx6,I9zyEumkNRxIzJ9lhMe24gjeuA05krtaF8GygUHD,BR0isoSnDlgTmIqukAORkXTz6C9ABpEWp1Yw4Fx6,0tSt4SUsOj8fKBL2OwFTAz878S85snjiNnAx7n8z
MOx9AM3J6rnEQQJCSsWfT7wdOetSni3OV0mrNgho,G97yzpX8HPnbmrVEC0Aoz2si9mlAiCfZmduqw99n,0tSt4SUsOj8fKBL2OwFTAz878S85snjiNnAx7n8z,BR0isoSnDlgTmIqukAORkXTz6C9ABpEWp1Yw4Fx6,0tSt4SUsOj8fKBL2OwFTAz878S85snjiNnAx7n8z,G97yzpX8HPnbmrVEC0Aoz2si9mlAiCfZmduqw99n
I9zyEumkNRxIzJ9lhMe24gjeuA05krtaF8GygUHD,MOx9AM3J6rnEQQJCSsWfT7wdOetSni3OV0mrNgho,hBG5vMBqkXoKVhe5nKFmfjAVyNoGHSr22VXcrkoN,0tSt4SUsOj8fKBL2OwFTAz878S85snjiNnAx7n8z,hBG5vMBqkXoKVhe5nKFmfjAVyNoGHSr22VXcrkoN,MOx9AM3J6rnEQQJCSsWfT7wdOetSni3OV0mrNgho
BR0isoSnDlgTmIqukAORkXTz6C9ABpEWp1Yw4Fx6,I9zyEumkNRxIzJ9lhMe24gjeuA05krtaF8GygUHD,G0PLr6xT9E96wJTJXQDNB728J4rHnKFKya5jIcwT,hBG5vMBqkXoKVhe5nKFmfjAVyNoGHSr22VXcrkoN,G97yzpX8HPnbmrVEC0Aoz2si9mlAiCfZmduqw99n,I9zyEumkNRxIzJ9lhMe24gjeuA05krtaF8GygUHD
0tSt4SUsOj8fKBL2OwFTAz878S85snjiNnAx7n8z,BR0isoSnDlgTmIqukAORkXTz6C9ABpEWp1Yw4Fx6,DboXcHUzjiTnEyfVzMA8hgefX2B7suIPftuPWSyq,G0PLr6xT9E96wJTJXQDNB728J4rHnKFKya5jIcwT,MOx9AM3J6rnEQQJCSsWfT7wdOetSni3OV0mrNgho,BR0isoSnDlgTmIqukAORkXTz6C9ABpEWp1Yw4Fx6
hBG5vMBqkXoKVhe5nKFmfjAVyNoGHSr22VXcrkoN,0tSt4SUsOj8fKBL2OwFTAz878S85snjiNnAx7n8z,G97yzpX8HPnbmrVEC0Aoz2si9mlAiCfZmduqw99n,G97yzpX8HPnbmrVEC0Aoz2si9mlAiCfZmduqw99n,I9zyEumkNRxIzJ9lhMe24gjeuA05krtaF8GygUHD,0tSt4SUsOj8fKBL2OwFTAz878S85snjiNnAx7n8z
G0PLr6xT9E96wJTJXQDNB728J4rHnKFKya5jIcwT,hBG5vMBqkXoKVhe5nKFmfjAVyNoGHSr22VXcrkoN,MOx9AM3J6rnEQQJCSsWfT7wdOetSni3OV0mrNgho,MOx9AM3J6rnEQQJCSsWfT7wdOetSni3OV0mrNgho,BR0isoSnDlgTmIqukAORkXTz6C9ABpEWp1Yw4Fx6,G97yzpX8HPnbmrVEC0Aoz2si9mlAiCfZmduqw99n
DboXcHUzjiTnEyfVzMA8hgefX2B7suIPftuPWSyq,G0PLr6xT9E96wJTJXQDNB728J4rHnKFKya5jIcwT,I9zyEumkNRxIzJ9lhMe24gjeuA05krtaF8GygUHD,I9zyEumkNRxIzJ9lhMe24gjeuA05krtaF8GygUHD,0tSt4SUsOj8fKBL2OwFTAz878S85snjiNnAx7n8z,MOx9AM3J6rnEQQJCSsWfT7wdOetSni3OV0mrNgho
neo9uYRJVawyUm1nyXvQrJxwVqapvXp6gVg6kwxr,DboXcHUzjiTnEyfVzMA8hgefX2B7suIPftuPWSyq,BR0isoSnDlgTmIqukAORkXTz6C9ABpEWp1Yw4Fx6,BR0isoSnDlgTmIqukAORkXTz6C9ABpEWp1Yw4Fx6,hBG5vMBqkXoKVhe5nKFmfjAVyNoGHSr22VXcrkoN,I9zyEumkNRxIzJ9lhMe24gjeuA05krtaF8GygUHD
G97yzpX8HPnbmrVEC0Aoz2si9mlAiCfZmduqw99n,neo9uYRJVawyUm1nyXvQrJxwVqapvXp6gVg6kwxr,0tSt4SUsOj8fKBL2OwFTAz878S85snjiNnAx7n8z,0tSt4SUsOj8fKBL2OwFTAz878S85snjiNnAx7n8z,G97yzpX8HPnbmrVEC0Aoz2si9mlAiCfZmduqw99n,BR0isoSnDlgTmIqukAORkXTz6C9ABpEWp1Yw4Fx6
MOx9AM3J6rnEQQJCSsWfT7wdOetSni3OV0mrNgho,nOgJEtffp9e3P1qN9pqUrIZB0WQ9VIdptmx5wtia,hBG5vMBqkXoKVhe5nKFmfjAVyNoGHSr22VXcrkoN,hBG5vMBqkXoKVhe5nKFmfjAVyNoGHSr22VXcrkoN,MOx9AM3J6rnEQQJCSsWfT7wdOetSni3OV0mrNgho,0tSt4SUsOj8fKBL2OwFTAz878S85snjiNnAx7n8z
I9zyEumkNRxIzJ9lhMe24gjeuA05krtaF8GygUHD,G97yzpX8HPnbmrVEC0Aoz2si9mlAiCfZmduqw99n,G0PLr6xT9E96wJTJXQDNB728J4rHnKFKya5jIcwT,G0PLr6xT9E96wJTJXQDNB728J4rHnKFKya5jIcwT,I9zyEumkNRxIzJ9lhMe24gjeuA05krtaF8GygUHD,G97yzpX8HPnbmrVEC0Aoz2si9mlAiCfZmduqw99n
BR0isoSnDlgTmIqukAORkXTz6C9ABpEWp1Yw4Fx6,MOx9AM3J6rnEQQJCSsWfT7wdOetSni3OV0mrNgho,DboXcHUzjiTnEyfVzMA8hgefX2B7suIPftuPWSyq,G97yzpX8HPnbmrVEC0Aoz2si9mlAiCfZmduqw99n,BR0isoSnDlgTmIqukAORkXTz6C9ABpEWp1Yw4Fx6,MOx9AM3J6rnEQQJCSsWfT7wdOetSni3OV0mrNgho
0tSt4SUsOj8fKBL2OwFTAz878S85snjiNnAx7n8z,I9zyEumkNRxIzJ9lhMe24gjeuA05krtaF8GygUHD,G97yzpX8HPnbmrVEC0Aoz2si9mlAiCfZmduqw99n,MOx9AM3J6rnEQQJCSsWfT7wdOetSni3OV0mrNgho,0tSt4SUsOj8fKBL2OwFTAz878S85snjiNnAx7n8z,I9zyEumkNRxIzJ9lhMe24gjeuA05krtaF8GygUHD
hBG5vMBqkXoKVhe5nKFmfjAVyNoGHSr22VXcrkoN,BR0isoSnDlgTmIqukAORkXTz6C9ABpEWp1Yw4Fx6,MOx9AM3J6rnEQQJCSsWfT7wdOetSni3OV0mrNgho,I9zyEumkNRxIzJ9lhMe24gjeuA05krtaF8GygUHD,hBG5vMBqkXoKVhe5nKFmfjAVyNoGHSr22VXcrkoN,BR0isoSnDlgTmIqukAORkXTz6C9ABpEWp1Yw4Fx6
G0PLr6xT9E96wJTJXQDNB728J4rHnKFKya5jIcwT,0tSt4SUsOj8fKBL2OwFTAz878S85snjiNnAx7n8z,I9zyEumkNRxIzJ9lhMe24gjeuA05krtaF8GygUHD,BR0isoSnDlgTmIqukAORkXTz6C9ABpEWp1Yw4Fx6,G97yzpX8HPnbmrVEC0Aoz2si9mlAiCfZmduqw99n,0tSt4SUsOj8fKBL2OwFTAz878S85snjiNnAx7n8z
DboXcHUzjiTnEyfVzMA8hgefX2B7suIPftuPWSyq,hBG5vMBqkXoKVhe5nKFmfjAVyNoGHSr22VXcrkoN,BR0isoSnDlgTmIqukAORkXTz6C9ABpEWp1Yw4Fx6,0tSt4SUsOj8fKBL2OwFTAz878S85snjiNnAx7n8z,MOx9AM3J6rnEQQJCSsWfT7wdOetSni3OV0mrNgho,G97yzpX8HPnbmrVEC0Aoz2si9mlAiCfZmduqw99n
neo9uYRJVawyUm1nyXvQrJxwVqapvXp6gVg6kwxr,G0PLr6xT9E96wJTJXQDNB728J4rHnKFKya5jIcwT,0tSt4SUsOj8fKBL2OwFTAz878S85snjiNnAx7n8z,hBG5vMBqkXoKVhe5nKFmfjAVyNoGHSr22VXcrkoN,I9zyEumkNRxIzJ9lhMe24gjeuA05krtaF8GygUHD,MOx9AM3J6rnEQQJCSsWfT7wdOetSni3OV0mrNgho
G97yzpX8HPnbmrVEC0Aoz2si9mlAiCfZmduqw99n,DboXcHUzjiTnEyfVzMA8hgefX2B7suIPftuPWSyq,hBG5vMBqkXoKVhe5nKFmfjAVyNoGHSr22VXcrkoN,G0PLr6xT9E96wJTJXQDNB728J4rHnKFKya5jIcwT,BR0isoSnDlgTmIqukAORkXTz6C9ABpEWp1Yw4Fx6,I9zyEumkNRxIzJ9lhMe24gjeuA05krtaF8GygUHD
MOx9AM3J6rnEQQJCSsWfT7wdOetSni3OV0mrNgho,neo9uYRJVawyUm1nyXvQrJxwVqapvXp6gVg6kwxr,G0PLr6xT9E96wJTJXQDNB728J4rHnKFKya5jIcwT,G97yzpX8HPnbmrVEC0Aoz2si9mlAiCfZmduqw99n,0tSt4SUsOj8fKBL2OwFTAz878S85snjiNnAx7n8z,BR0isoSnDlgTmIqukAORkXTz6C9ABpEWp1Yw4Fx6
I9zyEumkNRxIzJ9lhMe24gjeuA05krtaF8GygUHD,nOgJEtffp9e3P1qN9pqUrIZB0WQ9VIdptmx5wtia,DboXcHUzjiTnEyfVzMA8hgefX2B7suIPftuPWSyq,MOx9AM3J6rnEQQJCSsWfT7wdOetSni3OV0mrNgho,hBG5vMBqkXoKVhe5nKFmfjAVyNoGHSr22VXcrkoN,0tSt4SUsOj8fKBL2OwFTAz878S85snjiNnAx7n8z
BR0isoSnDlgTmIqukAORkXTz6C9ABpEWp1Yw4Fx6,G97yzpX8HPnbmrVEC0Aoz2si9mlAiCfZmduqw99n,G97yzpX8HPnbmrVEC0Aoz2si9mlAiCfZmduqw99n,I9zyEumkNRxIzJ9lhMe24gjeuA05krtaF8GygUHD,G97yzpX8HPnbmrVEC0Aoz2si9mlAiCfZmduqw99n,G97yzpX8HPnbmrVEC0Aoz2si9mlAiCfZmduqw99n
0tSt4SUsOj8fKBL2OwFTAz878S85snjiNnAx7n8z,MOx9AM3J6rnEQQJCSsWfT7wdOetSni3OV0mrNgho,MOx9AM3J6rnEQQJCSsWfT7wdOetSni3OV0mrNgho,BR0isoSnDlgTmIqukAORkXTz6C9ABpEWp1Yw4Fx6,MOx9AM3J6rnEQQJCSsWfT7wdOetSni3OV0mrNgho,MOx9AM3J6rnEQQJCSsWfT7wdOetSni3OV0mrNgho
hBG5vMBqkXoKVhe5nKFmfjAVyNoGHSr22VXcrkoN,I9zyEumkNRxIzJ9lhMe24gjeuA05krtaF8GygUHD,I9zyEumkNRxIzJ9lhMe24gjeuA05krtaF8GygUHD,0tSt4SUsOj8fKBL2OwFTAz878S85snjiNnAx7n8z,I9zyEumkNRxIzJ9lhMe24gjeuA05krtaF8GygUHD,I9zyEumkNRxIzJ9lhMe24gjeuA05krtaF8GygUHD
G0PLr6xT9E96wJTJXQDNB728J4rHnKFKya5jIcwT,BR0isoSnDlgTmIqukAORkXTz6C9ABpEWp1Yw4Fx6,BR0isoSnDlgTmIqukAORkXTz6C9ABpEWp1Yw4Fx6,hBG5vMBqkXoKVhe5nKFmfjAVyNoGHSr22VXcrkoN,BR0isoSnDlgTmIqukAORkXTz6C9ABpEWp1Yw4Fx6,BR0isoSnDlgTmIqukAORkXTz6C9ABpEWp1Yw4Fx6
DboXcHUzjiTnEyfVzMA8hgefX2B7suIPftuPWSyq,0tSt4SUsOj8fKBL2OwFTAz878S85snjiNnAx7n8z,0tSt4SUsOj8fKBL2OwFTAz878S85snjiNnAx7n8z,G0PLr6xT9E96wJTJXQDNB728J4rHnKFKya5jIcwT,0tSt4SUsOj8fKBL2OwFTAz878S85snjiNnAx7n8z,0tSt4SUsOj8fKBL2OwFTAz878S85snjiNnAx7n8z
neo9uYRJVawyUm1nyXvQrJxwVqapvXp6gVg6kwxr,hBG5vMBqkXoKVhe5nKFmfjAVyNoGHSr22VXcrkoN,hBG5vMBqkXoKVhe5nKFmfjAVyNoGHSr22VXcrkoN,G97yzpX8HPnbmrVEC0Aoz2si9mlAiCfZmduqw99n,hBG5vMBqkXoKVhe5nKFmfjAVyNoGHSr22VXcrkoN,G97yzpX8HPnbmrVEC0Aoz2si9mlAiCfZmduqw99n
G97yzpX8HPnbmrVEC0Aoz2si9mlAiCfZmduqw99n,G0PLr6xT9E96wJTJXQDNB728J4rHnKFKya5jIcwT,G0PLr6xT9E96wJTJXQDNB728J4rHnKFKya5jIcwT,MOx9AM3J6rnEQQJCSsWfT7wdOetSni3OV0mrNgho,G97yzpX8HPnbmrVEC0Aoz2si9mlAiCfZmduqw99n,MOx9AM3J6rnEQQJCSsWfT7wdOetSni3OV0mrNgho
MOx9AM3J6rnEQQJCSsWfT7wdOetSni3OV0mrNgho,DboXcHUzjiTnEyfVzMA8hgefX2B7suIPftuPWSyq,DboXcHUzjiTnEyfVzMA8hgefX2B7suIPftuPWSyq,I9zyEumkNRxIzJ9lhMe24gjeuA05krtaF8GygUHD,MOx9AM3J6rnEQQJCSsWfT7wdOetSni3OV0mrNgho,I9zyEumkNRxIzJ9lhMe24gjeuA05krtaF8GygUHD
I9zyEumkNRxIzJ9lhMe24gjeuA05krtaF8GygUHD,neo9uYRJVawyUm1nyXvQrJxwVqapvXp6gVg6kwxr,G97yzpX8HPnbmrVEC0Aoz2si9mlAiCfZmduqw99n,BR0isoSnDlgTmIqukAORkXTz6C9ABpEWp1Yw4Fx6,I9zyEumkNRxIzJ9lhMe24gjeuA05krtaF8GygUHD,BR0isoSnDlgTmIqukAORkXTz6C9ABpEWp1Yw4Fx6
BR0isoSnDlgTmIqukAORkXTz6C9ABpEWp1Yw4Fx6,nOgJEtffp9e3P1qN9pqUrIZB0WQ9VIdptmx5wtia,MOx9AM3J6rnEQQJCSsWfT7wdOetSni3OV0mrNgho,0tSt4SUsOj8fKBL2OwFTAz878S85snjiNnAx7n8z,BR0isoSnDlgTmIqukAORkXTz6C9ABpEWp1Yw4Fx6,0tSt4SUsOj8fKBL2OwFTAz878S85snjiNnAx7n8z
0tSt4SUsOj8fKBL2OwFTAz878S85snjiNnAx7n8z,G97yzpX8HPnbmrVEC0Aoz2si9mlAiCfZmduqw99n,I9zyEumkNRxIzJ9lhMe24gjeuA05krtaF8GygUHD,hBG5vMBqkXoKVhe5nKFmfjAVyNoGHSr22VXcrkoN,0tSt4SUsOj8fKBL2OwFTAz878S85snjiNnAx7n8z,G97yzpX8HPnbmrVEC0Aoz2si9mlAiCfZmduqw99n
hBG5vMBqkXoKVhe5nKFmfjAVyNoGHSr22VXcrkoN,MOx9AM3J6rnEQQJCSsWfT7wdOetSni3OV0mrNgho,BR0isoSnDlgTmIqukAORkXTz6C9ABpEWp1Yw4Fx6,G0PLr6xT9E96wJTJXQDNB728J4rHnKFKya5jIcwT,hBG5vMBqkXoKVhe5nKFmfjAVyNoGHSr22VXcrkoN,MOx9AM3J6rnEQQJCSsWfT7wdOetSni3OV0mrNgho
G0PLr6xT9E96wJTJXQDNB728J4rHnKFKya5jIcwT,I9zyEumkNRxIzJ9lhMe24gjeuA05krtaF8GygUHD,0tSt4SUsOj8fKBL2OwFTAz878S85snjiNnAx7n8z,G97yzpX8HPnbmrVEC0Aoz2si9mlAiCfZmduqw99n,G97yzpX8HPnbmrVEC0Aoz2si9mlAiCfZmduqw99n,I9zyEumkNRxIzJ9lhMe24gjeuA05krtaF8GygUHD
DboXcHUzjiTnEyfVzMA8hgefX2B7suIPftuPWSyq,BR0isoSnDlgTmIqukAORkXTz6C9ABpEWp1Yw4Fx6,hBG5vMBqkXoKVhe5nKFmfjAVyNoGHSr22VXcrkoN,MOx9AM3J6rnEQQJCSsWfT7wdOetSni3OV0mrNgho,MOx9AM3J6rnEQQJCSsWfT7wdOetSni3OV0mrNgho,BR0isoSnDlgTmIqukAORkXTz6C9ABpEWp1Yw4Fx6
neo9uYRJVawyUm1nyXvQrJxwVqapvXp6gVg6kwxr,0tSt4SUsOj8fKBL2OwFTAz878S85snjiNnAx7n8z,G0PLr6xT9E96wJTJXQDNB728J4rHnKFKya5jIcwT,I9zyEumkNRxIzJ9lhMe24gjeuA05krtaF8GygUHD,I9zyEumkNRxIzJ9lhMe24gjeuA05krtaF8GygUHD,0tSt4SUsOj8fKBL2OwFTAz878S85snjiNnAx7n8z
G97yzpX8HPnbmrVEC0Aoz2si9mlAiCfZmduqw99n,hBG5vMBqkXoKVhe5nKFmfjAVyNoGHSr22VXcrkoN,DboXcHUzjiTnEyfVzMA8hgefX2B7suIPftuPWSyq,BR0isoSnDlgTmIqukAORkXTz6C9ABpEWp1Yw4Fx6,BR0isoSnDlgTmIqukAORkXTz6C9ABpEWp1Yw4Fx6,G97yzpX8HPnbmrVEC0Aoz2si9mlAiCfZmduqw99n
MOx9AM3J6rnEQQJCSsWfT7wdOetSni3OV0mrNgho,G0PLr6xT9E96wJTJXQDNB728J4rHnKFKya5jIcwT,G97yzpX8HPnbmrVEC0Aoz2si9mlAiCfZmduqw99n,0tSt4SUsOj8fKBL2OwFTAz878S85snjiNnAx7n8z,0tSt4SUsOj8fKBL2OwFTAz878S85snjiNnAx7n8z,MOx9AM3J6rnEQQJCSsWfT7wdOetSni3OV0mrNgho
I9zyEumkNRxIzJ9lhMe24gjeuA05krtaF8GygUHD,DboXcHUzjiTnEyfVzMA8hgefX2B7suIPftuPWSyq,MOx9AM3J6rnEQQJCSsWfT7wdOetSni3OV0mrNgho,hBG5vMBqkXoKVhe5nKFmfjAVyNoGHSr22VXcrkoN,hBG5vMBqkXoKVhe5nKFmfjAVyNoGHSr22VXcrkoN,I9zyEumkNRxIzJ9lhMe24gjeuA05krtaF8GygUHD
BR0isoSnDlgTmIqukAORkXTz6C9ABpEWp1Yw4Fx6,neo9uYRJVawyUm1nyXvQrJxwVqapvXp6gVg6kwxr,I9zyEumkNRxIzJ9lhMe24gjeuA05krtaF8GygUHD,G0PLr6xT9E96wJTJXQDNB728J4rHnKFKya5jIcwT,G97yzpX8HPnbmrVEC0Aoz2si9mlAiCfZmduqw99n,BR0isoSnDlgTmIqukAORkXTz6C9ABpEWp1Yw4Fx6
0tSt4SUsOj8fKBL2OwFTAz878S85snjiNnAx7n8z,nOgJEtffp9e3P1qN9pqUrIZB0WQ9VIdptmx5wtia,BR0isoSnDlgTmIqukAORkXTz6C9ABpEWp1Yw4Fx6,G97yzpX8HPnbmrVEC0Aoz2si9mlAiCfZmduqw99n,MOx9AM3J6rnEQQJCSsWfT7wdOetSni3OV0mrNgho,0tSt4SUsOj8fKBL2OwFTAz878S85snjiNnAx7n8z
hBG5vMBqkXoKVhe5nKFmfjAVyNoGHSr22VXcrkoN,G97yzpX8HPnbmrVEC0Aoz2si9mlAiCfZmduqw99n,0tSt4SUsOj8fKBL2OwFTAz878S85snjiNnAx7n8z,MOx9AM3J6rnEQQJCSsWfT7wdOetSni3OV0mrNgho,I9zyEumkNRxIzJ9lhMe24gjeuA05krtaF8GygUHD,G97yzpX8HPnbmrVEC0Aoz2si9mlAiCfZmduqw99n
G0PLr6xT9E96wJTJXQDNB728J4rHnKFKya5jIcwT,MOx9AM3J6rnEQQJCSsWfT7wdOetSni3OV0mrNgho,hBG5vMBqkXoKVhe5nKFmfjAVyNoGHSr22VXcrkoN,I9zyEumkNRxIzJ9lhMe24gjeuA05krtaF8GygUHD,BR0isoSnDlgTmIqukAORkXTz6C9ABpEWp1Yw4Fx6,MOx9AM3J6rnEQQJCSsWfT7wdOetSni3OV0mrNgho
DboXcHUzjiTnEyfVzMA8hgefX2B7suIPftuPWSyq,I9zyEumkNRxIzJ9lhMe24gjeuA05krtaF8GygUHD,G0PLr6xT9E96wJTJXQDNB728J4rHnKFKya5jIcwT,BR0isoSnDlgTmIqukAORkXTz6C9ABpEWp1Yw4Fx6,0tSt4SUsOj8fKBL2OwFTAz878S85snjiNnAx7n8z,I9zyEumkNRxIzJ9lhMe24gjeuA05krtaF8GygUHD
neo9uYRJVawyUm1nyXvQrJxwVqapvXp6gVg6kwxr,BR0isoSnDlgTmIqukAORkXTz6C9ABpEWp1Yw4Fx6,DboXcHUzjiTnEyfVzMA8hgefX2B7suIPftuPWSyq,0tSt4SUsOj8fKBL2OwFTAz878S85snjiNnAx7n8z,hBG5vMBqkXoKVhe5nKFmfjAVyNoGHSr22VXcrkoN,BR0isoSnDlgTmIqukAORkXTz6C9ABpEWp1Yw4Fx6
G97yzpX8HPnbmrVEC0Aoz2si9mlAiCfZmduqw99n,0tSt4SUsOj8fKBL2OwFTAz878S85snjiNnAx7n8z,G97yzpX8HPnbmrVEC0Aoz2si9mlAiCfZmduqw99n,hBG5vMBqkXoKVhe5nKFmfjAVyNoGHSr22VXcrkoN,G97yzpX8HPnbmrVEC0Aoz2si9mlAiCfZmduqw99n,0tSt4SUsOj8fKBL2OwFTAz878S85snjiNnAx7n8z
MOx9AM3J6rnEQQJCSsWfT7wdOetSni3OV0mrNgho,hBG5vMBqkXoKVhe5nKFmfjAVyNoGHSr22VXcrkoN,MOx9AM3J6rnEQQJCSsWfT7wdOetSni3OV0mrNgho,G0PLr6xT9E96wJTJXQDNB728J4rHnKFKya5jIcwT,MOx9AM3J6rnEQQJCSsWfT7wdOetSni3OV0mrNgho,G97yzpX8HPnbmrVEC0Aoz2si9mlAiCfZmduqw99n
I9zyEumkNRxIzJ9lhMe24gjeuA05krtaF8GygUHD,G0PLr6xT9E96wJTJXQDNB728J4rHnKFKya5jIcwT,I9zyEumkNRxIzJ9lhMe24gjeuA05krtaF8GygUHD,G97yzpX8HPnbmrVEC0Aoz2si9mlAiCfZmduqw99n,I9zyEumkNRxIzJ9lhMe24gjeuA05krtaF8GygUHD,MOx9AM3J6rnEQQJCSsWfT7wdOetSni3OV0mrNgho
BR0isoSnDlgTmIqukAORkXTz6C9ABpEWp1Yw4Fx6,DboXcHUzjiTnEyfVzMA8hgefX2B7suIPftuPWSyq,BR0isoSnDlgTmIqukAORkXTz6C9ABpEWp1Yw4Fx6,MOx9AM3J6rnEQQJCSsWfT7wdOetSni3OV0mrNgho,BR0isoSnDlgTmIqukAORkXTz6C9ABpEWp1Yw4Fx6,I9zyEumkNRxIzJ9lhMe24gjeuA05krtaF8GygUHD
0tSt4SUsOj8fKBL2OwFTAz878S85snjiNnAx7n8z,neo9uYRJVawyUm1nyXvQrJxwVqapvXp6gVg6kwxr,0tSt4SUsOj8fKBL2OwFTAz878S85snjiNnAx7n8z,I9zyEumkNRxIzJ9lhMe24gjeuA05krtaF8GygUHD,0tSt4SUsOj8fKBL2OwFTAz878S85snjiNnAx7n8z,BR0isoSnDlgTmIqukAORkXTz6C9ABpEWp1Yw4Fx6
hBG5vMBqkXoKVhe5nKFmfjAVyNoGHSr22VXcrkoN,nOgJEtffp9e3P1qN9pqUrIZB0WQ9VIdptmx5wtia,hBG5vMBqkXoKVhe5nKFmfjAVyNoGHSr22VXcrkoN,BR0isoSnDlgTmIqukAORkXTz6C9ABpEWp1Yw4Fx6,hBG5vMBqkXoKVhe5nKFmfjAVyNoGHSr22VXcrkoN,0tSt4SUsOj8fKBL2OwFTAz878S85snjiNnAx7n8z
G0PLr6xT9E96wJTJXQDNB728J4rHnKFKya5jIcwT,G97yzpX8HPnbmrVEC0Aoz2si9mlAiCfZmduqw99n,G0PLr6xT9E96wJTJXQDNB728J4rHnKFKya5jIcwT,0tSt4SUsOj8fKBL2OwFTAz878S85snjiNnAx7n8z,G97yzpX8HPnbmrVEC0Aoz2si9mlAiCfZmduqw99n,G97yzpX8HPnbmrVEC0Aoz2si9mlAiCfZmduqw99n
DboXcHUzjiTnEyfVzMA8hgefX2B7suIPftuPWSyq,MOx9AM3J6rnEQQJCSsWfT7wdOetSni3OV0mrNgho,DboXcHUzjiTnEyfVzMA8hgefX2B7suIPftuPWSyq,hBG5vMBqkXoKVhe5nKFmfjAVyNoGHSr22VXcrkoN,MOx9AM3J6rnEQQJCSsWfT7wdOetSni3OV0mrNgho,MOx9AM3J6rnEQQJCSsWfT7wdOetSni3OV0mrNgho
neo9uYRJVawyUm1nyXvQrJxwVqapvXp6gVg6kwxr,I9zyEumkNRxIzJ9lhMe24gjeuA05krtaF8GygUHD,G97yzpX8HPnbmrVEC0Aoz2si9mlAiCfZmduqw99n,G0PLr6xT9E96wJTJXQDNB728J4rHnKFKya5jIcwT,I9zyEumkNRxIzJ9lhMe24gjeuA05krtaF8GygUHD,I9zyEumkNRxIzJ9lhMe24gjeuA05krtaF8GygUHD
G97yzpX8HPnbmrVEC0Aoz2si9mlAiCfZmduqw99n,BR0isoSnDlgTmIqukAORkXTz6C9ABpEWp1Yw4Fx6,MOx9AM3J6rnEQQJCSsWfT7wdOetSni3OV0mrNgho,G97yzpX8HPnbmrVEC0Aoz2si9mlAiCfZmduqw99n,BR0isoSnDlgTmIqukAORkXTz6C9ABpEWp1Yw4Fx6,BR0isoSnDlgTmIqukAORkXTz6C9ABpEWp1Yw4Fx6
MOx9AM3J6rnEQQJCSsWfT7wdOetSni3OV0mrNgho,0tSt4SUsOj8fKBL2OwFTAz878S85snjiNnAx7n8z,I9zyEumkNRxIzJ9lhMe24gjeuA05krtaF8GygUHD,MOx9AM3J6rnEQQJCSsWfT7wdOetSni3OV0mrNgho,0tSt4SUsOj8fKBL2OwFTAz878S85snjiNnAx7n8z,0tSt4SUsOj8fKBL2OwFTAz878S85snjiNnAx7n8z
I9zyEumkNRxIzJ9lhMe24gjeuA05krtaF8GygUHD,hBG5vMBqkXoKVhe5nKFmfjAVyNoGHSr22VXcrkoN,BR0isoSnDlgTmIqukAORkXTz6C9ABpEWp1Yw4Fx6,I9zyEumkNRxIzJ9lhMe24gjeuA05krtaF8GygUHD,hBG5vMBqkXoKVhe5nKFmfjAVyNoGHSr22VXcrkoN,G97yzpX8HPnbmrVEC0Aoz2si9mlAiCfZmduqw99n
BR0isoSnDlgTmIqukAORkXTz6C9ABpEWp1Yw4Fx6,G0PLr6xT9E96wJTJXQDNB728J4rHnKFKya5jIcwT,0tSt4SUsOj8fKBL2OwFTAz878S85snjiNnAx7n8z,BR0isoSnDlgTmIqukAORkXTz6C9ABpEWp1Yw4Fx6,G97yzpX8HPnbmrVEC0Aoz2si9mlAiCfZmduqw99n,MOx9AM3J6rnEQQJCSsWfT7wdOetSni3OV0mrNgho
0tSt4SUsOj8fKBL2OwFTAz878S85snjiNnAx7n8z,DboXcHUzjiTnEyfVzMA8hgefX2B7suIPftuPWSyq,hBG5vMBqkXoKVhe5nKFmfjAVyNoGHSr22VXcrkoN,0tSt4SUsOj8fKBL2OwFTAz878S85snjiNnAx7n8z,MOx9AM3J6rnEQQJCSsWfT7wdOetSni3OV0mrNgho,I9zyEumkNRxIzJ9lhMe24gjeuA05krtaF8GygUHD
hBG5vMBqkXoKVhe5nKFmfjAVyNoGHSr22VXcrkoN,neo9uYRJVawyUm1nyXvQrJxwVqapvXp6gVg6kwxr,G0PLr6xT9E96wJTJXQDNB728J4rHnKFKya5jIcwT,hBG5vMBqkXoKVhe5nKFmfjAVyNoGHSr22VXcrkoN,I9zyEumkNRxIzJ9lhMe24gjeuA05krtaF8GygUHD,BR0isoSnDlgTmIqukAORkXTz6C9ABpEWp1Yw4Fx6
G0PLr6xT9E96wJTJXQDNB728J4rHnKFKya5jIcwT,nOgJEtffp9e3P1qN9pqUrIZB0WQ9VIdptmx5wtia,DboXcHUzjiTnEyfVzMA8hgefX2B7suIPftuPWSyq,G0PLr6xT9E96wJTJXQDNB728J4rHnKFKya5jIcwT,BR0isoSnDlgTmIqukAORkXTz6C9ABpEWp1Yw4Fx6,0tSt4SUsOj8fKBL2OwFTAz878S85snjiNnAx7n8z
DboXcHUzjiTnEyfVzMA8hgefX2B7suIPftuPWSyq,G97yzpX8HPnbmrVEC0Aoz2si9mlAiCfZmduqw99n,G97yzpX8HPnbmrVEC0Aoz2si9mlAiCfZmduqw99n,G97yzpX8HPnbmrVEC0Aoz2si9mlAiCfZmduqw99n,0tSt4SUsOj8fKBL2OwFTAz878S85snjiNnAx7n8z,G97yzpX8HPnbmrVEC0Aoz2si9mlAiCfZmduqw99n
neo9uYRJVawyUm1nyXvQrJxwVqapvXp6gVg6kwxr,MOx9AM3J6rnEQQJCSsWfT7wdOetSni3OV0mrNgho,MOx9AM3J6rnEQQJCSsWfT7wdOetSni3OV0mrNgho,MOx9AM3J6rnEQQJCSsWfT7wdOetSni3OV0mrNgho,hBG5vMBqkXoKVhe5nKFmfjAVyNoGHSr22VXcrkoN,MOx9AM3J6rnEQQJCSsWfT7wdOetSni3OV0mrNgho
G97yzpX8HPnbmrVEC0Aoz2si9mlAiCfZmduqw99n,I9zyEumkNRxIzJ9lhMe24gjeuA05krtaF8GygUHD,I9zyEumkNRxIzJ9lhMe24gjeuA05krtaF8GygUHD,I9zyEumkNRxIzJ9lhMe24gjeuA05krtaF8GygUHD,G97yzpX8HPnbmrVEC0Aoz2si9mlAiCfZmduqw99n,I9zyEumkNRxIzJ9lhMe24gjeuA05krtaF8GygUHD
MOx9AM3J6rnEQQJCSsWfT7wdOetSni3OV0mrNgho,BR0isoSnDlgTmIqukAORkXTz6C9ABpEWp1Yw4Fx6,BR0isoSnDlgTmIqukAORkXTz6C9ABpEWp1Yw4Fx6,BR0isoSnDlgTmIqukAORkXTz6C9ABpEWp1Yw4Fx6,MOx9AM3J6rnEQQJCSsWfT7wdOetSni3OV0mrNgho,BR0isoSnDlgTmIqukAORkXTz6C9ABpEWp1Yw4Fx6
I9zyEumkNRxIzJ9lhMe24gjeuA05krtaF8GygUHD,0tSt4SUsOj8fKBL2OwFTAz878S85snjiNnAx7n8z,0tSt4SUsOj8fKBL2OwFTAz878S85snjiNnAx7n8z,0tSt4SUsOj8fKBL2OwFTAz878S85snjiNnAx7n8z,I9zyEumkNRxIzJ9lhMe24gjeuA05krtaF8GygUHD,0tSt4SUsOj8fKBL2OwFTAz878S85snjiNnAx7n8z
BR0isoSnDlgTmIqukAORkXTz6C9ABpEWp1Yw4Fx6,hBG5vMBqkXoKVhe5nKFmfjAVyNoGHSr22VXcrkoN,hBG5vMBqkXoKVhe5nKFmfjAVyNoGHSr22VXcrkoN,hBG5vMBqkXoKVhe5nKFmfjAVyNoGHSr22VXcrkoN,BR0isoSnDlgTmIqukAORkXTz6C9ABpEWp1Yw4Fx6,G97yzpX8HPnbmrVEC0Aoz2si9mlAiCfZmduqw99n
0tSt4SUsOj8fKBL2OwFTAz878S85snjiNnAx7n8z,G0PLr6xT9E96wJTJXQDNB728J4rHnKFKya5jIcwT,G0PLr6xT9E96wJTJXQDNB728J4rHnKFKya5jIcwT,G0PLr6xT9E96wJTJXQDNB728J4rHnKFKya5jIcwT,0tSt4SUsOj8fKBL2OwFTAz878S85snjiNnAx7n8z,MOx9AM3J6rnEQQJCSsWfT7wdOetSni3OV0mrNgho
hBG5vMBqkXoKVhe5nKFmfjAVyNoGHSr22VXcrkoN,DboXcHUzjiTnEyfVzMA8hgefX2B7suIPftuPWSyq,DboXcHUzjiTnEyfVzMA8hgefX2B7suIPftuPWSyq,G97yzpX8HPnbmrVEC0Aoz2si9mlAiCfZmduqw99n,hBG5vMBqkXoKVhe5nKFmfjAVyNoGHSr22VXcrkoN,I9zyEumkNRxIzJ9lhMe24gjeuA05krtaF8GygUHD
G0PLr6xT9E96wJTJXQDNB728J4rHnKFKya5jIcwT,neo9uYRJVawyUm1nyXvQrJxwVqapvXp6gVg6kwxr,G97yzpX8HPnbmrVEC0Aoz2si9mlAiCfZmduqw99n,MOx9AM3J6rnEQQJCSsWfT7wdOetSni3OV0mrNgho,G97yzpX8HPnbmrVEC0Aoz2si9mlAiCfZmduqw99n,BR0isoSnDlgTmIqukAORkXTz6C9ABpEWp1Yw4Fx6
DboXcHUzjiTnEyfVzMA8hgefX2B7suIPftuPWSyq,nOgJEtffp9e3P1qN9pqUrIZB0WQ9VIdptmx5wtia,MOx9AM3J6rnEQQJCSsWfT7wdOetSni3OV0mrNgho,I9zyEumkNRxIzJ9lhMe24gjeuA05krtaF8GygUHD,MOx9AM3J6rnEQQJCSsWfT7wdOetSni3OV0mrNgho,0tSt4SUsOj8fKBL2OwFTAz878S85snjiNnAx7n8z
neo9uYRJVawyUm1nyXvQrJxwVqapvXp6gVg6kwxr,G97yzpX8HPnbmrVEC0Aoz2si9mlAiCfZmduqw99n,I9zyEumkNRxIzJ9lhMe24gjeuA05krtaF8GygUHD,BR0isoSnDlgTmIqukAORkXTz6C9ABpEWp1Yw4Fx6,I9zyEumkNRxIzJ9lhMe24gjeuA05krtaF8GygUHD,G97yzpX8HPnbmrVEC0Aoz2si9mlAiCfZmduqw99n
G97yzpX8HPnbmrVEC0Aoz2si9mlAiCfZmduqw99n,MOx9AM3J6rnEQQJCSsWfT7wdOetSni3OV0mrNgho,BR0isoSnDlgTmIqukAORkXTz6C9ABpEWp1Yw4Fx6,0tSt4SUsOj8fKBL2OwFTAz878S85snjiNnAx7n8z,BR0isoSnDlgTmIqukAORkXTz6C9ABpEWp1Yw4Fx6,MOx9AM3J6rnEQQJCSsWfT7wdOetSni3OV0mrNgho
MOx9AM3J6rnEQQJCSsWfT7wdOetSni3OV0mrNgho,I9zyEumkNRxIzJ9lhMe24gjeuA05krtaF8GygUHD,0tSt4SUsOj8fKBL2OwFTAz878S85snjiNnAx7n8z,hBG5vMBqkXoKVhe5nKFmfjAVyNoGHSr22VXcrkoN,0tSt4SUsOj8fKBL2OwFTAz878S85snjiNnAx7n8z,I9zyEumkNRxIzJ9lhMe24gjeuA05krtaF8GygUHD
I9zyEumkNRxIzJ9lhMe24gjeuA05krtaF8GygUHD,BR0isoSnDlgTmIqukAORkXTz6C9ABpEWp1Yw4Fx6,hBG5vMBqkXoKVhe5nKFmfjAVyNoGHSr22VXcrkoN,G0PLr6xT9E96wJTJXQDNB728J4rHnKFKya5jIcwT,hBG5vMBqkXoKVhe5nKFmfjAVyNoGHSr22VXcrkoN,BR0isoSnDlgTmIqukAORkXTz6C9ABpEWp1Yw4Fx6
BR0isoSnDlgTmIqukAORkXTz6C9ABpEWp1Yw4Fx6,0tSt4SUsOj8fKBL2OwFTAz878S85snjiNnAx7n8z,G0PLr6xT9E96wJTJXQDNB728J4rHnKFKya5jIcwT,G97yzpX8HPnbmrVEC0Aoz2si9mlAiCfZmduqw99n,G97yzpX8HPnbmrVEC0Aoz2si9mlAiCfZmduqw99n,0tSt4SUsOj8fKBL2OwFTAz878S85snjiNnAx7n8z
0tSt4SUsOj8fKBL2OwFTAz878S85snjiNnAx7n8z,hBG5vMBqkXoKVhe5nKFmfjAVyNoGHSr22VXcrkoN,DboXcHUzjiTnEyfVzMA8hgefX2B7suIPftuPWSyq,MOx9AM3J6rnEQQJCSsWfT7wdOetSni3OV0mrNgho,MOx9AM3J6rnEQQJCSsWfT7wdOetSni3OV0mrNgho,G97yzpX8HPnbmrVEC0Aoz2si9mlAiCfZmduqw99n
hBG5vMBqkXoKVhe5nKFmfjAVyNoGHSr22VXcrkoN,G0PLr6xT9E96wJTJXQDNB728J4rHnKFKya5jIcwT,G97yzpX8HPnbmrVEC0Aoz2si9mlAiCfZmduqw99n,I9zyEumkNRxIzJ9lhMe24gjeuA05krtaF8GygUHD,I9zyEumkNRxIzJ9lhMe24gjeuA05krtaF8GygUHD,MOx9AM3J6rnEQQJCSsWfT7wdOetSni3OV0mrNgho
G0PLr6xT9E96wJTJXQDNB728J4rHnKFKya5jIcwT,DboXcHUzjiTnEyfVzMA8hgefX2B7suIPftuPWSyq,MOx9AM3J6rnEQQJCSsWfT7wdOetSni3OV0mrNgho,BR0isoSnDlgTmIqukAORkXTz6C9ABpEWp1Yw4Fx6,BR0isoSnDlgTmIqukAORkXTz6C9ABpEWp1Yw4Fx6,I9zyEumkNRxIzJ9lhMe24gjeuA05krtaF8GygUHD
DboXcHUzjiTnEyfVzMA8hgefX2B7suIPftuPWSyq,neo9uYRJVawyUm1nyXvQrJxwVqapvXp6gVg6kwxr,I9zyEumkNRxIzJ9lhMe24gjeuA05krtaF8GygUHD,0tSt4SUsOj8fKBL2OwFTAz878S85snjiNnAx7n8z,0tSt4SUsOj8fKBL2OwFTAz878S85snjiNnAx7n8z,BR0isoSnDlgTmIqukAORkXTz6C9ABpEWp1Yw4Fx6
neo9uYRJVawyUm1nyXvQrJxwVqapvXp6gVg6kwxr,nOgJEtffp9e3P1qN9pqUrIZB0WQ9VIdptmx5wtia,BR0isoSnDlgTmIqukAORkXTz6C9ABpEWp1Yw4Fx6,hBG5vMBqkXoKVhe5nKFmfjAVyNoGHSr22VXcrkoN,hBG5vMBqkXoKVhe5nKFmfjAVyNoGHSr22VXcrkoN,0tSt4SUsOj8fKBL2OwFTAz878S85snjiNnAx7n8z
G97yzpX8HPnbmrVEC0Aoz2si9mlAiCfZmduqw99n,G97yzpX8HPnbmrVEC0Aoz2si9mlAiCfZmduqw99n,0tSt4SUsOj8fKBL2OwFTAz878S85snjiNnAx7n8z,G0PLr6xT9E96wJTJXQDNB728J4rHnKFKya5jIcwT,G97yzpX8HPnbmrVEC0Aoz2si9mlAiCfZmduqw99n,G97yzpX8HPnbmrVEC0Aoz2si9mlAiCfZmduqw99n
MOx9AM3J6rnEQQJCSsWfT7wdOetSni3OV0mrNgho,MOx9AM3J6rnEQQJCSsWfT7wdOetSni3OV0mrNgho,hBG5vMBqkXoKVhe5nKFmfjAVyNoGHSr22VXcrkoN,G97yzpX8HPnbmrVEC0Aoz2si9mlAiCfZmduqw99n,MOx9AM3J6rnEQQJCSsWfT7wdOetSni3OV0mrNgho,MOx9AM3J6rnEQQJCSsWfT7wdOetSni3OV0mrNgho
I9zyEumkNRxIzJ9lhMe24gjeuA05krtaF8GygUHD,I9zyEumkNRxIzJ9lhMe24gjeuA05krtaF8GygUHD,G0PLr6xT9E96wJTJXQDNB728J4rHnKFKya5jIcwT,MOx9AM3J6rnEQQJCSsWfT7wdOetSni3OV0mrNgho,I9zyEumkNRxIzJ9lhMe24gjeuA05krtaF8GygUHD,I9zyEumkNRxIzJ9lhMe24gjeuA05krtaF8GygUHD
BR0isoSnDlgTmIqukAORkXTz6C9ABpEWp1Yw4Fx6,BR0isoSnDlgTmIqukAORkXTz6C9ABpEWp1Yw4Fx6,DboXcHUzjiTnEyfVzMA8hgefX2B7suIPftuPWSyq,I9zyEumkNRxIzJ9lhMe24gjeuA05krtaF8GygUHD,BR0isoSnDlgTmIqukAORkXTz6C9ABpEWp1Yw4Fx6,BR0isoSnDlgTmIqukAORkXTz6C9ABpEWp1Yw4Fx6
0tSt4SUsOj8fKBL2OwFTAz878S85snjiNnAx7n8z,0tSt4SUsOj8fKBL2OwFTAz878S85snjiNnAx7n8z,G97yzpX8HPnbmrVEC0Aoz2si9mlAiCfZmduqw99n,BR0isoSnDlgTmIqukAORkXTz6C9ABpEWp1Yw4Fx6,0tSt4SUsOj8fKBL2OwFTAz878S85snjiNnAx7n8z,0tSt4SUsOj8fKBL2OwFTAz878S85snjiNnAx7n8z
hBG5vMBqkXoKVhe5nKFmfjAVyNoGHSr22VXcrkoN,hBG5vMBqkXoKVhe5nKFmfjAVyNoGHSr22VXcrkoN,MOx9AM3J6rnEQQJCSsWfT7wdOetSni3OV0mrNgho,0tSt4SUsOj8fKBL2OwFTAz878S85snjiNnAx7n8z,hBG5vMBqkXoKVhe5nKFmfjAVyNoGHSr22VXcrkoN,G97yzpX8HPnbmrVEC0Aoz2si9mlAiCfZmduqw99n
G0PLr6xT9E96wJTJXQDNB728J4rHnKFKya5jIcwT,G0PLr6xT9E96wJTJXQDNB728J4rHnKFKya5jIcwT,I9zyEumkNRxIzJ9lhMe24gjeuA05krtaF8GygUHD,hBG5vMBqkXoKVhe5nKFmfjAVyNoGHSr22VXcrkoN,G97yzpX8HPnbmrVEC0Aoz2si9mlAiCfZmduqw99n,MOx9AM3J6rnEQQJCSsWfT7wdOetSni3OV0mrNgho
DboXcHUzjiTnEyfVzMA8hgefX2B7suIPftuPWSyq,DboXcHUzjiTnEyfVzMA8hgefX2B7suIPftuPWSyq,BR0isoSnDlgTmIqukAORkXTz6C9ABpEWp1Yw4Fx6,G0PLr6xT9E96wJTJXQDNB728J4rHnKFKya5jIcwT,MOx9AM3J6rnEQQJCSsWfT7wdOetSni3OV0mrNgho,I9zyEumkNRxIzJ9lhMe24gjeuA05krtaF8GygUHD
neo9uYRJVawyUm1nyXvQrJxwVqapvXp6gVg6kwxr,neo9uYRJVawyUm1nyXvQrJxwVqapvXp6gVg6kwxr,0tSt4SUsOj8fKBL2OwFTAz878S85snjiNnAx7n8z,G97yzpX8HPnbmrVEC0Aoz2si9mlAiCfZmduqw99n,I9zyEumkNRxIzJ9lhMe24gjeuA05krtaF8GygUHD,BR0isoSnDlgTmIqukAORkXTz6C9ABpEWp1Yw4Fx6
G97yzpX8HPnbmrVEC0Aoz2si9mlAiCfZmduqw99n,nOgJEtffp9e3P1qN9pqUrIZB0WQ9VIdptmx5wtia,hBG5vMBqkXoKVhe5nKFmfjAVyNoGHSr22VXcrkoN,MOx9AM3J6rnEQQJCSsWfT7wdOetSni3OV0mrNgho,BR0isoSnDlgTmIqukAORkXTz6C9ABpEWp1Yw4Fx6,0tSt4SUsOj8fKBL2OwFTAz878S85snjiNnAx7n8z
MOx9AM3J6rnEQQJCSsWfT7wdOetSni3OV0mrNgho,G97yzpX8HPnbmrVEC0Aoz2si9mlAiCfZmduqw99n,G0PLr6xT9E96wJTJXQDNB728J4rHnKFKya5jIcwT,I9zyEumkNRxIzJ9lhMe24gjeuA05krtaF8GygUHD,0tSt4SUsOj8fKBL2OwFTAz878S85snjiNnAx7n8z,G97yzpX8HPnbmrVEC0Aoz2si9mlAiCfZmduqw99n
I9zyEumkNRxIzJ9lhMe24gjeuA05krtaF8GygUHD,MOx9AM3J6rnEQQJCSsWfT7wdOetSni3OV0mrNgho,DboXcHUzjiTnEyfVzMA8hgefX2B7suIPftuPWSyq,BR0isoSnDlgTmIqukAORkXTz6C9ABpEWp1Yw4Fx6,hBG5vMBqkXoKVhe5nKFmfjAVyNoGHSr22VXcrkoN,MOx9AM3J6rnEQQJCSsWfT7wdOetSni3OV0mrNgho
BR0isoSnDlgTmIqukAORkXTz6C9ABpEWp1Yw4Fx6,I9zyEumkNRxIzJ9lhMe24gjeuA05krtaF8GygUHD,G97yzpX8HPnbmrVEC0Aoz2si9mlAiCfZmduqw99n,0tSt4SUsOj8fKBL2OwFTAz878S85snjiNnAx7n8z,G97yzpX8HPnbmrVEC0Aoz2si9mlAiCfZmduqw99n,I9zyEumkNRxIzJ9lhMe24gjeuA05krtaF8GygUHD
0tSt4SUsOj8fKBL2OwFTAz878S85snjiNnAx7n8z,BR0isoSnDlgTmIqukAORkXTz6C9ABpEWp1Yw4Fx6,MOx9AM3J6rnEQQJCSsWfT7wdOetSni3OV0mrNgho,hBG5vMBqkXoKVhe5nKFmfjAVyNoGHSr22VXcrkoN,MOx9AM3J6rnEQQJCSsWfT7wdOetSni3OV0mrNgho,BR0isoSnDlgTmIqukAORkXTz6C9ABpEWp1Yw4Fx6
hBG5vMBqkXoKVhe5nKFmfjAVyNoGHSr22VXcrkoN,0tSt4SUsOj8fKBL2OwFTAz878S85snjiNnAx7n8z,I9zyEumkNRxIzJ9lhMe24gjeuA05krtaF8GygUHD,G0PLr6xT9E96wJTJXQDNB728J4rHnKFKya5jIcwT,I9zyEumkNRxIzJ9lhMe24gjeuA05krtaF8GygUHD,0tSt4SUsOj8fKBL2OwFTAz878S85snjiNnAx7n8z
G0PLr6xT9E96wJTJXQDNB728J4rHnKFKya5jIcwT,hBG5vMBqkXoKVhe5nKFmfjAVyNoGHSr22VXcrkoN,BR0isoSnDlgTmIqukAORkXTz6C9ABpEWp1Yw4Fx6,G97yzpX8HPnbmrVEC0Aoz2si9mlAiCfZmduqw99n,BR0isoSnDlgTmIqukAORkXTz6C9ABpEWp1Yw4Fx6,G97yzpX8HPnbmrVEC0Aoz2si9mlAiCfZmduqw99n
DboXcHUzjiTnEyfVzMA8hgefX2B7suIPftuPWSyq,G0PLr6xT9E96wJTJXQDNB728J4rHnKFKya5jIcwT,0tSt4SUsOj8fKBL2OwFTAz878S85snjiNnAx7n8z,MOx9AM3J6rnEQQJCSsWfT7wdOetSni3OV0mrNgho,0tSt4SUsOj8fKBL2OwFTAz878S85snjiNnAx7n8z,MOx9AM3J6rnEQQJCSsWfT7wdOetSni3OV0mrNgho
neo9uYRJVawyUm1nyXvQrJxwVqapvXp6gVg6kwxr,DboXcHUzjiTnEyfVzMA8hgefX2B7suIPftuPWSyq,hBG5vMBqkXoKVhe5nKFmfjAVyNoGHSr22VXcrkoN,I9zyEumkNRxIzJ9lhMe24gjeuA05krtaF8GygUHD,hBG5vMBqkXoKVhe5nKFmfjAVyNoGHSr22VXcrkoN,I9zyEumkNRxIzJ9lhMe24gjeuA05krtaF8GygUHD
G97yzpX8HPnbmrVEC0Aoz2si9mlAiCfZmduqw99n,neo9uYRJVawyUm1nyXvQrJxwVqapvXp6gVg6kwxr,G0PLr6xT9E96wJTJXQDNB728J4rHnKFKya5jIcwT,BR0isoSnDlgTmIqukAORkXTz6C9ABpEWp1Yw4Fx6,G97yzpX8HPnbmrVEC0Aoz2si9mlAiCfZmduqw99n,BR0isoSnDlgTmIqukAORkXTz6C9ABpEWp1Yw4Fx6
MOx9AM3J6rnEQQJCSsWfT7wdOetSni3OV0mrNgho,nOgJEtffp9e3P1qN9pqUrIZB0WQ9VIdptmx5wtia,DboXcHUzjiTnEyfVzMA8hgefX2B7suIPftuPWSyq,0tSt4SUsOj8fKBL2OwFTAz878S85snjiNnAx7n8z,MOx9AM3J6rnEQQJCSsWfT7wdOetSni3OV0mrNgho,0tSt4SUsOj8fKBL2OwFTAz878S85snjiNnAx7n8z
I9zyEumkNRxIzJ9lhMe24gjeuA05krtaF8GygUHD,G97yzpX8HPnbmrVEC0Aoz2si9mlAiCfZmduqw99n,G97yzpX8HPnbmrVEC0Aoz2si9mlAiCfZmduqw99n,hBG5vMBqkXoKVhe5nKFmfjAVyNoGHSr22VXcrkoN,I9zyEumkNRxIzJ9lhMe24gjeuA05krtaF8GygUHD,G97yzpX8HPnbmrVEC0Aoz2si9mlAiCfZmduqw99n
BR0isoSnDlgTmIqukAORkXTz6C9ABpEWp1Yw4Fx6,MOx9AM3J6rnEQQJCSsWfT7wdOetSni3OV0mrNgho,MOx9AM3J6rnEQQJCSsWfT7wdOetSni3OV0mrNgho,G0PLr6xT9E96wJTJXQDNB728J4rHnKFKya5jIcwT,BR0isoSnDlgTmIqukAORkXTz6C9ABpEWp1Yw4Fx6,MOx9AM3J6rnEQQJCSsWfT7wdOetSni3OV0mrNgho
0tSt4SUsOj8fKBL2OwFTAz878S85snjiNnAx7n8z,I9zyEumkNRxIzJ9lhMe24gjeuA05krtaF8GygUHD,I9zyEumkNRxIzJ9lhMe24gjeuA05krtaF8GygUHD,G97yzpX8HPnbmrVEC0Aoz2si9mlAiCfZmduqw99n,0tSt4SUsOj8fKBL2OwFTAz878S85snjiNnAx7n8z,I9zyEumkNRxIzJ9lhMe24gjeuA05krtaF8GygUHD
hBG5vMBqkXoKVhe5nKFmfjAVyNoGHSr22VXcrkoN,BR0isoSnDlgTmIqukAORkXTz6C9ABpEWp1Yw4Fx6,BR0isoSnDlgTmIqukAORkXTz6C9ABpEWp1Yw4Fx6,MOx9AM3J6rnEQQJCSsWfT7wdOetSni3OV0mrNgho,hBG5vMBqkXoKVhe5nKFmfjAVyNoGHSr22VXcrkoN,BR0isoSnDlgTmIqukAORkXTz6C9ABpEWp1Yw4Fx6
G0PLr6xT9E96wJTJXQDNB728J4rHnKFKya5jIcwT,0tSt4SUsOj8fKBL2OwFTAz878S85snjiNnAx7n8z,0tSt4SUsOj8fKBL2OwFTAz878S85snjiNnAx7n8z,I9zyEumkNRxIzJ9lhMe24gjeuA05krtaF8GygUHD,G97yzpX8HPnbmrVEC0Aoz2si9mlAiCfZmduqw99n,0tSt4SUsOj8fKBL2OwFTAz878S85snjiNnAx7n8z
DboXcHUzjiTnEyfVzMA8hgefX2B7suIPftuPWSyq,hBG5vMBqkXoKVhe5nKFmfjAVyNoGHSr22VXcrkoN,hBG5vMBqkXoKVhe5nKFmfjAVyNoGHSr22VXcrkoN,BR0isoSnDlgTmIqukAORkXTz6C9ABpEWp1Yw4Fx6,MOx9AM3J6rnEQQJCSsWfT7wdOetSni3OV0mrNgho,G97yzpX8HPnbmrVEC0Aoz2si9mlAiCfZmduqw99n
neo9uYRJVawyUm1nyXvQrJxwVqapvXp6gVg6kwxr,G0PLr6xT9E96wJTJXQDNB728J4rHnKFKya5jIcwT,G0PLr6xT9E96wJTJXQDNB728J4rHnKFKya5jIcwT,0tSt4SUsOj8fKBL2OwFTAz878S85snjiNnAx7n8z,I9zyEumkNRxIzJ9lhMe24gjeuA05krtaF8GygUHD,MOx9AM3J6rnEQQJCSsWfT7wdOetSni3OV0mrNgho
G97yzpX8HPnbmrVEC0Aoz2si9mlAiCfZmduqw99n,DboXcHUzjiTnEyfVzMA8hgefX2B7suIPftuPWSyq,DboXcHUzjiTnEyfVzMA8hgefX2B7suIPftuPWSyq,hBG5vMBqkXoKVhe5nKFmfjAVyNoGHSr22VXcrkoN,BR0isoSnDlgTmIqukAORkXTz6C9ABpEWp1Yw4Fx6,I9zyEumkNRxIzJ9lhMe24gjeuA05krtaF8GygUHD
MOx9AM3J6rnEQQJCSsWfT7wdOetSni3OV0mrNgho,neo9uYRJVawyUm1nyXvQrJxwVqapvXp6gVg6kwxr,G97yzpX8HPnbmrVEC0Aoz2si9mlAiCfZmduqw99n,G0PLr6xT9E96wJTJXQDNB728J4rHnKFKya5jIcwT,0tSt4SUsOj8fKBL2OwFTAz878S85snjiNnAx7n8z,BR0isoSnDlgTmIqukAORkXTz6C9ABpEWp1Yw4Fx6
I9zyEumkNRxIzJ9lhMe24gjeuA05krtaF8GygUHD,nOgJEtffp9e3P1qN9pqUrIZB0WQ9VIdptmx5wtia,MOx9AM3J6rnEQQJCSsWfT7wdOetSni3OV0mrNgho,G97yzpX8HPnbmrVEC0Aoz2si9mlAiCfZmduqw99n,hBG5vMBqkXoKVhe5nKFmfjAVyNoGHSr22VXcrkoN,0tSt4SUsOj8fKBL2OwFTAz878S85snjiNnAx7n8z
BR0isoSnDlgTmIqukAORkXTz6C9ABpEWp1Yw4Fx6,G97yzpX8HPnbmrVEC0Aoz2si9mlAiCfZmduqw99n,I9zyEumkNRxIzJ9lhMe24gjeuA05krtaF8GygUHD,MOx9AM3J6rnEQQJCSsWfT7wdOetSni3OV0mrNgho,G97yzpX8HPnbmrVEC0Aoz2si9mlAiCfZmduqw99n,G97yzpX8HPnbmrVEC0Aoz2si9mlAiCfZmduqw99n
0tSt4SUsOj8fKBL2OwFTAz878S85snjiNnAx7n8z,MOx9AM3J6rnEQQJCSsWfT7wdOetSni3OV0mrNgho,BR0isoSnDlgTmIqukAORkXTz6C9ABpEWp1Yw4Fx6,I9zyEumkNRxIzJ9lhMe24gjeuA05krtaF8GygUHD,MOx9AM3J6rnEQQJCSsWfT7wdOetSni3OV0mrNgho,MOx9AM3J6rnEQQJCSsWfT7wdOetSni3OV0mrNgho
hBG5vMBqkXoKVhe5nKFmfjAVyNoGHSr22VXcrkoN,I9zyEumkNRxIzJ9lhMe24gjeuA05krtaF8GygUHD,0tSt4SUsOj8fKBL2OwFTAz878S85snjiNnAx7n8z,BR0isoSnDlgTmIqukAORkXTz6C9ABpEWp1Yw4Fx6,I9zyEumkNRxIzJ9lhMe24gjeuA05krtaF8GygUHD,I9zyEumkNRxIzJ9lhMe24gjeuA05krtaF8GygUHD
G0PLr6xT9E96wJTJXQDNB728J4rHnKFKya5jIcwT,BR0isoSnDlgTmIqukAORkXTz6C9ABpEWp1Yw4Fx6,hBG5vMBqkXoKVhe5nKFmfjAVyNoGHSr22VXcrkoN,0tSt4SUsOj8fKBL2OwFTAz878S85snjiNnAx7n8z,BR0isoSnDlgTmIqukAORkXTz6C9ABpEWp1Yw4Fx6,BR0isoSnDlgTmIqukAORkXTz6C9ABpEWp1Yw4Fx6
DboXcHUzjiTnEyfVzMA8hgefX2B7suIPftuPWSyq,0tSt4SUsOj8fKBL2OwFTAz878S85snjiNnAx7n8z,G0PLr6xT9E96wJTJXQDNB728J4rHnKFKya5jIcwT,hBG5vMBqkXoKVhe5nKFmfjAVyNoGHSr22VXcrkoN,0tSt4SUsOj8fKBL2OwFTAz878S85snjiNnAx7n8z,0tSt4SUsOj8fKBL2OwFTAz878S85snjiNnAx7n8z
neo9uYRJVawyUm1nyXvQrJxwVqapvXp6gVg6kwxr,hBG5vMBqkXoKVhe5nKFmfjAVyNoGHSr22VXcrkoN,DboXcHUzjiTnEyfVzMA8hgefX2B7suIPftuPWSyq,G0PLr6xT9E96wJTJXQDNB728J4rHnKFKya5jIcwT,hBG5vMBqkXoKVhe5nKFmfjAVyNoGHSr22VXcrkoN,G97yzpX8HPnbmrVEC0Aoz2si9mlAiCfZmduqw99n
G97yzpX8HPnbmrVEC0Aoz2si9mlAiCfZmduqw99n,G0PLr6xT9E96wJTJXQDNB728J4rHnKFKya5jIcwT,G97yzpX8HPnbmrVEC0Aoz2si9mlAiCfZmduqw99n,G97yzpX8HPnbmrVEC0Aoz2si9mlAiCfZmduqw99n,G97yzpX8HPnbmrVEC0Aoz2si9mlAiCfZmduqw99n,MOx9AM3J6rnEQQJCSsWfT7wdOetSni3OV0mrNgho
MOx9AM3J6rnEQQJCSsWfT7wdOetSni3OV0mrNgho,DboXcHUzjiTnEyfVzMA8hgefX2B7suIPftuPWSyq,MOx9AM3J6rnEQQJCSsWfT7wdOetSni3OV0mrNgho,MOx9AM3J6rnEQQJCSsWfT7wdOetSni3OV0mrNgho,MOx9AM3J6rnEQQJCSsWfT7wdOetSni3OV0mrNgho,I9zyEumkNRxIzJ9lhMe24gjeuA05krtaF8GygUHD
I9zyEumkNRxIzJ9lhMe24gjeuA05krtaF8GygUHD,neo9uYRJVawyUm1nyXvQrJxwVqapvXp6gVg6kwxr,I9zyEumkNRxIzJ9lhMe24gjeuA05krtaF8GygUHD,I9zyEumkNRxIzJ9lhMe24gjeuA05krtaF8GygUHD,I9zyEumkNRxIzJ9lhMe24gjeuA05krtaF8GygUHD,BR0isoSnDlgTmIqukAORkXTz6C9ABpEWp1Yw4Fx6
BR0isoSnDlgTmIqukAORkXTz6C9ABpEWp1Yw4Fx6,nOgJEtffp9e3P1qN9pqUrIZB0WQ9VIdptmx5wtia,BR0isoSnDlgTmIqukAORkXTz6C9ABpEWp1Yw4Fx6,BR0isoSnDlgTmIqukAORkXTz6C9ABpEWp1Yw4Fx6,BR0isoSnDlgTmIqukAORkXTz6C9ABpEWp1Yw4Fx6,0tSt4SUsOj8fKBL2OwFTAz878S85snjiNnAx7n8z
0tSt4SUsOj8fKBL2OwFTAz878S85snjiNnAx7n8z,G97yzpX8HPnbmrVEC0Aoz2si9mlAiCfZmduqw99n,0tSt4SUsOj8fKBL2OwFTAz878S85snjiNnAx7n8z,0tSt4SUsOj8fKBL2OwFTAz878S85snjiNnAx7n8z,0tSt4SUsOj8fKBL2OwFTAz878S85snjiNnAx7n8z,G97yzpX8HPnbmrVEC0Aoz2si9mlAiCfZmduqw99n
hBG5vMBqkXoKVhe5nKFmfjAVyNoGHSr22VXcrkoN,MOx9AM3J6rnEQQJCSsWfT7wdOetSni3OV0mrNgho,hBG5vMBqkXoKVhe5nKFmfjAVyNoGHSr22VXcrkoN,hBG5vMBqkXoKVhe5nKFmfjAVyNoGHSr22VXcrkoN,hBG5vMBqkXoKVhe5nKFmfjAVyNoGHSr22VXcrkoN,MOx9AM3J6rnEQQJCSsWfT7wdOetSni3OV0mrNgho
G0PLr6xT9E96wJTJXQDNB728J4rHnKFKya5jIcwT,I9zyEumkNRxIzJ9lhMe24gjeuA05krtaF8GygUHD,G0PLr6xT9E96wJTJXQDNB728J4rHnKFKya5jIcwT,G0PLr6xT9E96wJTJXQDNB728J4rHnKFKya5jIcwT,G97yzpX8HPnbmrVEC0Aoz2si9mlAiCfZmduqw99n,I9zyEumkNRxIzJ9lhMe24gjeuA05krtaF8GygUHD
DboXcHUzjiTnEyfVzMA8hgefX2B7suIPftuPWSyq,BR0isoSnDlgTmIqukAORkXTz6C9ABpEWp1Yw4Fx6,DboXcHUzjiTnEyfVzMA8hgefX2B7suIPftuPWSyq,G97yzpX8HPnbmrVEC0Aoz2si9mlAiCfZmduqw99n,MOx9AM3J6rnEQQJCSsWfT7wdOetSni3OV0mrNgho,BR0isoSnDlgTmIqukAORkXTz6C9ABpEWp1Yw4Fx6
neo9uYRJVawyUm1nyXvQrJxwVqapvXp6gVg6kwxr,0tSt4SUsOj8fKBL2OwFTAz878S85snjiNnAx7n8z,G97yzpX8HPnbmrVEC0Aoz2si9mlAiCfZmduqw99n,MOx9AM3J6rnEQQJCSsWfT7wdOetSni3OV0mrNgho,I9zyEumkNRxIzJ9lhMe24gjeuA05krtaF8GygUHD,0tSt4SUsOj8fKBL2OwFTAz878S85snjiNnAx7n8z
G97yzpX8HPnbmrVEC0Aoz2si9mlAiCfZmduqw99n,hBG5vMBqkXoKVhe5nKFmfjAVyNoGHSr22VXcrkoN,MOx9AM3J6rnEQQJCSsWfT7wdOetSni3OV0mrNgho,I9zyEumkNRxIzJ9lhMe24gjeuA05krtaF8GygUHD,BR0isoSnDlgTmIqukAORkXTz6C9ABpEWp1Yw4Fx6,G97yzpX8HPnbmrVEC0Aoz2si9mlAiCfZmduqw99n
MOx9AM3J6rnEQQJCSsWfT7wdOetSni3OV0mrNgho,G0PLr6xT9E96wJTJXQDNB728J4rHnKFKya5jIcwT,I9zyEumkNRxIzJ9lhMe24gjeuA05krtaF8GygUHD,BR0isoSnDlgTmIqukAORkXTz6C9ABpEWp1Yw4Fx6,0tSt4SUsOj8fKBL2OwFTAz878S85snjiNnAx7n8z,MOx9AM3J6rnEQQJCSsWfT7wdOetSni3OV0mrNgho
I9zyEumkNRxIzJ9lhMe24gjeuA05krtaF8GygUHD,DboXcHUzjiTnEyfVzMA8hgefX2B7suIPftuPWSyq,BR0isoSnDlgTmIqukAORkXTz6C9ABpEWp1Yw4Fx6,0tSt4SUsOj8fKBL2OwFTAz878S85snjiNnAx7n8z,hBG5vMBqkXoKVhe5nKFmfjAVyNoGHSr22VXcrkoN,I9zyEumkNRxIzJ9lhMe24gjeuA05krtaF8GygUHD
BR0isoSnDlgTmIqukAORkXTz6C9ABpEWp1Yw4Fx6,neo9uYRJVawyUm1nyXvQrJxwVqapvXp6gVg6kwxr,0tSt4SUsOj8fKBL2OwFTAz878S85snjiNnAx7n8z,hBG5vMBqkXoKVhe5nKFmfjAVyNoGHSr22VXcrkoN,G97yzpX8HPnbmrVEC0Aoz2si9mlAiCfZmduqw99n,BR0isoSnDlgTmIqukAORkXTz6C9ABpEWp1Yw4Fx6
0tSt4SUsOj8fKBL2OwFTAz878S85snjiNnAx7n8z,nOgJEtffp9e3P1qN9pqUrIZB0WQ9VIdptmx5wtia,hBG5vMBqkXoKVhe5nKFmfjAVyNoGHSr22VXcrkoN,G0PLr6xT9E96wJTJXQDNB728J4rHnKFKya5jIcwT,MOx9AM3J6rnEQQJCSsWfT7wdOetSni3OV0mrNgho,0tSt4SUsOj8fKBL2OwFTAz878S85snjiNnAx7n8z
hBG5vMBqkXoKVhe5nKFmfjAVyNoGHSr22VXcrkoN,G97yzpX8HPnbmrVEC0Aoz2si9mlAiCfZmduqw99n,G0PLr6xT9E96wJTJXQDNB728J4rHnKFKya5jIcwT,G97yzpX8HPnbmrVEC0Aoz2si9mlAiCfZmduqw99n,I9zyEumkNRxIzJ9lhMe24gjeuA05krtaF8GygUHD,G97yzpX8HPnbmrVEC0Aoz2si9mlAiCfZmduqw99n
G0PLr6xT9E96wJTJXQDNB728J4rHnKFKya5jIcwT,MOx9AM3J6rnEQQJCSsWfT7wdOetSni3OV0mrNgho,DboXcHUzjiTnEyfVzMA8hgefX2B7suIPftuPWSyq,MOx9AM3J6rnEQQJCSsWfT7wdOetSni3OV0mrNgho,BR0isoSnDlgTmIqukAORkXTz6C9ABpEWp1Yw4Fx6,MOx9AM3J6rnEQQJCSsWfT7wdOetSni3OV0mrNgho
DboXcHUzjiTnEyfVzMA8hgefX2B7suIPftuPWSyq,I9zyEumkNRxIzJ9lhMe24gjeuA05krtaF8GygUHD,G97yzpX8HPnbmrVEC0Aoz2si9mlAiCfZmduqw99n,I9zyEumkNRxIzJ9lhMe24gjeuA05krtaF8GygUHD,0tSt4SUsOj8fKBL2OwFTAz878S85snjiNnAx7n8z,I9zyEumkNRxIzJ9lhMe24gjeuA05krtaF8GygUHD
neo9uYRJVawyUm1nyXvQrJxwVqapvXp6gVg6kwxr,BR0isoSnDlgTmIqukAORkXTz6C9ABpEWp1Yw4Fx6,MOx9AM3J6rnEQQJCSsWfT7wdOetSni3OV0mrNgho,BR0isoSnDlgTmIqukAORkXTz6C9ABpEWp1Yw4Fx6,hBG5vMBqkXoKVhe5nKFmfjAVyNoGHSr22VXcrkoN,BR0isoSnDlgTmIqukAORkXTz6C9ABpEWp1Yw4Fx6
G97yzpX8HPnbmrVEC0Aoz2si9mlAiCfZmduqw99n,0tSt4SUsOj8fKBL2OwFTAz878S85snjiNnAx7n8z,I9zyEumkNRxIzJ9lhMe24gjeuA05krtaF8GygUHD,0tSt4SUsOj8fKBL2OwFTAz878S85snjiNnAx7n8z,G97yzpX8HPnbmrVEC0Aoz2si9mlAiCfZmduqw99n,0tSt4SUsOj8fKBL2OwFTAz878S85snjiNnAx7n8z
MOx9AM3J6rnEQQJCSsWfT7wdOetSni3OV0mrNgho,hBG5vMBqkXoKVhe5nKFmfjAVyNoGHSr22VXcrkoN,BR0isoSnDlgTmIqukAORkXTz6C9ABpEWp1Yw4Fx6,hBG5vMBqkXoKVhe5nKFmfjAVyNoGHSr22VXcrkoN,MOx9AM3J6rnEQQJCSsWfT7wdOetSni3OV0mrNgho,G97yzpX8HPnbmrVEC0Aoz2si9mlAiCfZmduqw99n
I9zyEumkNRxIzJ9lhMe24gjeuA05krtaF8GygUHD,G0PLr6xT9E96wJTJXQDNB728J4rHnKFKya5jIcwT,0tSt4SUsOj8fKBL2OwFTAz878S85snjiNnAx7n8z,G0PLr6xT9E96wJTJXQDNB728J4rHnKFKya5jIcwT,I9zyEumkNRxIzJ9lhMe24gjeuA05krtaF8GygUHD,MOx9AM3J6rnEQQJCSsWfT7wdOetSni3OV0mrNgho
BR0isoSnDlgTmIqukAORkXTz6C9ABpEWp1Yw4Fx6,DboXcHUzjiTnEyfVzMA8hgefX2B7suIPftuPWSyq,hBG5vMBqkXoKVhe5nKFmfjAVyNoGHSr22VXcrkoN,G97yzpX8HPnbmrVEC0Aoz2si9mlAiCfZmduqw99n,BR0isoSnDlgTmIqukAORkXTz6C9ABpEWp1Yw4Fx6,I9zyEumkNRxIzJ9lhMe24gjeuA05krtaF8GygUHD
0tSt4SUsOj8fKBL2OwFTAz878S85snjiNnAx7n8z,neo9uYRJVawyUm1nyXvQrJxwVqapvXp6gVg6kwxr,G0PLr6xT9E96wJTJXQDNB728J4rHnKFKya5jIcwT,MOx9AM3J6rnEQQJCSsWfT7wdOetSni3OV0mrNgho,0tSt4SUsOj8fKBL2OwFTAz878S85snjiNnAx7n8z,BR0isoSnDlgTmIqukAORkXTz6C9ABpEWp1Yw4Fx6
hBG5vMBqkXoKVhe5nKFmfjAVyNoGHSr22VXcrkoN,nOgJEtffp9e3P1qN9pqUrIZB0WQ9VIdptmx5wtia,DboXcHUzjiTnEyfVzMA8hgefX2B7suIPftuPWSyq,I9zyEumkNRxIzJ9lhMe24gjeuA05krtaF8GygUHD,hBG5vMBqkXoKVhe5nKFmfjAVyNoGHSr22VXcrkoN,0tSt4SUsOj8fKBL2OwFTAz878S85snjiNnAx7n8z
G0PLr6xT9E96wJTJXQDNB728J4rHnKFKya5jIcwT,G97yzpX8HPnbmrVEC0Aoz2si9mlAiCfZmduqw99n,G97yzpX8HPnbmrVEC0Aoz2si9mlAiCfZmduqw99n,BR0isoSnDlgTmIqukAORkXTz6C9ABpEWp1Yw4Fx6,G97yzpX8HPnbmrVEC0Aoz2si9mlAiCfZmduqw99n,G97yzpX8HPnbmrVEC0Aoz2si9mlAiCfZmduqw99n
DboXcHUzjiTnEyfVzMA8hgefX2B7suIPftuPWSyq,MOx9AM3J6rnEQQJCSsWfT7wdOetSni3OV0mrNgho,MOx9AM3J6rnEQQJCSsWfT7wdOetSni3OV0mrNgho,0tSt4SUsOj8fKBL2OwFTAz878S85snjiNnAx7n8z,MOx9AM3J6rnEQQJCSsWfT7wdOetSni3OV0mrNgho,MOx9AM3J6rnEQQJCSsWfT7wdOetSni3OV0mrNgho
neo9uYRJVawyUm1nyXvQrJxwVqapvXp6gVg6kwxr,I9zyEumkNRxIzJ9lhMe24gjeuA05krtaF8GygUHD,I9zyEumkNRxIzJ9lhMe24gjeuA05krtaF8GygUHD,hBG5vMBqkXoKVhe5nKFmfjAVyNoGHSr22VXcrkoN,I9zyEumkNRxIzJ9lhMe24gjeuA05krtaF8GygUHD,I9zyEumkNRxIzJ9lhMe24gjeuA05krtaF8GygUHD
G97yzpX8HPnbmrVEC0Aoz2si9mlAiCfZmduqw99n,BR0isoSnDlgTmIqukAORkXTz6C9ABpEWp1Yw4Fx6,BR0isoSnDlgTmIqukAORkXTz6C9ABpEWp1Yw4Fx6,G0PLr6xT9E96wJTJXQDNB728J4rHnKFKya5jIcwT,BR0isoSnDlgTmIqukAORkXTz6C9ABpEWp1Yw4Fx6,BR0isoSnDlgTmIqukAORkXTz6C9ABpEWp1Yw4Fx6
MOx9AM3J6rnEQQJCSsWfT7wdOetSni3OV0mrNgho,0tSt4SUsOj8fKBL2OwFTAz878S85snjiNnAx7n8z,0tSt4SUsOj8fKBL2OwFTAz878S85snjiNnAx7n8z,G97yzpX8HPnbmrVEC0Aoz2si9mlAiCfZmduqw99n,0tSt4SUsOj8fKBL2OwFTAz878S85snjiNnAx7n8z,0tSt4SUsOj8fKBL2OwFTAz878S85snjiNnAx7n8z
I9zyEumkNRxIzJ9lhMe24gjeuA05krtaF8GygUHD,hBG5vMBqkXoKVhe5nKFmfjAVyNoGHSr22VXcrkoN,hBG5vMBqkXoKVhe5nKFmfjAVyNoGHSr22VXcrkoN,MOx9AM3J6rnEQQJCSsWfT7wdOetSni3OV0mrNgho,hBG5vMBqkXoKVhe5nKFmfjAVyNoGHSr22VXcrkoN,G97yzpX8HPnbmrVEC0Aoz2si9mlAiCfZmduqw99n
BR0isoSnDlgTmIqukAORkXTz6C9ABpEWp1Yw4Fx6,G0PLr6xT9E96wJTJXQDNB728J4rHnKFKya5jIcwT,G0PLr6xT9E96wJTJXQDNB728J4rHnKFKya5jIcwT,I9zyEumkNRxIzJ9lhMe24gjeuA05krtaF8GygUHD,G97yzpX8HPnbmrVEC0Aoz2si9mlAiCfZmduqw99n,MOx9AM3J6rnEQQJCSsWfT7wdOetSni3OV0mrNgho
0tSt4SUsOj8fKBL2OwFTAz878S85snjiNnAx7n8z,DboXcHUzjiTnEyfVzMA8hgefX2B7suIPftuPWSyq,DboXcHUzjiTnEyfVzMA8hgefX2B7suIPftuPWSyq,BR0isoSnDlgTmIqukAORkXTz6C9ABpEWp1Yw4Fx6,MOx9AM3J6rnEQQJCSsWfT7wdOetSni3OV0mrNgho,I9zyEumkNRxIzJ9lhMe24gjeuA05krtaF8GygUHD
hBG5vMBqkXoKVhe5nKFmfjAVyNoGHSr22VXcrkoN,neo9uYRJVawyUm1nyXvQrJxwVqapvXp6gVg6kwxr,G97yzpX8HPnbmrVEC0Aoz2si9mlAiCfZmduqw99n,0tSt4SUsOj8fKBL2OwFTAz878S85snjiNnAx7n8z,I9zyEumkNRxIzJ9lhMe24gjeuA05krtaF8GygUHD,BR0isoSnDlgTmIqukAORkXTz6C9ABpEWp1Yw4Fx6
G0PLr6xT9E96wJTJXQDNB728J4rHnKFKya5jIcwT,nOgJEtffp9e3P1qN9pqUrIZB0WQ9VIdptmx5wtia,MOx9AM3J6rnEQQJCSsWfT7wdOetSni3OV0mrNgho,hBG5vMBqkXoKVhe5nKFmfjAVyNoGHSr22VXcrkoN,BR0isoSnDlgTmIqukAORkXTz6C9ABpEWp1Yw4Fx6,0tSt4SUsOj8fKBL2OwFTAz878S85snjiNnAx7n8z
DboXcHUzjiTnEyfVzMA8hgefX2B7suIPftuPWSyq,G97yzpX8HPnbmrVEC0Aoz2si9mlAiCfZmduqw99n,I9zyEumkNRxIzJ9lhMe24gjeuA05krtaF8GygUHD,G0PLr6xT9E96wJTJXQDNB728J4rHnKFKya5jIcwT,0tSt4SUsOj8fKBL2OwFTAz878S85snjiNnAx7n8z,G97yzpX8HPnbmrVEC0Aoz2si9mlAiCfZmduqw99n
neo9uYRJVawyUm1nyXvQrJxwVqapvXp6gVg6kwxr,MOx9AM3J6rnEQQJCSsWfT7wdOetSni3OV0mrNgho,BR0isoSnDlgTmIqukAORkXTz6C9ABpEWp1Yw4Fx6,G97yzpX8HPnbmrVEC0Aoz2si9mlAiCfZmduqw99n,hBG5vMBqkXoKVhe5nKFmfjAVyNoGHSr22VXcrkoN,MOx9AM3J6rnEQQJCSsWfT7wdOetSni3OV0mrNgho
G97yzpX8HPnbmrVEC0Aoz2si9mlAiCfZmduqw99n,I9zyEumkNRxIzJ9lhMe24gjeuA05krtaF8GygUHD,0tSt4SUsOj8fKBL2OwFTAz878S85snjiNnAx7n8z,MOx9AM3J6rnEQQJCSsWfT7wdOetSni3OV0mrNgho,G97yzpX8HPnbmrVEC0Aoz2si9mlAiCfZmduqw99n,I9zyEumkNRxIzJ9lhMe24gjeuA05krtaF8GygUHD
MOx9AM3J6rnEQQJCSsWfT7wdOetSni3OV0mrNgho,BR0isoSnDlgTmIqukAORkXTz6C9ABpEWp1Yw4Fx6,hBG5vMBqkXoKVhe5nKFmfjAVyNoGHSr22VXcrkoN,I9zyEumkNRxIzJ9lhMe24gjeuA05krtaF8GygUHD,MOx9AM3J6rnEQQJCSsWfT7wdOetSni3OV0mrNgho,BR0isoSnDlgTmIqukAORkXTz6C9ABpEWp1Yw4Fx6
I9zyEumkNRxIzJ9lhMe24gjeuA05krtaF8GygUHD,0tSt4SUsOj8fKBL2OwFTAz878S85snjiNnAx7n8z,G0PLr6xT9E96wJTJXQDNB728J4rHnKFKya5jIcwT,BR0isoSnDlgTmIqukAORkXTz6C9ABpEWp1Yw4Fx6,I9zyEumkNRxIzJ9lhMe24gjeuA05krtaF8GygUHD,0tSt4SUsOj8fKBL2OwFTAz878S85snjiNnAx7n8z
BR0isoSnDlgTmIqukAORkXTz6C9ABpEWp1Yw4Fx6,hBG5vMBqkXoKVhe5nKFmfjAVyNoGHSr22VXcrkoN,DboXcHUzjiTnEyfVzMA8hgefX2B7suIPftuPWSyq,0tSt4SUsOj8fKBL2OwFTAz878S85snjiNnAx7n8z,BR0isoSnDlgTmIqukAORkXTz6C9ABpEWp1Yw4Fx6,G97yzpX8HPnbmrVEC0Aoz2si9mlAiCfZmduqw99n
0tSt4SUsOj8fKBL2OwFTAz878S85snjiNnAx7n8z,G0PLr6xT9E96wJTJXQDNB728J4rHnKFKya5jIcwT,G97yzpX8HPnbmrVEC0Aoz2si9mlAiCfZmduqw99n,hBG5vMBqkXoKVhe5nKFmfjAVyNoGHSr22VXcrkoN,0tSt4SUsOj8fKBL2OwFTAz878S85snjiNnAx7n8z,MOx9AM3J6rnEQQJCSsWfT7wdOetSni3OV0mrNgho
hBG5vMBqkXoKVhe5nKFmfjAVyNoGHSr22VXcrkoN,DboXcHUzjiTnEyfVzMA8hgefX2B7suIPftuPWSyq,MOx9AM3J6rnEQQJCSsWfT7wdOetSni3OV0mrNgho,G0PLr6xT9E96wJTJXQDNB728J4rHnKFKya5jIcwT,hBG5vMBqkXoKVhe5nKFmfjAVyNoGHSr22VXcrkoN,I9zyEumkNRxIzJ9lhMe24gjeuA05krtaF8GygUHD
G0PLr6xT9E96wJTJXQDNB728J4rHnKFKya5jIcwT,neo9uYRJVawyUm1nyXvQrJxwVqapvXp6gVg6kwxr,I9zyEumkNRxIzJ9lhMe24gjeuA05krtaF8GygUHD,G97yzpX8HPnbmrVEC0Aoz2si9mlAiCfZmduqw99n,G97yzpX8HPnbmrVEC0Aoz2si9mlAiCfZmduqw99n,BR0isoSnDlgTmIqukAORkXTz6C9ABpEWp1Yw4Fx6
DboXcHUzjiTnEyfVzMA8hgefX2B7suIPftuPWSyq,nOgJEtffp9e3P1qN9pqUrIZB0WQ9VIdptmx5wtia,BR0isoSnDlgTmIqukAORkXTz6C9ABpEWp1Yw4Fx6,MOx9AM3J6rnEQQJCSsWfT7wdOetSni3OV0mrNgho,MOx9AM3J6rnEQQJCSsWfT7wdOetSni3OV0mrNgho,0tSt4SUsOj8fKBL2OwFTAz878S85snjiNnAx7n8z
neo9uYRJVawyUm1nyXvQrJxwVqapvXp6gVg6kwxr,G97yzpX8HPnbmrVEC0Aoz2si9mlAiCfZmduqw99n,0tSt4SUsOj8fKBL2OwFTAz878S85snjiNnAx7n8z,I9zyEumkNRxIzJ9lhMe24gjeuA05krtaF8GygUHD,I9zyEumkNRxIzJ9lhMe24gjeuA05krtaF8GygUHD,G97yzpX8HPnbmrVEC0Aoz2si9mlAiCfZmduqw99n
G97yzpX8HPnbmrVEC0Aoz2si9mlAiCfZmduqw99n,MOx9AM3J6rnEQQJCSsWfT7wdOetSni3OV0mrNgho,hBG5vMBqkXoKVhe5nKFmfjAVyNoGHSr22VXcrkoN,BR0isoSnDlgTmIqukAORkXTz6C9ABpEWp1Yw4Fx6,BR0isoSnDlgTmIqukAORkXTz6C9ABpEWp1Yw4Fx6,MOx9AM3J6rnEQQJCSsWfT7wdOetSni3OV0mrNgho
MOx9AM3J6rnEQQJCSsWfT7wdOetSni3OV0mrNgho,I9zyEumkNRxIzJ9lhMe24gjeuA05krtaF8GygUHD,G0PLr6xT9E96wJTJXQDNB728J4rHnKFKya5jIcwT,0tSt4SUsOj8fKBL2OwFTAz878S85snjiNnAx7n8z,0tSt4SUsOj8fKBL2OwFTAz878S85snjiNnAx7n8z,I9zyEumkNRxIzJ9lhMe24gjeuA05krtaF8GygUHD
I9zyEumkNRxIzJ9lhMe24gjeuA05krtaF8GygUHD,BR0isoSnDlgTmIqukAORkXTz6C9ABpEWp1Yw4Fx6,DboXcHUzjiTnEyfVzMA8hgefX2B7suIPftuPWSyq,hBG5vMBqkXoKVhe5nKFmfjAVyNoGHSr22VXcrkoN,hBG5vMBqkXoKVhe5nKFmfjAVyNoGHSr22VXcrkoN,BR0isoSnDlgTmIqukAORkXTz6C9ABpEWp1Yw4Fx6
BR0isoSnDlgTmIqukAORkXTz6C9ABpEWp1Yw4Fx6,0tSt4SUsOj8fKBL2OwFTAz878S85snjiNnAx7n8z,G97yzpX8HPnbmrVEC0Aoz2si9mlAiCfZmduqw99n,G0PLr6xT9E96wJTJXQDNB728J4rHnKFKya5jIcwT,G97yzpX8HPnbmrVEC0Aoz2si9mlAiCfZmduqw99n,0tSt4SUsOj8fKBL2OwFTAz878S85snjiNnAx7n8z
0tSt4SUsOj8fKBL2OwFTAz878S85snjiNnAx7n8z,hBG5vMBqkXoKVhe5nKFmfjAVyNoGHSr22VXcrkoN,MOx9AM3J6rnEQQJCSsWfT7wdOetSni3OV0mrNgho,G97yzpX8HPnbmrVEC0Aoz2si9mlAiCfZmduqw99n,MOx9AM3J6rnEQQJCSsWfT7wdOetSni3OV0mrNgho,G97yzpX8HPnbmrVEC0Aoz2si9mlAiCfZmduqw99n
hBG5vMBqkXoKVhe5nKFmfjAVyNoGHSr22VXcrkoN,G0PLr6xT9E96wJTJXQDNB728J4rHnKFKya5jIcwT,I9zyEumkNRxIzJ9lhMe24gjeuA05krtaF8GygUHD,MOx9AM3J6rnEQQJCSsWfT7wdOetSni3OV0mrNgho,I9zyEumkNRxIzJ9lhMe24gjeuA05krtaF8GygUHD,MOx9AM3J6rnEQQJCSsWfT7wdOetSni3OV0mrNgho
G0PLr6xT9E96wJTJXQDNB728J4rHnKFKya5jIcwT,DboXcHUzjiTnEyfVzMA8hgefX2B7suIPftuPWSyq,BR0isoSnDlgTmIqukAORkXTz6C9ABpEWp1Yw4Fx6,I9zyEumkNRxIzJ9lhMe24gjeuA05krtaF8GygUHD,BR0isoSnDlgTmIqukAORkXTz6C9ABpEWp1Yw4Fx6,I9zyEumkNRxIzJ9lhMe24gjeuA05krtaF8GygUHD
DboXcHUzjiTnEyfVzMA8hgefX2B7suIPftuPWSyq,neo9uYRJVawyUm1nyXvQrJxwVqapvXp6gVg6kwxr,0tSt4SUsOj8fKBL2OwFTAz878S85snjiNnAx7n8z,BR0isoSnDlgTmIqukAORkXTz6C9ABpEWp1Yw4Fx6,0tSt4SUsOj8fKBL2OwFTAz878S85snjiNnAx7n8z,BR0isoSnDlgTmIqukAORkXTz6C9ABpEWp1Yw4Fx6
neo9uYRJVawyUm1nyXvQrJxwVqapvXp6gVg6kwxr,nOgJEtffp9e3P1qN9pqUrIZB0WQ9VIdptmx5wtia,hBG5vMBqkXoKVhe5nKFmfjAVyNoGHSr22VXcrkoN,0tSt4SUsOj8fKBL2OwFTAz878S85snjiNnAx7n8z,hBG5vMBqkXoKVhe5nKFmfjAVyNoGHSr22VXcrkoN,0tSt4SUsOj8fKBL2OwFTAz878S85snjiNnAx7n8z
G97yzpX8HPnbmrVEC0Aoz2si9mlAiCfZmduqw99n,G97yzpX8HPnbmrVEC0Aoz2si9mlAiCfZmduqw99n,G0PLr6xT9E96wJTJXQDNB728J4rHnKFKya5jIcwT,hBG5vMBqkXoKVhe5nKFmfjAVyNoGHSr22VXcrkoN,G97yzpX8HPnbmrVEC0Aoz2si9mlAiCfZmduqw99n,G97yzpX8HPnbmrVEC0Aoz2si9mlAiCfZmduqw99n
MOx9AM3J6rnEQQJCSsWfT7wdOetSni3OV0mrNgho,MOx9AM3J6rnEQQJCSsWfT7wdOetSni3OV0mrNgho,DboXcHUzjiTnEyfVzMA8hgefX2B7suIPftuPWSyq,G0PLr6xT9E96wJTJXQDNB728J4rHnKFKya5jIcwT,MOx9AM3J6rnEQQJCSsWfT7wdOetSni3OV0mrNgho,MOx9AM3J6rnEQQJCSsWfT7wdOetSni3OV0mrNgho
I9zyEumkNRxIzJ9lhMe24gjeuA05krtaF8GygUHD,I9zyEumkNRxIzJ9lhMe24gjeuA05krtaF8GygUHD,G97yzpX8HPnbmrVEC0Aoz2si9mlAiCfZmduqw99n,G97yzpX8HPnbmrVEC0Aoz2si9mlAiCfZmduqw99n,I9zyEumkNRxIzJ9lhMe24gjeuA05krtaF8GygUHD,I9zyEumkNRxIzJ9lhMe24gjeuA05krtaF8GygUHD
BR0isoSnDlgTmIqukAORkXTz6C9ABpEWp1Yw4Fx6,BR0isoSnDlgTmIqukAORkXTz6C9ABpEWp1Yw4Fx6,MOx9AM3J6rnEQQJCSsWfT7wdOetSni3OV0mrNgho,MOx9AM3J6rnEQQJCSsWfT7wdOetSni3OV0mrNgho,BR0isoSnDlgTmIqukAORkXTz6C9ABpEWp1Yw4Fx6,BR0isoSnDlgTmIqukAORkXTz6C9ABpEWp1Yw4Fx6
0tSt4SUsOj8fKBL2OwFTAz878S85snjiNnAx7n8z,0tSt4SUsOj8fKBL2OwFTAz878S85snjiNnAx7n8z,I9zyEumkNRxIzJ9lhMe24gjeuA05krtaF8GygUHD,I9zyEumkNRxIzJ9lhMe24gjeuA05krtaF8GygUHD,0tSt4SUsOj8fKBL2OwFTAz878S85snjiNnAx7n8z,0tSt4SUsOj8fKBL2OwFTAz878S85snjiNnAx7n8z
hBG5vMBqkXoKVhe5nKFmfjAVyNoGHSr22VXcrkoN,hBG5vMBqkXoKVhe5nKFmfjAVyNoGHSr22VXcrkoN,BR0isoSnDlgTmIqukAORkXTz6C9ABpEWp1Yw4Fx6,BR0isoSnDlgTmIqukAORkXTz6C9ABpEWp1Yw4Fx6,hBG5vMBqkXoKVhe5nKFmfjAVyNoGHSr22VXcrkoN,G97yzpX8HPnbmrVEC0Aoz2si9mlAiCfZmduqw99n
G0PLr6xT9E96wJTJXQDNB728J4rHnKFKya5jIcwT,G0PLr6xT9E96wJTJXQDNB728J4rHnKFKya5jIcwT,0tSt4SUsOj8fKBL2OwFTAz878S85snjiNnAx7n8z,0tSt4SUsOj8fKBL2OwFTAz878S85snjiNnAx7n8z,G97yzpX8HPnbmrVEC0Aoz2si9mlAiCfZmduqw99n,MOx9AM3J6rnEQQJCSsWfT7wdOetSni3OV0mrNgho
DboXcHUzjiTnEyfVzMA8hgefX2B7suIPftuPWSyq,DboXcHUzjiTnEyfVzMA8hgefX2B7suIPftuPWSyq,hBG5vMBqkXoKVhe5nKFmfjAVyNoGHSr22VXcrkoN,hBG5vMBqkXoKVhe5nKFmfjAVyNoGHSr22VXcrkoN,MOx9AM3J6rnEQQJCSsWfT7wdOetSni3OV0mrNgho,I9zyEumkNRxIzJ9lhMe24gjeuA05krtaF8GygUHD
neo9uYRJVawyUm1nyXvQrJxwVqapvXp6gVg6kwxr,neo9uYRJVawyUm1nyXvQrJxwVqapvXp6gVg6kwxr,G0PLr6xT9E96wJTJXQDNB728J4rHnKFKya5jIcwT,G0PLr6xT9E96wJTJXQDNB728J4rHnKFKya5jIcwT,I9zyEumkNRxIzJ9lhMe24gjeuA05krtaF8GygUHD,BR0isoSnDlgTmIqukAORkXTz6C9ABpEWp1Yw4Fx6
G97yzpX8HPnbmrVEC0Aoz2si9mlAiCfZmduqw99n,nOgJEtffp9e3P1qN9pqUrIZB0WQ9VIdptmx5wtia,DboXcHUzjiTnEyfVzMA8hgefX2B7suIPftuPWSyq,G97yzpX8HPnbmrVEC0Aoz2si9mlAiCfZmduqw99n,BR0isoSnDlgTmIqukAORkXTz6C9ABpEWp1Yw4Fx6,0tSt4SUsOj8fKBL2OwFTAz878S85snjiNnAx7n8z
MOx9AM3J6rnEQQJCSsWfT7wdOetSni3OV0mrNgho,G97yzpX8HPnbmrVEC0Aoz2si9mlAiCfZmduqw99n,G97yzpX8HPnbmrVEC0Aoz2si9mlAiCfZmduqw99n,MOx9AM3J6rnEQQJCSsWfT7wdOetSni3OV0mrNgho,0tSt4SUsOj8fKBL2OwFTAz878S85snjiNnAx7n8z,G97yzpX8HPnbmrVEC0Aoz2si9mlAiCfZmduqw99n
I9zyEumkNRxIzJ9lhMe24gjeuA05krtaF8GygUHD,MOx9AM3J6rnEQQJCSsWfT7wdOetSni3OV0mrNgho,MOx9AM3J6rnEQQJCSsWfT7wdOetSni3OV0mrNgho,I9zyEumkNRxIzJ9lhMe24gjeuA05krtaF8GygUHD,hBG5vMBqkXoKVhe5nKFmfjAVyNoGHSr22VXcrkoN,MOx9AM3J6rnEQQJCSsWfT7wdOetSni3OV0mrNgho
BR0isoSnDlgTmIqukAORkXTz6C9ABpEWp1Yw4Fx6,I9zyEumkNRxIzJ9lhMe24gjeuA05krtaF8GygUHD,I9zyEumkNRxIzJ9lhMe24gjeuA05krtaF8GygUHD,BR0isoSnDlgTmIqukAORkXTz6C9ABpEWp1Yw4Fx6,G97yzpX8HPnbmrVEC0Aoz2si9mlAiCfZmduqw99n,I9zyEumkNRxIzJ9lhMe24gjeuA05krtaF8GygUHD
0tSt4SUsOj8fKBL2OwFTAz878S85snjiNnAx7n8z,BR0isoSnDlgTmIqukAORkXTz6C9ABpEWp1Yw4Fx6,BR0isoSnDlgTmIqukAORkXTz6C9ABpEWp1Yw4Fx6,0tSt4SUsOj8fKBL2OwFTAz878S85snjiNnAx7n8z,MOx9AM3J6rnEQQJCSsWfT7wdOetSni3OV0mrNgho,BR0isoSnDlgTmIqukAORkXTz6C9ABpEWp1Yw4Fx6
hBG5vMBqkXoKVhe5nKFmfjAVyNoGHSr22VXcrkoN,0tSt4SUsOj8fKBL2OwFTAz878S85snjiNnAx7n8z,0tSt4SUsOj8fKBL2OwFTAz878S85snjiNnAx7n8z,hBG5vMBqkXoKVhe5nKFmfjAVyNoGHSr22VXcrkoN,I9zyEumkNRxIzJ9lhMe24gjeuA05krtaF8GygUHD,0tSt4SUsOj8fKBL2OwFTAz878S85snjiNnAx7n8z
G0PLr6xT9E96wJTJXQDNB728J4rHnKFKya5jIcwT,hBG5vMBqkXoKVhe5nKFmfjAVyNoGHSr22VXcrkoN,hBG5vMBqkXoKVhe5nKFmfjAVyNoGHSr22VXcrkoN,G0PLr6xT9E96wJTJXQDNB728J4rHnKFKya5jIcwT,BR0isoSnDlgTmIqukAORkXTz6C9ABpEWp1Yw4Fx6,G97yzpX8HPnbmrVEC0Aoz2si9mlAiCfZmduqw99n
DboXcHUzjiTnEyfVzMA8hgefX2B7suIPftuPWSyq,G0PLr6xT9E96wJTJXQDNB728J4rHnKFKya5jIcwT,G0PLr6xT9E96wJTJXQDNB728J4rHnKFKya5jIcwT,G97yzpX8HPnbmrVEC0Aoz2si9mlAiCfZmduqw99n,0tSt4SUsOj8fKBL2OwFTAz878S85snjiNnAx7n8z,MOx9AM3J6rnEQQJCSsWfT7wdOetSni3OV0mrNgho
neo9uYRJVawyUm1nyXvQrJxwVqapvXp6gVg6kwxr,DboXcHUzjiTnEyfVzMA8hgefX2B7suIPftuPWSyq,DboXcHUzjiTnEyfVzMA8hgefX2B7suIPftuPWSyq,MOx9AM3J6rnEQQJCSsWfT7wdOetSni3OV0mrNgho,hBG5vMBqkXoKVhe5nKFmfjAVyNoGHSr22VXcrkoN,I9zyEumkNRxIzJ9lhMe24gjeuA05krtaF8GygUHD
G97yzpX8HPnbmrVEC0Aoz2si9mlAiCfZmduqw99n,neo9uYRJVawyUm1nyXvQrJxwVqapvXp6gVg6kwxr,G97yzpX8HPnbmrVEC0Aoz2si9mlAiCfZmduqw99n,I9zyEumkNRxIzJ9lhMe24gjeuA05krtaF8GygUHD,G97yzpX8HPnbmrVEC0Aoz2si9mlAiCfZmduqw99n,BR0isoSnDlgTmIqukAORkXTz6C9ABpEWp1Yw4Fx6
MOx9AM3J6rnEQQJCSsWfT7wdOetSni3OV0mrNgho,nOgJEtffp9e3P1qN9pqUrIZB0WQ9VIdptmx5wtia,MOx9AM3J6rnEQQJCSsWfT7wdOetSni3OV0mrNgho,BR0isoSnDlgTmIqukAORkXTz6C9ABpEWp1Yw4Fx6,MOx9AM3J6rnEQQJCSsWfT7wdOetSni3OV0mrNgho,0tSt4SUsOj8fKBL2OwFTAz878S85snjiNnAx7n8z
I9zyEumkNRxIzJ9lhMe24gjeuA05krtaF8GygUHD,G97yzpX8HPnbmrVEC0Aoz2si9mlAiCfZmduqw99n,I9zyEumkNRxIzJ9lhMe24gjeuA05krtaF8GygUHD,0tSt4SUsOj8fKBL2OwFTAz878S85snjiNnAx7n8z,I9zyEumkNRxIzJ9lhMe24gjeuA05krtaF8GygUHD,G97yzpX8HPnbmrVEC0Aoz2si9mlAiCfZmduqw99n
BR0isoSnDlgTmIqukAORkXTz6C9ABpEWp1Yw4Fx6,MOx9AM3J6rnEQQJCSsWfT7wdOetSni3OV0mrNgho,BR0isoSnDlgTmIqukAORkXTz6C9ABpEWp1Yw4Fx6,hBG5vMBqkXoKVhe5nKFmfjAVyNoGHSr22VXcrkoN,BR0isoSnDlgTmIqukAORkXTz6C9ABpEWp1Yw4Fx6,MOx9AM3J6rnEQQJCSsWfT7wdOetSni3OV0mrNgho
0tSt4SUsOj8fKBL2OwFTAz878S85snjiNnAx7n8z,I9zyEumkNRxIzJ9lhMe24gjeuA05krtaF8GygUHD,0tSt4SUsOj8fKBL2OwFTAz878S85snjiNnAx7n8z,G0PLr6xT9E96wJTJXQDNB728J4rHnKFKya5jIcwT,0tSt4SUsOj8fKBL2OwFTAz878S85snjiNnAx7n8z,I9zyEumkNRxIzJ9lhMe24gjeuA05krtaF8GygUHD
hBG5vMBqkXoKVhe5nKFmfjAVyNoGHSr22VXcrkoN,BR0isoSnDlgTmIqukAORkXTz6C9ABpEWp1Yw4Fx6,hBG5vMBqkXoKVhe5nKFmfjAVyNoGHSr22VXcrkoN,G97yzpX8HPnbmrVEC0Aoz2si9mlAiCfZmduqw99n,hBG5vMBqkXoKVhe5nKFmfjAVyNoGHSr22VXcrkoN,BR0isoSnDlgTmIqukAORkXTz6C9ABpEWp1Yw4Fx6
G0PLr6xT9E96wJTJXQDNB728J4rHnKFKya5jIcwT,0tSt4SUsOj8fKBL2OwFTAz878S85snjiNnAx7n8z,G0PLr6xT9E96wJTJXQDNB728J4rHnKFKya5jIcwT,MOx9AM3J6rnEQQJCSsWfT7wdOetSni3OV0mrNgho,G97yzpX8HPnbmrVEC0Aoz2si9mlAiCfZmduqw99n,0tSt4SUsOj8fKBL2OwFTAz878S85snjiNnAx7n8z
DboXcHUzjiTnEyfVzMA8hgefX2B7suIPftuPWSyq,hBG5vMBqkXoKVhe5nKFmfjAVyNoGHSr22VXcrkoN,DboXcHUzjiTnEyfVzMA8hgefX2B7suIPftuPWSyq,I9zyEumkNRxIzJ9lhMe24gjeuA05krtaF8GygUHD,MOx9AM3J6rnEQQJCSsWfT7wdOetSni3OV0mrNgho,G97yzpX8HPnbmrVEC0Aoz2si9mlAiCfZmduqw99n
neo9uYRJVawyUm1nyXvQrJxwVqapvXp6gVg6kwxr,G0PLr6xT9E96wJTJXQDNB728J4rHnKFKya5jIcwT,G97yzpX8HPnbmrVEC0Aoz2si9mlAiCfZmduqw99n,BR0isoSnDlgTmIqukAORkXTz6C9ABpEWp1Yw4Fx6,I9zyEumkNRxIzJ9lhMe24gjeuA05krtaF8GygUHD,MOx9AM3J6rnEQQJCSsWfT7wdOetSni3OV0mrNgho
G97yzpX8HPnbmrVEC0Aoz2si9mlAiCfZmduqw99n,DboXcHUzjiTnEyfVzMA8hgefX2B7suIPftuPWSyq,MOx9AM3J6rnEQQJCSsWfT7wdOetSni3OV0mrNgho,0tSt4SUsOj8fKBL2OwFTAz878S85snjiNnAx7n8z,BR0isoSnDlgTmIqukAORkXTz6C9ABpEWp1Yw4Fx6,I9zyEumkNRxIzJ9lhMe24gjeuA05krtaF8GygUHD
MOx9AM3J6rnEQQJCSsWfT7wdOetSni3OV0mrNgho,neo9uYRJVawyUm1nyXvQrJxwVqapvXp6gVg6kwxr,I9zyEumkNRxIzJ9lhMe24gjeuA05krtaF8GygUHD,hBG5vMBqkXoKVhe5nKFmfjAVyNoGHSr22VXcrkoN,0tSt4SUsOj8fKBL2OwFTAz878S85snjiNnAx7n8z,BR0isoSnDlgTmIqukAORkXTz6C9ABpEWp1Yw4Fx6
I9zyEumkNRxIzJ9lhMe24gjeuA05krtaF8GygUHD,nOgJEtffp9e3P1qN9pqUrIZB0WQ9VIdptmx5wtia,BR0isoSnDlgTmIqukAORkXTz6C9ABpEWp1Yw4Fx6,G0PLr6xT9E96wJTJXQDNB728J4rHnKFKya5jIcwT,hBG5vMBqkXoKVhe5nKFmfjAVyNoGHSr22VXcrkoN,0tSt4SUsOj8fKBL2OwFTAz878S85snjiNnAx7n8z
BR0isoSnDlgTmIqukAORkXTz6C9ABpEWp1Yw4Fx6,G97yzpX8HPnbmrVEC0Aoz2si9mlAiCfZmduqw99n,0tSt4SUsOj8fKBL2OwFTAz878S85snjiNnAx7n8z,G97yzpX8HPnbmrVEC0Aoz2si9mlAiCfZmduqw99n,G97yzpX8HPnbmrVEC0Aoz2si9mlAiCfZmduqw99n,G97yzpX8HPnbmrVEC0Aoz2si9mlAiCfZmduqw99n
0tSt4SUsOj8fKBL2OwFTAz878S85snjiNnAx7n8z,MOx9AM3J6rnEQQJCSsWfT7wdOetSni3OV0mrNgho,hBG5vMBqkXoKVhe5nKFmfjAVyNoGHSr22VXcrkoN,MOx9AM3J6rnEQQJCSsWfT7wdOetSni3OV0mrNgho,MOx9AM3J6rnEQQJCSsWfT7wdOetSni3OV0mrNgho,MOx9AM3J6rnEQQJCSsWfT7wdOetSni3OV0mrNgho
hBG5vMBqkXoKVhe5nKFmfjAVyNoGHSr22VXcrkoN,I9zyEumkNRxIzJ9lhMe24gjeuA05krtaF8GygUHD,G0PLr6xT9E96wJTJXQDNB728J4rHnKFKya5jIcwT,I9zyEumkNRxIzJ9lhMe24gjeuA05krtaF8GygUHD,I9zyEumkNRxIzJ9lhMe24gjeuA05krtaF8GygUHD,I9zyEumkNRxIzJ9lhMe24gjeuA05krtaF8GygUHD
G0PLr6xT9E96wJTJXQDNB728J4rHnKFKya5jIcwT,BR0isoSnDlgTmIqukAORkXTz6C9ABpEWp1Yw4Fx6,DboXcHUzjiTnEyfVzMA8hgefX2B7suIPftuPWSyq,BR0isoSnDlgTmIqukAORkXTz6C9ABpEWp1Yw4Fx6,BR0isoSnDlgTmIqukAORkXTz6C9ABpEWp1Yw4Fx6,BR0isoSnDlgTmIqukAORkXTz6C9ABpEWp1Yw4Fx6
DboXcHUzjiTnEyfVzMA8hgefX2B7suIPftuPWSyq,0tSt4SUsOj8fKBL2OwFTAz878S85snjiNnAx7n8z,G97yzpX8HPnbmrVEC0Aoz2si9mlAiCfZmduqw99n,0tSt4SUsOj8fKBL2OwFTAz878S85snjiNnAx7n8z,0tSt4SUsOj8fKBL2OwFTAz878S85snjiNnAx7n8z,0tSt4SUsOj8fKBL2OwFTAz878S85snjiNnAx7n8z
neo9uYRJVawyUm1nyXvQrJxwVqapvXp6gVg6kwxr,hBG5vMBqkXoKVhe5nKFmfjAVyNoGHSr22VXcrkoN,MOx9AM3J6rnEQQJCSsWfT7wdOetSni3OV0mrNgho,hBG5vMBqkXoKVhe5nKFmfjAVyNoGHSr22VXcrkoN,hBG5vMBqkXoKVhe5nKFmfjAVyNoGHSr22VXcrkoN,G97yzpX8HPnbmrVEC0Aoz2si9mlAiCfZmduqw99n
G97yzpX8HPnbmrVEC0Aoz2si9mlAiCfZmduqw99n,G0PLr6xT9E96wJTJXQDNB728J4rHnKFKya5jIcwT,I9zyEumkNRxIzJ9lhMe24gjeuA05krtaF8GygUHD,G0PLr6xT9E96wJTJXQDNB728J4rHnKFKya5jIcwT,G97yzpX8HPnbmrVEC0Aoz2si9mlAiCfZmduqw99n,MOx9AM3J6rnEQQJCSsWfT7wdOetSni3OV0mrNgho
MOx9AM3J6rnEQQJCSsWfT7wdOetSni3OV0mrNgho,DboXcHUzjiTnEyfVzMA8hgefX2B7suIPftuPWSyq,BR0isoSnDlgTmIqukAORkXTz6C9ABpEWp1Yw4Fx6,G97yzpX8HPnbmrVEC0Aoz2si9mlAiCfZmduqw99n,MOx9AM3J6rnEQQJCSsWfT7wdOetSni3OV0mrNgho,I9zyEumkNRxIzJ9lhMe24gjeuA05krtaF8GygUHD
I9zyEumkNRxIzJ9lhMe24gjeuA05krtaF8GygUHD,neo9uYRJVawyUm1nyXvQrJxwVqapvXp6gVg6kwxr,0tSt4SUsOj8fKBL2OwFTAz878S85snjiNnAx7n8z,MOx9AM3J6rnEQQJCSsWfT7wdOetSni3OV0mrNgho,I9zyEumkNRxIzJ9lhMe24gjeuA05krtaF8GygUHD,BR0isoSnDlgTmIqukAORkXTz6C9ABpEWp1Yw4Fx6
BR0isoSnDlgTmIqukAORkXTz6C9ABpEWp1Yw4Fx6,nOgJEtffp9e3P1qN9pqUrIZB0WQ9VIdptmx5wtia,hBG5vMBqkXoKVhe5nKFmfjAVyNoGHSr22VXcrkoN,I9zyEumkNRxIzJ9lhMe24gjeuA05krtaF8GygUHD,BR0isoSnDlgTmIqukAORkXTz6C9ABpEWp1Yw4Fx6,0tSt4SUsOj8fKBL2OwFTAz878S85snjiNnAx7n8z
0tSt4SUsOj8fKBL2OwFTAz878S85snjiNnAx7n8z,G97yzpX8HPnbmrVEC0Aoz2si9mlAiCfZmduqw99n,G0PLr6xT9E96wJTJXQDNB728J4rHnKFKya5jIcwT,BR0isoSnDlgTmIqukAORkXTz6C9ABpEWp1Yw4Fx6,0tSt4SUsOj8fKBL2OwFTAz878S85snjiNnAx7n8z,G97yzpX8HPnbmrVEC0Aoz2si9mlAiCfZmduqw99n
hBG5vMBqkXoKVhe5nKFmfjAVyNoGHSr22VXcrkoN,MOx9AM3J6rnEQQJCSsWfT7wdOetSni3OV0mrNgho,DboXcHUzjiTnEyfVzMA8hgefX2B7suIPftuPWSyq,0tSt4SUsOj8fKBL2OwFTAz878S85snjiNnAx7n8z,hBG5vMBqkXoKVhe5nKFmfjAVyNoGHSr22VXcrkoN,MOx9AM3J6rnEQQJCSsWfT7wdOetSni3OV0mrNgho
G0PLr6xT9E96wJTJXQDNB728J4rHnKFKya5jIcwT,I9zyEumkNRxIzJ9lhMe24gjeuA05krtaF8GygUHD,G97yzpX8HPnbmrVEC0Aoz2si9mlAiCfZmduqw99n,hBG5vMBqkXoKVhe5nKFmfjAVyNoGHSr22VXcrkoN,G97yzpX8HPnbmrVEC0Aoz2si9mlAiCfZmduqw99n,I9zyEumkNRxIzJ9lhMe24gjeuA05krtaF8GygUHD
DboXcHUzjiTnEyfVzMA8hgefX2B7suIPftuPWSyq,BR0isoSnDlgTmIqukAORkXTz6C9ABpEWp1Yw4Fx6,MOx9AM3J6rnEQQJCSsWfT7wdOetSni3OV0mrNgho,G0PLr6xT9E96wJTJXQDNB728J4rHnKFKya5jIcwT,MOx9AM3J6rnEQQJCSsWfT7wdOetSni3OV0mrNgho,BR0isoSnDlgTmIqukAORkXTz6C9ABpEWp1Yw4Fx6
neo9uYRJVawyUm1nyXvQrJxwVqapvXp6gVg6kwxr,0tSt4SUsOj8fKBL2OwFTAz878S85snjiNnAx7n8z,I9zyEumkNRxIzJ9lhMe24gjeuA05krtaF8GygUHD,G97yzpX8HPnbmrVEC0Aoz2si9mlAiCfZmduqw99n,I9zyEumkNRxIzJ9lhMe24gjeuA05krtaF8GygUHD,0tSt4SUsOj8fKBL2OwFTAz878S85snjiNnAx7n8z
G97yzpX8HPnbmrVEC0Aoz2si9mlAiCfZmduqw99n,hBG5vMBqkXoKVhe5nKFmfjAVyNoGHSr22VXcrkoN,BR0isoSnDlgTmIqukAORkXTz6C9ABpEWp1Yw4Fx6,MOx9AM3J6rnEQQJCSsWfT7wdOetSni3OV0mrNgho,BR0isoSnDlgTmIqukAORkXTz6C9ABpEWp1Yw4Fx6,G97yzpX8HPnbmrVEC0Aoz2si9mlAiCfZmduqw99n
MOx9AM3J6rnEQQJCSsWfT7wdOetSni3OV0mrNgho,G0PLr6xT9E96wJTJXQDNB728J4rHnKFKya5jIcwT,0tSt4SUsOj8fKBL2OwFTAz878S85snjiNnAx7n8z,I9zyEumkNRxIzJ9lhMe24gjeuA05krtaF8GygUHD,0tSt4SUsOj8fKBL2OwFTAz878S85snjiNnAx7n8z,MOx9AM3J6rnEQQJCSsWfT7wdOetSni3OV0mrNgho
I9zyEumkNRxIzJ9lhMe24gjeuA05krtaF8GygUHD,DboXcHUzjiTnEyfVzMA8hgefX2B7suIPftuPWSyq,hBG5vMBqkXoKVhe5nKFmfjAVyNoGHSr22VXcrkoN,BR0isoSnDlgTmIqukAORkXTz6C9ABpEWp1Yw4Fx6,hBG5vMBqkXoKVhe5nKFmfjAVyNoGHSr22VXcrkoN,I9zyEumkNRxIzJ9lhMe24gjeuA05krtaF8GygUHD
BR0isoSnDlgTmIqukAORkXTz6C9ABpEWp1Yw4Fx6,neo9uYRJVawyUm1nyXvQrJxwVqapvXp6gVg6kwxr,G0PLr6xT9E96wJTJXQDNB728J4rHnKFKya5jIcwT,0tSt4SUsOj8fKBL2OwFTAz878S85snjiNnAx7n8z,G97yzpX8HPnbmrVEC0Aoz2si9mlAiCfZmduqw99n,BR0isoSnDlgTmIqukAORkXTz6C9ABpEWp1Yw4Fx6
0tSt4SUsOj8fKBL2OwFTAz878S85snjiNnAx7n8z,nOgJEtffp9e3P1qN9pqUrIZB0WQ9VIdptmx5wtia,DboXcHUzjiTnEyfVzMA8hgefX2B7suIPftuPWSyq,hBG5vMBqkXoKVhe5nKFmfjAVyNoGHSr22VXcrkoN,MOx9AM3J6rnEQQJCSsWfT7wdOetSni3OV0mrNgho,0tSt4SUsOj8fKBL2OwFTAz878S85snjiNnAx7n8z
hBG5vMBqkXoKVhe5nKFmfjAVyNoGHSr22VXcrkoN,G97yzpX8HPnbmrVEC0Aoz2si9mlAiCfZmduqw99n,G97yzpX8HPnbmrVEC0Aoz2si9mlAiCfZmduqw99n,G0PLr6xT9E96wJTJXQDNB728J4rHnKFKya5jIcwT,I9zyEumkNRxIzJ9lhMe24gjeuA05krtaF8GygUHD,G97yzpX8HPnbmrVEC0Aoz2si9mlAiCfZmduqw99n
G0PLr6xT9E96wJTJXQDNB728J4rHnKFKya5jIcwT,MOx9AM3J6rnEQQJCSsWfT7wdOetSni3OV0mrNgho,MOx9AM3J6rnEQQJCSsWfT7wdOetSni3OV0mrNgho,G97yzpX8HPnbmrVEC0Aoz2si9mlAiCfZmduqw99n,BR0isoSnDlgTmIqukAORkXTz6C9ABpEWp1Yw4Fx6,MOx9AM3J6rnEQQJCSsWfT7wdOetSni3OV0mrNgho
DboXcHUzjiTnEyfVzMA8hgefX2B7suIPftuPWSyq,I9zyEumkNRxIzJ9lhMe24gjeuA05krtaF8GygUHD,I9zyEumkNRxIzJ9lhMe24gjeuA05krtaF8GygUHD,MOx9AM3J6rnEQQJCSsWfT7wdOetSni3OV0mrNgho,0tSt4SUsOj8fKBL2OwFTAz878S85snjiNnAx7n8z,I9zyEumkNRxIzJ9lhMe24gjeuA05krtaF8GygUHD
neo9uYRJVawyUm1nyXvQrJxwVqapvXp6gVg6kwxr,BR0isoSnDlgTmIqukAORkXTz6C9ABpEWp1Yw4Fx6,BR0isoSnDlgTmIqukAORkXTz6C9ABpEWp1Yw4Fx6,I9zyEumkNRxIzJ9lhMe24gjeuA05krtaF8GygUHD,hBG5vMBqkXoKVhe5nKFmfjAVyNoGHSr22VXcrkoN,BR0isoSnDlgTmIqukAORkXTz6C9ABpEWp1Yw4Fx6
G97yzpX8HPnbmrVEC0Aoz2si9mlAiCfZmduqw99n,0tSt4SUsOj8fKBL2OwFTAz878S85snjiNnAx7n8z,0tSt4SUsOj8fKBL2OwFTAz878S85snjiNnAx7n8z,BR0isoSnDlgTmIqukAORkXTz6C9ABpEWp1Yw4Fx6,G97yzpX8HPnbmrVEC0Aoz2si9mlAiCfZmduqw99n,0tSt4SUsOj8fKBL2OwFTAz878S85snjiNnAx7n8z
MOx9AM3J6rnEQQJCSsWfT7wdOetSni3OV0mrNgho,hBG5vMBqkXoKVhe5nKFmfjAVyNoGHSr22VXcrkoN,hBG5vMBqkXoKVhe5nKFmfjAVyNoGHSr22VXcrkoN,0tSt4SUsOj8fKBL2OwFTAz878S85snjiNnAx7n8z,MOx9AM3J6rnEQQJCSsWfT7wdOetSni3OV0mrNgho,G97yzpX8HPnbmrVEC0Aoz2si9mlAiCfZmduqw99n
I9zyEumkNRxIzJ9lhMe24gjeuA05krtaF8GygUHD,G0PLr6xT9E96wJTJXQDNB728J4rHnKFKya5jIcwT,G0PLr6xT9E96wJTJXQDNB728J4rHnKFKya5jIcwT,hBG5vMBqkXoKVhe5nKFmfjAVyNoGHSr22VXcrkoN,I9zyEumkNRxIzJ9lhMe24gjeuA05krtaF8GygUHD,MOx9AM3J6rnEQQJCSsWfT7wdOetSni3OV0mrNgho
BR0isoSnDlgTmIqukAORkXTz6C9ABpEWp1Yw4Fx6,DboXcHUzjiTnEyfVzMA8hgefX2B7suIPftuPWSyq,DboXcHUzjiTnEyfVzMA8hgefX2B7suIPftuPWSyq,G0PLr6xT9E96wJTJXQDNB728J4rHnKFKya5jIcwT,BR0isoSnDlgTmIqukAORkXTz6C9ABpEWp1Yw4Fx6,I9zyEumkNRxIzJ9lhMe24gjeuA05krtaF8GygUHD
0tSt4SUsOj8fKBL2OwFTAz878S85snjiNnAx7n8z,neo9uYRJVawyUm1nyXvQrJxwVqapvXp6gVg6kwxr,G97yzpX8HPnbmrVEC0Aoz2si9mlAiCfZmduqw99n,G97yzpX8HPnbmrVEC0Aoz2si9mlAiCfZmduqw99n,0tSt4SUsOj8fKBL2OwFTAz878S85snjiNnAx7n8z,BR0isoSnDlgTmIqukAORkXTz6C9ABpEWp1Yw4Fx6
hBG5vMBqkXoKVhe5nKFmfjAVyNoGHSr22VXcrkoN,nOgJEtffp9e3P1qN9pqUrIZB0WQ9VIdptmx5wtia,MOx9AM3J6rnEQQJCSsWfT7wdOetSni3OV0mrNgho,MOx9AM3J6rnEQQJCSsWfT7wdOetSni3OV0mrNgho,hBG5vMBqkXoKVhe5nKFmfjAVyNoGHSr22VXcrkoN,0tSt4SUsOj8fKBL2OwFTAz878S85snjiNnAx7n8z
G0PLr6xT9E96wJTJXQDNB728J4rHnKFKya5jIcwT,G97yzpX8HPnbmrVEC0Aoz2si9mlAiCfZmduqw99n,I9zyEumkNRxIzJ9lhMe24gjeuA05krtaF8GygUHD,I9zyEumkNRxIzJ9lhMe24gjeuA05krtaF8GygUHD,G97yzpX8HPnbmrVEC0Aoz2si9mlAiCfZmduqw99n,G97yzpX8HPnbmrVEC0Aoz2si9mlAiCfZmduqw99n
DboXcHUzjiTnEyfVzMA8hgefX2B7suIPftuPWSyq,MOx9AM3J6rnEQQJCSsWfT7wdOetSni3OV0mrNgho,BR0isoSnDlgTmIqukAORkXTz6C9ABpEWp1Yw4Fx6,BR0isoSnDlgTmIqukAORkXTz6C9ABpEWp1Yw4Fx6,MOx9AM3J6rnEQQJCSsWfT7wdOetSni3OV0mrNgho,MOx9AM3J6rnEQQJCSsWfT7wdOetSni3OV0mrNgho
neo9uYRJVawyUm1nyXvQrJxwVqapvXp6gVg6kwxr,I9zyEumkNRxIzJ9lhMe24gjeuA05krtaF8GygUHD,0tSt4SUsOj8fKBL2OwFTAz878S85snjiNnAx7n8z,0tSt4SUsOj8fKBL2OwFTAz878S85snjiNnAx7n8z,I9zyEumkNRxIzJ9lhMe24gjeuA05krtaF8GygUHD,I9zyEumkNRxIzJ9lhMe24gjeuA05krtaF8GygUHD
G97yzpX8HPnbmrVEC0Aoz2si9mlAiCfZmduqw99n,BR0isoSnDlgTmIqukAORkXTz6C9ABpEWp1Yw4Fx6,hBG5vMBqkXoKVhe5nKFmfjAVyNoGHSr22VXcrkoN,hBG5vMBqkXoKVhe5nKFmfjAVyNoGHSr22VXcrkoN,BR0isoSnDlgTmIqukAORkXTz6C9ABpEWp1Yw4Fx6,BR0isoSnDlgTmIqukAORkXTz6C9ABpEWp1Yw4Fx6
MOx9AM3J6rnEQQJCSsWfT7wdOetSni3OV0mrNgho,0tSt4SUsOj8fKBL2OwFTAz878S85snjiNnAx7n8z,G0PLr6xT9E96wJTJXQDNB728J4rHnKFKya5jIcwT,G0PLr6xT9E96wJTJXQDNB728J4rHnKFKya5jIcwT,0tSt4SUsOj8fKBL2OwFTAz878S85snjiNnAx7n8z,0tSt4SUsOj8fKBL2OwFTAz878S85snjiNnAx7n8z
I9zyEumkNRxIzJ9lhMe24gjeuA05krtaF8GygUHD,hBG5vMBqkXoKVhe5nKFmfjAVyNoGHSr22VXcrkoN,DboXcHUzjiTnEyfVzMA8hgefX2B7suIPftuPWSyq,G97yzpX8HPnbmrVEC0Aoz2si9mlAiCfZmduqw99n,hBG5vMBqkXoKVhe5nKFmfjAVyNoGHSr22VXcrkoN,G97yzpX8HPnbmrVEC0Aoz2si9mlAiCfZmduqw99n
BR0isoSnDlgTmIqukAORkXTz6C9ABpEWp1Yw4Fx6,G0PLr6xT9E96wJTJXQDNB728J4rHnKFKya5jIcwT,G97yzpX8HPnbmrVEC0Aoz2si9mlAiCfZmduqw99n,MOx9AM3J6rnEQQJCSsWfT7wdOetSni3OV0mrNgho,G97yzpX8HPnbmrVEC0Aoz2si9mlAiCfZmduqw99n,MOx9AM3J6rnEQQJCSsWfT7wdOetSni3OV0mrNgho
0tSt4SUsOj8fKBL2OwFTAz878S85snjiNnAx7n8z,DboXcHUzjiTnEyfVzMA8hgefX2B7suIPftuPWSyq,MOx9AM3J6rnEQQJCSsWfT7wdOetSni3OV0mrNgho,I9zyEumkNRxIzJ9lhMe24gjeuA05krtaF8GygUHD,MOx9AM3J6rnEQQJCSsWfT7wdOetSni3OV0mrNgho,I9zyEumkNRxIzJ9lhMe24gjeuA05krtaF8GygUHD
hBG5vMBqkXoKVhe5nKFmfjAVyNoGHSr22VXcrkoN,neo9uYRJVawyUm1nyXvQrJxwVqapvXp6gVg6kwxr,I9zyEumkNRxIzJ9lhMe24gjeuA05krtaF8GygUHD,BR0isoSnDlgTmIqukAORkXTz6C9ABpEWp1Yw4Fx6,I9zyEumkNRxIzJ9lhMe24gjeuA05krtaF8GygUHD,BR0isoSnDlgTmIqukAORkXTz6C9ABpEWp1Yw4Fx6
G0PLr6xT9E96wJTJXQDNB728J4rHnKFKya5jIcwT,nOgJEtffp9e3P1qN9pqUrIZB0WQ9VIdptmx5wtia,BR0isoSnDlgTmIqukAORkXTz6C9ABpEWp1Yw4Fx6,0tSt4SUsOj8fKBL2OwFTAz878S85snjiNnAx7n8z,BR0isoSnDlgTmIqukAORkXTz6C9ABpEWp1Yw4Fx6,0tSt4SUsOj8fKBL2OwFTAz878S85snjiNnAx7n8z
DboXcHUzjiTnEyfVzMA8hgefX2B7suIPftuPWSyq,G97yzpX8HPnbmrVEC0Aoz2si9mlAiCfZmduqw99n,0tSt4SUsOj8fKBL2OwFTAz878S85snjiNnAx7n8z,hBG5vMBqkXoKVhe5nKFmfjAVyNoGHSr22VXcrkoN,0tSt4SUsOj8fKBL2OwFTAz878S85snjiNnAx7n8z,G97yzpX8HPnbmrVEC0Aoz2si9mlAiCfZmduqw99n
neo9uYRJVawyUm1nyXvQrJxwVqapvXp6gVg6kwxr,MOx9AM3J6rnEQQJCSsWfT7wdOetSni3OV0mrNgho,hBG5vMBqkXoKVhe5nKFmfjAVyNoGHSr22VXcrkoN,G0PLr6xT9E96wJTJXQDNB728J4rHnKFKya5jIcwT,hBG5vMBqkXoKVhe5nKFmfjAVyNoGHSr22VXcrkoN,MOx9AM3J6rnEQQJCSsWfT7wdOetSni3OV0mrNgho
G97yzpX8HPnbmrVEC0Aoz2si9mlAiCfZmduqw99n,I9zyEumkNRxIzJ9lhMe24gjeuA05krtaF8GygUHD,G0PLr6xT9E96wJTJXQDNB728J4rHnKFKya5jIcwT,G97yzpX8HPnbmrVEC0Aoz2si9mlAiCfZmduqw99n,G97yzpX8HPnbmrVEC0Aoz2si9mlAiCfZmduqw99n,I9zyEumkNRxIzJ9lhMe24gjeuA05krtaF8GygUHD
MOx9AM3J6rnEQQJCSsWfT7wdOetSni3OV0mrNgho,BR0isoSnDlgTmIqukAORkXTz6C9ABpEWp1Yw4Fx6,DboXcHUzjiTnEyfVzMA8hgefX2B7suIPftuPWSyq,MOx9AM3J6rnEQQJCSsWfT7wdOetSni3OV0mrNgho,MOx9AM3J6rnEQQJCSsWfT7wdOetSni3OV0mrNgho,BR0isoSnDlgTmIqukAORkXTz6C9ABpEWp1Yw4Fx6
I9zyEumkNRxIzJ9lhMe24gjeuA05krtaF8GygUHD,0tSt4SUsOj8fKBL2OwFTAz878S85snjiNnAx7n8z,G97yzpX8HPnbmrVEC0Aoz2si9mlAiCfZmduqw99n,I9zyEumkNRxIzJ9lhMe24gjeuA05krtaF8GygUHD,I9zyEumkNRxIzJ9lhMe24gjeuA05krtaF8GygUHD,0tSt4SUsOj8fKBL2OwFTAz878S85snjiNnAx7n8z
BR0isoSnDlgTmIqukAORkXTz6C9ABpEWp1Yw4Fx6,hBG5vMBqkXoKVhe5nKFmfjAVyNoGHSr22VXcrkoN,MOx9AM3J6rnEQQJCSsWfT7wdOetSni3OV0mrNgho,BR0isoSnDlgTmIqukAORkXTz6C9ABpEWp1Yw4Fx6,BR0isoSnDlgTmIqukAORkXTz6C9ABpEWp1Yw4Fx6,G97yzpX8HPnbmrVEC0Aoz2si9mlAiCfZmduqw99n
0tSt4SUsOj8fKBL2OwFTAz878S85snjiNnAx7n8z,G0PLr6xT9E96wJTJXQDNB728J4rHnKFKya5jIcwT,I9zyEumkNRxIzJ9lhMe24gjeuA05krtaF8GygUHD,0tSt4SUsOj8fKBL2OwFTAz878S85snjiNnAx7n8z,0tSt4SUsOj8fKBL2OwFTAz878S85snjiNnAx7n8z,MOx9AM3J6rnEQQJCSsWfT7wdOetSni3OV0mrNgho
hBG5vMBqkXoKVhe5nKFmfjAVyNoGHSr22VXcrkoN,DboXcHUzjiTnEyfVzMA8hgefX2B7suIPftuPWSyq,BR0isoSnDlgTmIqukAORkXTz6C9ABpEWp1Yw4Fx6,hBG5vMBqkXoKVhe5nKFmfjAVyNoGHSr22VXcrkoN,hBG5vMBqkXoKVhe5nKFmfjAVyNoGHSr22VXcrkoN,I9zyEumkNRxIzJ9lhMe24gjeuA05krtaF8GygUHD
G0PLr6xT9E96wJTJXQDNB728J4rHnKFKya5jIcwT,neo9uYRJVawyUm1nyXvQrJxwVqapvXp6gVg6kwxr,0tSt4SUsOj8fKBL2OwFTAz878S85snjiNnAx7n8z,G0PLr6xT9E96wJTJXQDNB728J4rHnKFKya5jIcwT,G97yzpX8HPnbmrVEC0Aoz2si9mlAiCfZmduqw99n,BR0isoSnDlgTmIqukAORkXTz6C9ABpEWp1Yw4Fx6
DboXcHUzjiTnEyfVzMA8hgefX2B7suIPftuPWSyq,nOgJEtffp9e3P1qN9pqUrIZB0WQ9VIdptmx5wtia,hBG5vMBqkXoKVhe5nKFmfjAVyNoGHSr22VXcrkoN,G97yzpX8HPnbmrVEC0Aoz2si9mlAiCfZmduqw99n,MOx9AM3J6rnEQQJCSsWfT7wdOetSni3OV0mrNgho,0tSt4SUsOj8fKBL2OwFTAz878S85snjiNnAx7n8z
neo9uYRJVawyUm1nyXvQrJxwVqapvXp6gVg6kwxr,G97yzpX8HPnbmrVEC0Aoz2si9mlAiCfZmduqw99n,G0PLr6xT9E96wJTJXQDNB728J4rHnKFKya5jIcwT,MOx9AM3J6rnEQQJCSsWfT7wdOetSni3OV0mrNgho,I9zyEumkNRxIzJ9lhMe24gjeuA05krtaF8GygUHD,G97yzpX8HPnbmrVEC0Aoz2si9mlAiCfZmduqw99n
G97yzpX8HPnbmrVEC0Aoz2si9mlAiCfZmduqw99n,MOx9AM3J6rnEQQJCSsWfT7wdOetSni3OV0mrNgho,DboXcHUzjiTnEyfVzMA8hgefX2B7suIPftuPWSyq,I9zyEumkNRxIzJ9lhMe24gjeuA05krtaF8GygUHD,BR0isoSnDlgTmIqukAORkXTz6C9ABpEWp1Yw4Fx6,MOx9AM3J6rnEQQJCSsWfT7wdOetSni3OV0mrNgho
MOx9AM3J6rnEQQJCSsWfT7wdOetSni3OV0mrNgho,I9zyEumkNRxIzJ9lhMe24gjeuA05krtaF8GygUHD,G97yzpX8HPnbmrVEC0Aoz2si9mlAiCfZmduqw99n,BR0isoSnDlgTmIqukAORkXTz6C9ABpEWp1Yw4Fx6,0tSt4SUsOj8fKBL2OwFTAz878S85snjiNnAx7n8z,I9zyEumkNRxIzJ9lhMe24gjeuA05krtaF8GygUHD
I9zyEumkNRxIzJ9lhMe24gjeuA05krtaF8GygUHD,BR0isoSnDlgTmIqukAORkXTz6C9ABpEWp1Yw4Fx6,MOx9AM3J6rnEQQJCSsWfT7wdOetSni3OV0mrNgho,0tSt4SUsOj8fKBL2OwFTAz878S85snjiNnAx7n8z,hBG5vMBqkXoKVhe5nKFmfjAVyNoGHSr22VXcrkoN,BR0isoSnDlgTmIqukAORkXTz6C9ABpEWp1Yw4Fx6
BR0isoSnDlgTmIqukAORkXTz6C9ABpEWp1Yw4Fx6,0tSt4SUsOj8fKBL2OwFTAz878S85snjiNnAx7n8z,I9zyEumkNRxIzJ9lhMe24gjeuA05krtaF8GygUHD,hBG5vMBqkXoKVhe5nKFmfjAVyNoGHSr22VXcrkoN,G97yzpX8HPnbmrVEC0Aoz2si9mlAiCfZmduqw99n,0tSt4SUsOj8fKBL2OwFTAz878S85snjiNnAx7n8z
0tSt4SUsOj8fKBL2OwFTAz878S85snjiNnAx7n8z,hBG5vMBqkXoKVhe5nKFmfjAVyNoGHSr22VXcrkoN,BR0isoSnDlgTmIqukAORkXTz6C9ABpEWp1Yw4Fx6,G0PLr6xT9E96wJTJXQDNB728J4rHnKFKya5jIcwT,MOx9AM3J6rnEQQJCSsWfT7wdOetSni3OV0mrNgho,G97yzpX8HPnbmrVEC0Aoz2si9mlAiCfZmduqw99n
hBG5vMBqkXoKVhe5nKFmfjAVyNoGHSr22VXcrkoN,G0PLr6xT9E96wJTJXQDNB728J4rHnKFKya5jIcwT,0tSt4SUsOj8fKBL2OwFTAz878S85snjiNnAx7n8z,G97yzpX8HPnbmrVEC0Aoz2si9mlAiCfZmduqw99n,I9zyEumkNRxIzJ9lhMe24gjeuA05krtaF8GygUHD,MOx9AM3J6rnEQQJCSsWfT7wdOetSni3OV0mrNgho
G0PLr6xT9E96wJTJXQDNB728J4rHnKFKya5jIcwT,DboXcHUzjiTnEyfVzMA8hgefX2B7suIPftuPWSyq,hBG5vMBqkXoKVhe5nKFmfjAVyNoGHSr22VXcrkoN,MOx9AM3J6rnEQQJCSsWfT7wdOetSni3OV0mrNgho,BR0isoSnDlgTmIqukAORkXTz6C9ABpEWp1Yw4Fx6,I9zyEumkNRxIzJ9lhMe24gjeuA05krtaF8GygUHD
DboXcHUzjiTnEyfVzMA8hgefX2B7suIPftuPWSyq,neo9uYRJVawyUm1nyXvQrJxwVqapvXp6gVg6kwxr,G0PLr6xT9E96wJTJXQDNB728J4rHnKFKya5jIcwT,I9zyEumkNRxIzJ9lhMe24gjeuA05krtaF8GygUHD,0tSt4SUsOj8fKBL2OwFTAz878S85snjiNnAx7n8z,BR0isoSnDlgTmIqukAORkXTz6C9ABpEWp1Yw4Fx6
neo9uYRJVawyUm1nyXvQrJxwVqapvXp6gVg6kwxr,nOgJEtffp9e3P1qN9pqUrIZB0WQ9VIdptmx5wtia,DboXcHUzjiTnEyfVzMA8hgefX2B7suIPftuPWSyq,BR0isoSnDlgTmIqukAORkXTz6C9ABpEWp1Yw4Fx6,hBG5vMBqkXoKVhe5nKFmfjAVyNoGHSr22VXcrkoN,0tSt4SUsOj8fKBL2OwFTAz878S85snjiNnAx7n8z
G97yzpX8HPnbmrVEC0Aoz2si9mlAiCfZmduqw99n,G97yzpX8HPnbmrVEC0Aoz2si9mlAiCfZmduqw99n,G97yzpX8HPnbmrVEC0Aoz2si9mlAiCfZmduqw99n,0tSt4SUsOj8fKBL2OwFTAz878S85snjiNnAx7n8z,G97yzpX8HPnbmrVEC0Aoz2si9mlAiCfZmduqw99n,G97yzpX8HPnbmrVEC0Aoz2si9mlAiCfZmduqw99n
MOx9AM3J6rnEQQJCSsWfT7wdOetSni3OV0mrNgho,MOx9AM3J6rnEQQJCSsWfT7wdOetSni3OV0mrNgho,MOx9AM3J6rnEQQJCSsWfT7wdOetSni3OV0mrNgho,hBG5vMBqkXoKVhe5nKFmfjAVyNoGHSr22VXcrkoN,MOx9AM3J6rnEQQJCSsWfT7wdOetSni3OV0mrNgho,MOx9AM3J6rnEQQJCSsWfT7wdOetSni3OV0mrNgho
I9zyEumkNRxIzJ9lhMe24gjeuA05krtaF8GygUHD,I9zyEumkNRxIzJ9lhMe24gjeuA05krtaF8GygUHD,I9zyEumkNRxIzJ9lhMe24gjeuA05krtaF8GygUHD,G0PLr6xT9E96wJTJXQDNB728J4rHnKFKya5jIcwT,I9zyEumkNRxIzJ9lhMe24gjeuA05krtaF8GygUHD,I9zyEumkNRxIzJ9lhMe24gjeuA05krtaF8GygUHD
BR0isoSnDlgTmIqukAORkXTz6C9ABpEWp1Yw4Fx6,BR0isoSnDlgTmIqukAORkXTz6C9ABpEWp1Yw4Fx6,BR0isoSnDlgTmIqukAORkXTz6C9ABpEWp1Yw4Fx6,G97yzpX8HPnbmrVEC0Aoz2si9mlAiCfZmduqw99n,BR0isoSnDlgTmIqukAORkXTz6C9ABpEWp1Yw4Fx6,BR0isoSnDlgTmIqukAORkXTz6C9ABpEWp1Yw4Fx6
0tSt4SUsOj8fKBL2OwFTAz878S85snjiNnAx7n8z,0tSt4SUsOj8fKBL2OwFTAz878S85snjiNnAx7n8z,0tSt4SUsOj8fKBL2OwFTAz878S85snjiNnAx7n8z,MOx9AM3J6rnEQQJCSsWfT7wdOetSni3OV0mrNgho,0tSt4SUsOj8fKBL2OwFTAz878S85snjiNnAx7n8z,0tSt4SUsOj8fKBL2OwFTAz878S85snjiNnAx7n8z
hBG5vMBqkXoKVhe5nKFmfjAVyNoGHSr22VXcrkoN,hBG5vMBqkXoKVhe5nKFmfjAVyNoGHSr22VXcrkoN,hBG5vMBqkXoKVhe5nKFmfjAVyNoGHSr22VXcrkoN,I9zyEumkNRxIzJ9lhMe24gjeuA05krtaF8GygUHD,hBG5vMBqkXoKVhe5nKFmfjAVyNoGHSr22VXcrkoN,G97yzpX8HPnbmrVEC0Aoz2si9mlAiCfZmduqw99n
G0PLr6xT9E96wJTJXQDNB728J4rHnKFKya5jIcwT,G0PLr6xT9E96wJTJXQDNB728J4rHnKFKya5jIcwT,G0PLr6xT9E96wJTJXQDNB728J4rHnKFKya5jIcwT,BR0isoSnDlgTmIqukAORkXTz6C9ABpEWp1Yw4Fx6,G97yzpX8HPnbmrVEC0Aoz2si9mlAiCfZmduqw99n,MOx9AM3J6rnEQQJCSsWfT7wdOetSni3OV0mrNgho
DboXcHUzjiTnEyfVzMA8hgefX2B7suIPftuPWSyq,DboXcHUzjiTnEyfVzMA8hgefX2B7suIPftuPWSyq,DboXcHUzjiTnEyfVzMA8hgefX2B7suIPftuPWSyq,0tSt4SUsOj8fKBL2OwFTAz878S85snjiNnAx7n8z,MOx9AM3J6rnEQQJCSsWfT7wdOetSni3OV0mrNgho,I9zyEumkNRxIzJ9lhMe24gjeuA05krtaF8GygUHD
neo9uYRJVawyUm1nyXvQrJxwVqapvXp6gVg6kwxr,neo9uYRJVawyUm1nyXvQrJxwVqapvXp6gVg6kwxr,G97yzpX8HPnbmrVEC0Aoz2si9mlAiCfZmduqw99n,hBG5vMBqkXoKVhe5nKFmfjAVyNoGHSr22VXcrkoN,I9zyEumkNRxIzJ9lhMe24gjeuA05krtaF8GygUHD,BR0isoSnDlgTmIqukAORkXTz6C9ABpEWp1Yw4Fx6
G97yzpX8HPnbmrVEC0Aoz2si9mlAiCfZmduqw99n,nOgJEtffp9e3P1qN9pqUrIZB0WQ9VIdptmx5wtia,MOx9AM3J6rnEQQJCSsWfT7wdOetSni3OV0mrNgho,G0PLr6xT9E96wJTJXQDNB728J4rHnKFKya5jIcwT,BR0isoSnDlgTmIqukAORkXTz6C9ABpEWp1Yw4Fx6,0tSt4SUsOj8fKBL2OwFTAz878S85snjiNnAx7n8z
MOx9AM3J6rnEQQJCSsWfT7wdOetSni3OV0mrNgho,G97yzpX8HPnbmrVEC0Aoz2si9mlAiCfZmduqw99n,I9zyEumkNRxIzJ9lhMe24gjeuA05krtaF8GygUHD,G97yzpX8HPnbmrVEC0Aoz2si9mlAiCfZmduqw99n,0tSt4SUsOj8fKBL2OwFTAz878S85snjiNnAx7n8z,G97yzpX8HPnbmrVEC0Aoz2si9mlAiCfZmduqw99n
I9zyEumkNRxIzJ9lhMe24gjeuA05krtaF8GygUHD,MOx9AM3J6rnEQQJCSsWfT7wdOetSni3OV0mrNgho,BR0isoSnDlgTmIqukAORkXTz6C9ABpEWp1Yw4Fx6,MOx9AM3J6rnEQQJCSsWfT7wdOetSni3OV0mrNgho,hBG5vMBqkXoKVhe5nKFmfjAVyNoGHSr22VXcrkoN,MOx9AM3J6rnEQQJCSsWfT7wdOetSni3OV0mrNgho
BR0isoSnDlgTmIqukAORkXTz6C9ABpEWp1Yw4Fx6,I9zyEumkNRxIzJ9lhMe24gjeuA05krtaF8GygUHD,0tSt4SUsOj8fKBL2OwFTAz878S85snjiNnAx7n8z,I9zyEumkNRxIzJ9lhMe24gjeuA05krtaF8GygUHD,G97yzpX8HPnbmrVEC0Aoz2si9mlAiCfZmduqw99n,I9zyEumkNRxIzJ9lhMe24gjeuA05krtaF8GygUHD
0tSt4SUsOj8fKBL2OwFTAz878S85snjiNnAx7n8z,BR0isoSnDlgTmIqukAORkXTz6C9ABpEWp1Yw4Fx6,hBG5vMBqkXoKVhe5nKFmfjAVyNoGHSr22VXcrkoN,BR0isoSnDlgTmIqukAORkXTz6C9ABpEWp1Yw4Fx6,MOx9AM3J6rnEQQJCSsWfT7wdOetSni3OV0mrNgho,BR0isoSnDlgTmIqukAORkXTz6C9ABpEWp1Yw4Fx6
hBG5vMBqkXoKVhe5nKFmfjAVyNoGHSr22VXcrkoN,0tSt4SUsOj8fKBL2OwFTAz878S85snjiNnAx7n8z,G0PLr6xT9E96wJTJXQDNB728J4rHnKFKya5jIcwT,0tSt4SUsOj8fKBL2OwFTAz878S85snjiNnAx7n8z,I9zyEumkNRxIzJ9lhMe24gjeuA05krtaF8GygUHD,0tSt4SUsOj8fKBL2OwFTAz878S85snjiNnAx7n8z
G0PLr6xT9E96wJTJXQDNB728J4rHnKFKya5jIcwT,hBG5vMBqkXoKVhe5nKFmfjAVyNoGHSr22VXcrkoN,DboXcHUzjiTnEyfVzMA8hgefX2B7suIPftuPWSyq,hBG5vMBqkXoKVhe5nKFmfjAVyNoGHSr22VXcrkoN,BR0isoSnDlgTmIqukAORkXTz6C9ABpEWp1Yw4Fx6,G97yzpX8HPnbmrVEC0Aoz2si9mlAiCfZmduqw99n
DboXcHUzjiTnEyfVzMA8hgefX2B7suIPftuPWSyq,G0PLr6xT9E96wJTJXQDNB728J4rHnKFKya5jIcwT,G97yzpX8HPnbmrVEC0Aoz2si9mlAiCfZmduqw99n,G0PLr6xT9E96wJTJXQDNB728J4rHnKFKya5jIcwT,0tSt4SUsOj8fKBL2OwFTAz878S85snjiNnAx7n8z,MOx9AM3J6rnEQQJCSsWfT7wdOetSni3OV0mrNgho
neo9uYRJVawyUm1nyXvQrJxwVqapvXp6gVg6kwxr,DboXcHUzjiTnEyfVzMA8hgefX2B7suIPftuPWSyq,MOx9AM3J6rnEQQJCSsWfT7wdOetSni3OV0mrNgho,G97yzpX8HPnbmrVEC0Aoz2si9mlAiCfZmduqw99n,hBG5vMBqkXoKVhe5nKFmfjAVyNoGHSr22VXcrkoN,I9zyEumkNRxIzJ9lhMe24gjeuA05krtaF8GygUHD
G97yzpX8HPnbmrVEC0Aoz2si9mlAiCfZmduqw99n,neo9uYRJVawyUm1nyXvQrJxwVqapvXp6gVg6kwxr,I9zyEumkNRxIzJ9lhMe24gjeuA05krtaF8GygUHD,MOx9AM3J6rnEQQJCSsWfT7wdOetSni3OV0mrNgho,G97yzpX8HPnbmrVEC0Aoz2si9mlAiCfZmduqw99n,BR0isoSnDlgTmIqukAORkXTz6C9ABpEWp1Yw4Fx6
MOx9AM3J6rnEQQJCSsWfT7wdOetSni3OV0mrNgho,nOgJEtffp9e3P1qN9pqUrIZB0WQ9VIdptmx5wtia,BR0isoSnDlgTmIqukAORkXTz6C9ABpEWp1Yw4Fx6,I9zyEumkNRxIzJ9lhMe24gjeuA05krtaF8GygUHD,MOx9AM3J6rnEQQJCSsWfT7wdOetSni3OV0mrNgho,0tSt4SUsOj8fKBL2OwFTAz878S85snjiNnAx7n8z
I9zyEumkNRxIzJ9lhMe24gjeuA05krtaF8GygUHD,G97yzpX8HPnbmrVEC0Aoz2si9mlAiCfZmduqw99n,0tSt4SUsOj8fKBL2OwFTAz878S85snjiNnAx7n8z,BR0isoSnDlgTmIqukAORkXTz6C9ABpEWp1Yw4Fx6,I9zyEumkNRxIzJ9lhMe24gjeuA05krtaF8GygUHD,G97yzpX8HPnbmrVEC0Aoz2si9mlAiCfZmduqw99n
BR0isoSnDlgTmIqukAORkXTz6C9ABpEWp1Yw4Fx6,MOx9AM3J6rnEQQJCSsWfT7wdOetSni3OV0mrNgho,hBG5vMBqkXoKVhe5nKFmfjAVyNoGHSr22VXcrkoN,0tSt4SUsOj8fKBL2OwFTAz878S85snjiNnAx7n8z,BR0isoSnDlgTmIqukAORkXTz6C9ABpEWp1Yw4Fx6,MOx9AM3J6rnEQQJCSsWfT7wdOetSni3OV0mrNgho
0tSt4SUsOj8fKBL2OwFTAz878S85snjiNnAx7n8z,I9zyEumkNRxIzJ9lhMe24gjeuA05krtaF8GygUHD,G0PLr6xT9E96wJTJXQDNB728J4rHnKFKya5jIcwT,hBG5vMBqkXoKVhe5nKFmfjAVyNoGHSr22VXcrkoN,0tSt4SUsOj8fKBL2OwFTAz878S85snjiNnAx7n8z,I9zyEumkNRxIzJ9lhMe24gjeuA05krtaF8GygUHD
hBG5vMBqkXoKVhe5nKFmfjAVyNoGHSr22VXcrkoN,BR0isoSnDlgTmIqukAORkXTz6C9ABpEWp1Yw4Fx6,DboXcHUzjiTnEyfVzMA8hgefX2B7suIPftuPWSyq,G0PLr6xT9E96wJTJXQDNB728J4rHnKFKya5jIcwT,hBG5vMBqkXoKVhe5nKFmfjAVyNoGHSr22VXcrkoN,BR0isoSnDlgTmIqukAORkXTz6C9ABpEWp1Yw4Fx6
G0PLr6xT9E96wJTJXQDNB728J4rHnKFKya5jIcwT,0tSt4SUsOj8fKBL2OwFTAz878S85snjiNnAx7n8z,G97yzpX8HPnbmrVEC0Aoz2si9mlAiCfZmduqw99n,G97yzpX8HPnbmrVEC0Aoz2si9mlAiCfZmduqw99n,G97yzpX8HPnbmrVEC0Aoz2si9mlAiCfZmduqw99n,0tSt4SUsOj8fKBL2OwFTAz878S85snjiNnAx7n8z
DboXcHUzjiTnEyfVzMA8hgefX2B7suIPftuPWSyq,hBG5vMBqkXoKVhe5nKFmfjAVyNoGHSr22VXcrkoN,MOx9AM3J6rnEQQJCSsWfT7wdOetSni3OV0mrNgho,MOx9AM3J6rnEQQJCSsWfT7wdOetSni3OV0mrNgho,MOx9AM3J6rnEQQJCSsWfT7wdOetSni3OV0mrNgho,G97yzpX8HPnbmrVEC0Aoz2si9mlAiCfZmduqw99n
neo9uYRJVawyUm1nyXvQrJxwVqapvXp6gVg6kwxr,G0PLr6xT9E96wJTJXQDNB728J4rHnKFKya5jIcwT,I9zyEumkNRxIzJ9lhMe24gjeuA05krtaF8GygUHD,I9zyEumkNRxIzJ9lhMe24gjeuA05krtaF8GygUHD,I9zyEumkNRxIzJ9lhMe24gjeuA05krtaF8GygUHD,MOx9AM3J6rnEQQJCSsWfT7wdOetSni3OV0mrNgho
G97yzpX8HPnbmrVEC0Aoz2si9mlAiCfZmduqw99n,DboXcHUzjiTnEyfVzMA8hgefX2B7suIPftuPWSyq,BR0isoSnDlgTmIqukAORkXTz6C9ABpEWp1Yw4Fx6,BR0isoSnDlgTmIqukAORkXTz6C9ABpEWp1Yw4Fx6,BR0isoSnDlgTmIqukAORkXTz6C9ABpEWp1Yw4Fx6,I9zyEumkNRxIzJ9lhMe24gjeuA05krtaF8GygUHD
MOx9AM3J6rnEQQJCSsWfT7wdOetSni3OV0mrNgho,neo9uYRJVawyUm1nyXvQrJxwVqapvXp6gVg6kwxr,0tSt4SUsOj8fKBL2OwFTAz878S85snjiNnAx7n8z,0tSt4SUsOj8fKBL2OwFTAz878S85snjiNnAx7n8z,0tSt4SUsOj8fKBL2OwFTAz878S85snjiNnAx7n8z,BR0isoSnDlgTmIqukAORkXTz6C9ABpEWp1Yw4Fx6
I9zyEumkNRxIzJ9lhMe24gjeuA05krtaF8GygUHD,nOgJEtffp9e3P1qN9pqUrIZB0WQ9VIdptmx5wtia,hBG5vMBqkXoKVhe5nKFmfjAVyNoGHSr22VXcrkoN,hBG5vMBqkXoKVhe5nKFmfjAVyNoGHSr22VXcrkoN,hBG5vMBqkXoKVhe5nKFmfjAVyNoGHSr22VXcrkoN,0tSt4SUsOj8fKBL2OwFTAz878S85snjiNnAx7n8z
BR0isoSnDlgTmIqukAORkXTz6C9ABpEWp1Yw4Fx6,G97yzpX8HPnbmrVEC0Aoz2si9mlAiCfZmduqw99n,G0PLr6xT9E96wJTJXQDNB728J4rHnKFKya5jIcwT,G0PLr6xT9E96wJTJXQDNB728J4rHnKFKya5jIcwT,G97yzpX8HPnbmrVEC0Aoz2si9mlAiCfZmduqw99n,G97yzpX8HPnbmrVEC0Aoz2si9mlAiCfZmduqw99n
0tSt4SUsOj8fKBL2OwFTAz878S85snjiNnAx7n8z,MOx9AM3J6rnEQQJCSsWfT7wdOetSni3OV0mrNgho,DboXcHUzjiTnEyfVzMA8hgefX2B7suIPftuPWSyq,G97yzpX8HPnbmrVEC0Aoz2si9mlAiCfZmduqw99n,MOx9AM3J6rnEQQJCSsWfT7wdOetSni3OV0mrNgho,MOx9AM3J6rnEQQJCSsWfT7wdOetSni3OV0mrNgho
hBG5vMBqkXoKVhe5nKFmfjAVyNoGHSr22VXcrkoN,I9zyEumkNRxIzJ9lhMe24gjeuA05krtaF8GygUHD,G97yzpX8HPnbmrVEC0Aoz2si9mlAiCfZmduqw99n,MOx9AM3J6rnEQQJCSsWfT7wdOetSni3OV0mrNgho,I9zyEumkNRxIzJ9lhMe24gjeuA05krtaF8GygUHD,I9zyEumkNRxIzJ9lhMe24gjeuA05krtaF8GygUHD
G0PLr6xT9E96wJTJXQDNB728J4rHnKFKya5jIcwT,BR0isoSnDlgTmIqukAORkXTz6C9ABpEWp1Yw4Fx6,MOx9AM3J6rnEQQJCSsWfT7wdOetSni3OV0mrNgho,I9zyEumkNRxIzJ9lhMe24gjeuA05krtaF8GygUHD,BR0isoSnDlgTmIqukAORkXTz6C9ABpEWp1Yw4Fx6,BR0isoSnDlgTmIqukAORkXTz6C9ABpEWp1Yw4Fx6
DboXcHUzjiTnEyfVzMA8hgefX2B7suIPftuPWSyq,0tSt4SUsOj8fKBL2OwFTAz878S85snjiNnAx7n8z,I9zyEumkNRxIzJ9lhMe24gjeuA05krtaF8GygUHD,BR0isoSnDlgTmIqukAORkXTz6C9ABpEWp1Yw4Fx6,0tSt4SUsOj8fKBL2OwFTAz878S85snjiNnAx7n8z,0tSt4SUsOj8fKBL2OwFTAz878S85snjiNnAx7n8z
neo9uYRJVawyUm1nyXvQrJxwVqapvXp6gVg6kwxr,hBG5vMBqkXoKVhe5nKFmfjAVyNoGHSr22VXcrkoN,BR0isoSnDlgTmIqukAORkXTz6C9ABpEWp1Yw4Fx6,0tSt4SUsOj8fKBL2OwFTAz878S85snjiNnAx7n8z,hBG5vMBqkXoKVhe5nKFmfjAVyNoGHSr22VXcrkoN,G97yzpX8HPnbmrVEC0Aoz2si9mlAiCfZmduqw99n
G97yzpX8HPnbmrVEC0Aoz2si9mlAiCfZmduqw99n,G0PLr6xT9E96wJTJXQDNB728J4rHnKFKya5jIcwT,0tSt4SUsOj8fKBL2OwFTAz878S85snjiNnAx7n8z,hBG5vMBqkXoKVhe5nKFmfjAVyNoGHSr22VXcrkoN,G97yzpX8HPnbmrVEC0Aoz2si9mlAiCfZmduqw99n,MOx9AM3J6rnEQQJCSsWfT7wdOetSni3OV0mrNgho
MOx9AM3J6rnEQQJCSsWfT7wdOetSni3OV0mrNgho,DboXcHUzjiTnEyfVzMA8hgefX2B7suIPftuPWSyq,hBG5vMBqkXoKVhe5nKFmfjAVyNoGHSr22VXcrkoN,G0PLr6xT9E96wJTJXQDNB728J4rHnKFKya5jIcwT,MOx9AM3J6rnEQQJCSsWfT7wdOetSni3OV0mrNgho,I9zyEumkNRxIzJ9lhMe24gjeuA05krtaF8GygUHD
I9zyEumkNRxIzJ9lhMe24gjeuA05krtaF8GygUHD,neo9uYRJVawyUm1nyXvQrJxwVqapvXp6gVg6kwxr,G0PLr6xT9E96wJTJXQDNB728J4rHnKFKya5jIcwT,G97yzpX8HPnbmrVEC0Aoz2si9mlAiCfZmduqw99n,I9zyEumkNRxIzJ9lhMe24gjeuA05krtaF8GygUHD,BR0isoSnDlgTmIqukAORkXTz6C9ABpEWp1Yw4Fx6
BR0isoSnDlgTmIqukAORkXTz6C9ABpEWp1Yw4Fx6,nOgJEtffp9e3P1qN9pqUrIZB0WQ9VIdptmx5wtia,DboXcHUzjiTnEyfVzMA8hgefX2B7suIPftuPWSyq,MOx9AM3J6rnEQQJCSsWfT7wdOetSni3OV0mrNgho,BR0isoSnDlgTmIqukAORkXTz6C9ABpEWp1Yw4Fx6,0tSt4SUsOj8fKBL2OwFTAz878S85snjiNnAx7n8z
0tSt4SUsOj8fKBL2OwFTAz878S85snjiNnAx7n8z,G97yzpX8HPnbmrVEC0Aoz2si9mlAiCfZmduqw99n,G97yzpX8HPnbmrVEC0Aoz2si9mlAiCfZmduqw99n,I9zyEumkNRxIzJ9lhMe24gjeuA05krtaF8GygUHD,0tSt4SUsOj8fKBL2OwFTAz878S85snjiNnAx7n8z,G97yzpX8HPnbmrVEC0Aoz2si9mlAiCfZmduqw99n
hBG5vMBqkXoKVhe5nKFmfjAVyNoGHSr22VXcrkoN,MOx9AM3J6rnEQQJCSsWfT7wdOetSni3OV0mrNgho,MOx9AM3J6rnEQQJCSsWfT7wdOetSni3OV0mrNgho,BR0isoSnDlgTmIqukAORkXTz6C9ABpEWp1Yw4Fx6,hBG5vMBqkXoKVhe5nKFmfjAVyNoGHSr22VXcrkoN,MOx9AM3J6rnEQQJCSsWfT7wdOetSni3OV0mrNgho
G0PLr6xT9E96wJTJXQDNB728J4rHnKFKya5jIcwT,I9zyEumkNRxIzJ9lhMe24gjeuA05krtaF8GygUHD,I9zyEumkNRxIzJ9lhMe24gjeuA05krtaF8GygUHD,0tSt4SUsOj8fKBL2OwFTAz878S85snjiNnAx7n8z,G97yzpX8HPnbmrVEC0Aoz2si9mlAiCfZmduqw99n,I9zyEumkNRxIzJ9lhMe24gjeuA05krtaF8GygUHD
DboXcHUzjiTnEyfVzMA8hgefX2B7suIPftuPWSyq,BR0isoSnDlgTmIqukAORkXTz6C9ABpEWp1Yw4Fx6,BR0isoSnDlgTmIqukAORkXTz6C9ABpEWp1Yw4Fx6,hBG5vMBqkXoKVhe5nKFmfjAVyNoGHSr22VXcrkoN,MOx9AM3J6rnEQQJCSsWfT7wdOetSni3OV0mrNgho,BR0isoSnDlgTmIqukAORkXTz6C9ABpEWp1Yw4Fx6
neo9uYRJVawyUm1nyXvQrJxwVqapvXp6gVg6kwxr,0tSt4SUsOj8fKBL2OwFTAz878S85snjiNnAx7n8z,0tSt4SUsOj8fKBL2OwFTAz878S85snjiNnAx7n8z,G0PLr6xT9E96wJTJXQDNB728J4rHnKFKya5jIcwT,I9zyEumkNRxIzJ9lhMe24gjeuA05krtaF8GygUHD,0tSt4SUsOj8fKBL2OwFTAz878S85snjiNnAx7n8z
G97yzpX8HPnbmrVEC0Aoz2si9mlAiCfZmduqw99n,hBG5vMBqkXoKVhe5nKFmfjAVyNoGHSr22VXcrkoN,hBG5vMBqkXoKVhe5nKFmfjAVyNoGHSr22VXcrkoN,G97yzpX8HPnbmrVEC0Aoz2si9mlAiCfZmduqw99n,BR0isoSnDlgTmIqukAORkXTz6C9ABpEWp1Yw4Fx6,G97yzpX8HPnbmrVEC0Aoz2si9mlAiCfZmduqw99n
MOx9AM3J6rnEQQJCSsWfT7wdOetSni3OV0mrNgho,G0PLr6xT9E96wJTJXQDNB728J4rHnKFKya5jIcwT,G0PLr6xT9E96wJTJXQDNB728J4rHnKFKya5jIcwT,MOx9AM3J6rnEQQJCSsWfT7wdOetSni3OV0mrNgho,0tSt4SUsOj8fKBL2OwFTAz878S85snjiNnAx7n8z,MOx9AM3J6rnEQQJCSsWfT7wdOetSni3OV0mrNgho
I9zyEumkNRxIzJ9lhMe24gjeuA05krtaF8GygUHD,DboXcHUzjiTnEyfVzMA8hgefX2B7suIPftuPWSyq,DboXcHUzjiTnEyfVzMA8hgefX2B7suIPftuPWSyq,I9zyEumkNRxIzJ9lhMe24gjeuA05krtaF8GygUHD,hBG5vMBqkXoKVhe5nKFmfjAVyNoGHSr22VXcrkoN,I9zyEumkNRxIzJ9lhMe24gjeuA05krtaF8GygUHD
BR0isoSnDlgTmIqukAORkXTz6C9ABpEWp1Yw4Fx6,neo9uYRJVawyUm1nyXvQrJxwVqapvXp6gVg6kwxr,G97yzpX8HPnbmrVEC0Aoz2si9mlAiCfZmduqw99n,BR0isoSnDlgTmIqukAORkXTz6C9ABpEWp1Yw4Fx6,G97yzpX8HPnbmrVEC0Aoz2si9mlAiCfZmduqw99n,BR0isoSnDlgTmIqukAORkXTz6C9ABpEWp1Yw4Fx6
0tSt4SUsOj8fKBL2OwFTAz878S85snjiNnAx7n8z,nOgJEtffp9e3P1qN9pqUrIZB0WQ9VIdptmx5wtia,MOx9AM3J6rnEQQJCSsWfT7wdOetSni3OV0mrNgho,0tSt4SUsOj8fKBL2OwFTAz878S85snjiNnAx7n8z,MOx9AM3J6rnEQQJCSsWfT7wdOetSni3OV0mrNgho,0tSt4SUsOj8fKBL2OwFTAz878S85snjiNnAx7n8z
hBG5vMBqkXoKVhe5nKFmfjAVyNoGHSr22VXcrkoN,G97yzpX8HPnbmrVEC0Aoz2si9mlAiCfZmduqw99n,I9zyEumkNRxIzJ9lhMe24gjeuA05krtaF8GygUHD,hBG5vMBqkXoKVhe5nKFmfjAVyNoGHSr22VXcrkoN,I9zyEumkNRxIzJ9lhMe24gjeuA05krtaF8GygUHD,G97yzpX8HPnbmrVEC0Aoz2si9mlAiCfZmduqw99n
G0PLr6xT9E96wJTJXQDNB728J4rHnKFKya5jIcwT,MOx9AM3J6rnEQQJCSsWfT7wdOetSni3OV0mrNgho,BR0isoSnDlgTmIqukAORkXTz6C9ABpEWp1Yw4Fx6,G0PLr6xT9E96wJTJXQDNB728J4rHnKFKya5jIcwT,BR0isoSnDlgTmIqukAORkXTz6C9ABpEWp1Yw4Fx6,MOx9AM3J6rnEQQJCSsWfT7wdOetSni3OV0mrNgho
DboXcHUzjiTnEyfVzMA8hgefX2B7suIPftuPWSyq,I9zyEumkNRxIzJ9lhMe24gjeuA05krtaF8GygUHD,0tSt4SUsOj8fKBL2OwFTAz878S85snjiNnAx7n8z,G97yzpX8HPnbmrVEC0Aoz2si9mlAiCfZmduqw99n,0tSt4SUsOj8fKBL2OwFTAz878S85snjiNnAx7n8z,I9zyEumkNRxIzJ9lhMe24gjeuA05krtaF8GygUHD
neo9uYRJVawyUm1nyXvQrJxwVqapvXp6gVg6kwxr,BR0isoSnDlgTmIqukAORkXTz6C9ABpEWp1Yw4Fx6,hBG5vMBqkXoKVhe5nKFmfjAVyNoGHSr22VXcrkoN,MOx9AM3J6rnEQQJCSsWfT7wdOetSni3OV0mrNgho,hBG5vMBqkXoKVhe5nKFmfjAVyNoGHSr22VXcrkoN,BR0isoSnDlgTmIqukAORkXTz6C9ABpEWp1Yw4Fx6
G97yzpX8HPnbmrVEC0Aoz2si9mlAiCfZmduqw99n,0tSt4SUsOj8fKBL2OwFTAz878S85snjiNnAx7n8z,G0PLr6xT9E96wJTJXQDNB728J4rHnKFKya5jIcwT,I9zyEumkNRxIzJ9lhMe24gjeuA05krtaF8GygUHD,G97yzpX8HPnbmrVEC0Aoz2si9mlAiCfZmduqw99n,0tSt4SUsOj8fKBL2OwFTAz878S85snjiNnAx7n8z
MOx9AM3J6rnEQQJCSsWfT7wdOetSni3OV0mrNgho,hBG5vMBqkXoKVhe5nKFmfjAVyNoGHSr22VXcrkoN,DboXcHUzjiTnEyfVzMA8hgefX2B7suIPftuPWSyq,BR0isoSnDlgTmIqukAORkXTz6C9ABpEWp1Yw4Fx6,MOx9AM3J6rnEQQJCSsWfT7wdOetSni3OV0mrNgho,G97yzpX8HPnbmrVEC0Aoz2si9mlAiCfZmduqw99n
I9zyEumkNRxIzJ9lhMe24gjeuA05krtaF8GygUHD,G0PLr6xT9E96wJTJXQDNB728J4rHnKFKya5jIcwT,G97yzpX8HPnbmrVEC0Aoz2si9mlAiCfZmduqw99n,0tSt4SUsOj8fKBL2OwFTAz878S85snjiNnAx7n8z,I9zyEumkNRxIzJ9lhMe24gjeuA05krtaF8GygUHD,MOx9AM3J6rnEQQJCSsWfT7wdOetSni3OV0mrNgho
BR0isoSnDlgTmIqukAORkXTz6C9ABpEWp1Yw4Fx6,DboXcHUzjiTnEyfVzMA8hgefX2B7suIPftuPWSyq,MOx9AM3J6rnEQQJCSsWfT7wdOetSni3OV0mrNgho,hBG5vMBqkXoKVhe5nKFmfjAVyNoGHSr22VXcrkoN,BR0isoSnDlgTmIqukAORkXTz6C9ABpEWp1Yw4Fx6,I9zyEumkNRxIzJ9lhMe24gjeuA05krtaF8GygUHD
0tSt4SUsOj8fKBL2OwFTAz878S85snjiNnAx7n8z,neo9uYRJVawyUm1nyXvQrJxwVqapvXp6gVg6kwxr,I9zyEumkNRxIzJ9lhMe24gjeuA05krtaF8GygUHD,G0PLr6xT9E96wJTJXQDNB728J4rHnKFKya5jIcwT,0tSt4SUsOj8fKBL2OwFTAz878S85snjiNnAx7n8z,BR0isoSnDlgTmIqukAORkXTz6C9ABpEWp1Yw4Fx6
hBG5vMBqkXoKVhe5nKFmfjAVyNoGHSr22VXcrkoN,nOgJEtffp9e3P1qN9pqUrIZB0WQ9VIdptmx5wtia,BR0isoSnDlgTmIqukAORkXTz6C9ABpEWp1Yw4Fx6,G97yzpX8HPnbmrVEC0Aoz2si9mlAiCfZmduqw99n,hBG5vMBqkXoKVhe5nKFmfjAVyNoGHSr22VXcrkoN,0tSt4SUsOj8fKBL2OwFTAz878S85snjiNnAx7n8z
G0PLr6xT9E96wJTJXQDNB728J4rHnKFKya5jIcwT,G97yzpX8HPnbmrVEC0Aoz2si9mlAiCfZmduqw99n,0tSt4SUsOj8fKBL2OwFTAz878S85snjiNnAx7n8z,MOx9AM3J6rnEQQJCSsWfT7wdOetSni3OV0mrNgho,G97yzpX8HPnbmrVEC0Aoz2si9mlAiCfZmduqw99n,G97yzpX8HPnbmrVEC0Aoz2si9mlAiCfZmduqw99n
DboXcHUzjiTnEyfVzMA8hgefX2B7suIPftuPWSyq,MOx9AM3J6rnEQQJCSsWfT7wdOetSni3OV0mrNgho,hBG5vMBqkXoKVhe5nKFmfjAVyNoGHSr22VXcrkoN,I9zyEumkNRxIzJ9lhMe24gjeuA05krtaF8GygUHD,MOx9AM3J6rnEQQJCSsWfT7wdOetSni3OV0mrNgho,MOx9AM3J6rnEQQJCSsWfT7wdOetSni3OV0mrNgho
neo9uYRJVawyUm1nyXvQrJxwVqapvXp6gVg6kwxr,I9zyEumkNRxIzJ9lhMe24gjeuA05krtaF8GygUHD,G0PLr6xT9E96wJTJXQDNB728J4rHnKFKya5jIcwT,BR0isoSnDlgTmIqukAORkXTz6C9ABpEWp1Yw4Fx6,I9zyEumkNRxIzJ9lhMe24gjeuA05krtaF8GygUHD,I9zyEumkNRxIzJ9lhMe24gjeuA05krtaF8GygUHD
G97yzpX8HPnbmrVEC0Aoz2si9mlAiCfZmduqw99n,BR0isoSnDlgTmIqukAORkXTz6C9ABpEWp1Yw4Fx6,DboXcHUzjiTnEyfVzMA8hgefX2B7suIPftuPWSyq,0tSt4SUsOj8fKBL2OwFTAz878S85snjiNnAx7n8z,BR0isoSnDlgTmIqukAORkXTz6C9ABpEWp1Yw4Fx6,BR0isoSnDlgTmIqukAORkXTz6C9ABpEWp1Yw4Fx6
MOx9AM3J6rnEQQJCSsWfT7wdOetSni3OV0mrNgho,0tSt4SUsOj8fKBL2OwFTAz878S85snjiNnAx7n8z,G97yzpX8HPnbmrVEC0Aoz2si9mlAiCfZmduqw99n,hBG5vMBqkXoKVhe5nKFmfjAVyNoGHSr22VXcrkoN,0tSt4SUsOj8fKBL2OwFTAz878S85snjiNnAx7n8z,0tSt4SUsOj8fKBL2OwFTAz878S85snjiNnAx7n8z
I9zyEumkNRxIzJ9lhMe24gjeuA05krtaF8GygUHD,hBG5vMBqkXoKVhe5nKFmfjAVyNoGHSr22VXcrkoN,MOx9AM3J6rnEQQJCSsWfT7wdOetSni3OV0mrNgho,G0PLr6xT9E96wJTJXQDNB728J4rHnKFKya5jIcwT,hBG5vMBqkXoKVhe5nKFmfjAVyNoGHSr22VXcrkoN,G97yzpX8HPnbmrVEC0Aoz2si9mlAiCfZmduqw99n
BR0isoSnDlgTmIqukAORkXTz6C9ABpEWp1Yw4Fx6,G0PLr6xT9E96wJTJXQDNB728J4rHnKFKya5jIcwT,I9zyEumkNRxIzJ9lhMe24gjeuA05krtaF8GygUHD,G97yzpX8HPnbmrVEC0Aoz2si9mlAiCfZmduqw99n,G97yzpX8HPnbmrVEC0Aoz2si9mlAiCfZmduqw99n,MOx9AM3J6rnEQQJCSsWfT7wdOetSni3OV0mrNgho
0tSt4SUsOj8fKBL2OwFTAz878S85snjiNnAx7n8z,DboXcHUzjiTnEyfVzMA8hgefX2B7suIPftuPWSyq,BR0isoSnDlgTmIqukAORkXTz6C9ABpEWp1Yw4Fx6,MOx9AM3J6rnEQQJCSsWfT7wdOetSni3OV0mrNgho,MOx9AM3J6rnEQQJCSsWfT7wdOetSni3OV0mrNgho,I9zyEumkNRxIzJ9lhMe24gjeuA05krtaF8GygUHD
hBG5vMBqkXoKVhe5nKFmfjAVyNoGHSr22VXcrkoN,neo9uYRJVawyUm1nyXvQrJxwVqapvXp6gVg6kwxr,0tSt4SUsOj8fKBL2OwFTAz878S85snjiNnAx7n8z,I9zyEumkNRxIzJ9lhMe24gjeuA05krtaF8GygUHD,I9zyEumkNRxIzJ9lhMe24gjeuA05krtaF8GygUHD,BR0isoSnDlgTmIqukAORkXTz6C9ABpEWp1Yw4Fx6
G0PLr6xT9E96wJTJXQDNB728J4rHnKFKya5jIcwT,nOgJEtffp9e3P1qN9pqUrIZB0WQ9VIdptmx5wtia,hBG5vMBqkXoKVhe5nKFmfjAVyNoGHSr22VXcrkoN,BR0isoSnDlgTmIqukAORkXTz6C9ABpEWp1Yw4Fx6,BR0isoSnDlgTmIqukAORkXTz6C9ABpEWp1Yw4Fx6,0tSt4SUsOj8fKBL2OwFTAz878S85snjiNnAx7n8z
DboXcHUzjiTnEyfVzMA8hgefX2B7suIPftuPWSyq,G97yzpX8HPnbmrVEC0Aoz2si9mlAiCfZmduqw99n,G0PLr6xT9E96wJTJXQDNB728J4rHnKFKya5jIcwT,0tSt4SUsOj8fKBL2OwFTAz878S85snjiNnAx7n8z,0tSt4SUsOj8fKBL2OwFTAz878S85snjiNnAx7n8z,G97yzpX8HPnbmrVEC0Aoz2si9mlAiCfZmduqw99n
neo9uYRJVawyUm1nyXvQrJxwVqapvXp6gVg6kwxr,MOx9AM3J6rnEQQJCSsWfT7wdOetSni3OV0mrNgho,DboXcHUzjiTnEyfVzMA8hgefX2B7suIPftuPWSyq,hBG5vMBqkXoKVhe5nKFmfjAVyNoGHSr22VXcrkoN,hBG5vMBqkXoKVhe5nKFmfjAVyNoGHSr22VXcrkoN,MOx9AM3J6rnEQQJCSsWfT7wdOetSni3OV0mrNgho
G97yzpX8HPnbmrVEC0Aoz2si9mlAiCfZmduqw99n,I9zyEumkNRxIzJ9lhMe24gjeuA05krtaF8GygUHD,G97yzpX8HPnbmrVEC0Aoz2si9mlAiCfZmduqw99n,G0PLr6xT9E96wJTJXQDNB728J4rHnKFKya5jIcwT,G97yzpX8HPnbmrVEC0Aoz2si9mlAiCfZmduqw99n,I9zyEumkNRxIzJ9lhMe24gjeuA05krtaF8GygUHD
MOx9AM3J6rnEQQJCSsWfT7wdOetSni3OV0mrNgho,BR0isoSnDlgTmIqukAORkXTz6C9ABpEWp1Yw4Fx6,MOx9AM3J6rnEQQJCSsWfT7wdOetSni3OV0mrNgho,G97yzpX8HPnbmrVEC0Aoz2si9mlAiCfZmduqw99n,MOx9AM3J6rnEQQJCSsWfT7wdOetSni3OV0mrNgho,BR0isoSnDlgTmIqukAORkXTz6C9ABpEWp1Yw4Fx6
I9zyEumkNRxIzJ9lhMe24gjeuA05krtaF8GygUHD,0tSt4SUsOj8fKBL2OwFTAz878S85snjiNnAx7n8z,I9zyEumkNRxIzJ9lhMe24gjeuA05krtaF8GygUHD,MOx9AM3J6rnEQQJCSsWfT7wdOetSni3OV0mrNgho,I9zyEumkNRxIzJ9lhMe24gjeuA05krtaF8GygUHD,0tSt4SUsOj8fKBL2OwFTAz878S85snjiNnAx7n8z
BR0isoSnDlgTmIqukAORkXTz6C9ABpEWp1Yw4Fx6,hBG5vMBqkXoKVhe5nKFmfjAVyNoGHSr22VXcrkoN,BR0isoSnDlgTmIqukAORkXTz6C9ABpEWp1Yw4Fx6,I9zyEumkNRxIzJ9lhMe24gjeuA05krtaF8GygUHD,BR0isoSnDlgTmIqukAORkXTz6C9ABpEWp1Yw4Fx6,G97yzpX8HPnbmrVEC0Aoz2si9mlAiCfZmduqw99n
0tSt4SUsOj8fKBL2OwFTAz878S85snjiNnAx7n8z,G0PLr6xT9E96wJTJXQDNB728J4rHnKFKya5jIcwT,0tSt4SUsOj8fKBL2OwFTAz878S85snjiNnAx7n8z,BR0isoSnDlgTmIqukAORkXTz6C9ABpEWp1Yw4Fx6,0tSt4SUsOj8fKBL2OwFTAz878S85snjiNnAx7n8z,MOx9AM3J6rnEQQJCSsWfT7wdOetSni3OV0mrNgho
hBG5vMBqkXoKVhe5nKFmfjAVyNoGHSr22VXcrkoN,DboXcHUzjiTnEyfVzMA8hgefX2B7suIPftuPWSyq,hBG5vMBqkXoKVhe5nKFmfjAVyNoGHSr22VXcrkoN,0tSt4SUsOj8fKBL2OwFTAz878S85snjiNnAx7n8z,hBG5vMBqkXoKVhe5nKFmfjAVyNoGHSr22VXcrkoN,I9zyEumkNRxIzJ9lhMe24gjeuA05krtaF8GygUHD
G0PLr6xT9E96wJTJXQDNB728J4rHnKFKya5jIcwT,neo9uYRJVawyUm1nyXvQrJxwVqapvXp6gVg6kwxr,G0PLr6xT9E96wJTJXQDNB728J4rHnKFKya5jIcwT,hBG5vMBqkXoKVhe5nKFmfjAVyNoGHSr22VXcrkoN,G97yzpX8HPnbmrVEC0Aoz2si9mlAiCfZmduqw99n,BR0isoSnDlgTmIqukAORkXTz6C9ABpEWp1Yw4Fx6
DboXcHUzjiTnEyfVzMA8hgefX2B7suIPftuPWSyq,nOgJEtffp9e3P1qN9pqUrIZB0WQ9VIdptmx5wtia,DboXcHUzjiTnEyfVzMA8hgefX2B7suIPftuPWSyq,G0PLr6xT9E96wJTJXQDNB728J4rHnKFKya5jIcwT,MOx9AM3J6rnEQQJCSsWfT7wdOetSni3OV0mrNgho,0tSt4SUsOj8fKBL2OwFTAz878S85snjiNnAx7n8z
neo9uYRJVawyUm1nyXvQrJxwVqapvXp6gVg6kwxr,G97yzpX8HPnbmrVEC0Aoz2si9mlAiCfZmduqw99n,G97yzpX8HPnbmrVEC0Aoz2si9mlAiCfZmduqw99n,G97yzpX8HPnbmrVEC0Aoz2si9mlAiCfZmduqw99n,I9zyEumkNRxIzJ9lhMe24gjeuA05krtaF8GygUHD,G97yzpX8HPnbmrVEC0Aoz2si9mlAiCfZmduqw99n
G97yzpX8HPnbmrVEC0Aoz2si9mlAiCfZmduqw99n,MOx9AM3J6rnEQQJCSsWfT7wdOetSni3OV0mrNgho,MOx9AM3J6rnEQQJCSsWfT7wdOetSni3OV0mrNgho,MOx9AM3J6rnEQQJCSsWfT7wdOetSni3OV0mrNgho,BR0isoSnDlgTmIqukAORkXTz6C9ABpEWp1Yw4Fx6,MOx9AM3J6rnEQQJCSsWfT7wdOetSni3OV0mrNgho
MOx9AM3J6rnEQQJCSsWfT7wdOetSni3OV0mrNgho,I9zyEumkNRxIzJ9lhMe24gjeuA05krtaF8GygUHD,I9zyEumkNRxIzJ9lhMe24gjeuA05krtaF8GygUHD,I9zyEumkNRxIzJ9lhMe24gjeuA05krtaF8GygUHD,0tSt4SUsOj8fKBL2OwFTAz878S85snjiNnAx7n8z,I9zyEumkNRxIzJ9lhMe24gjeuA05krtaF8GygUHD
I9zyEumkNRxIzJ9lhMe24gjeuA05krtaF8GygUHD,BR0isoSnDlgTmIqukAORkXTz6C9ABpEWp1Yw4Fx6,BR0isoSnDlgTmIqukAORkXTz6C9ABpEWp1Yw4Fx6,BR0isoSnDlgTmIqukAORkXTz6C9ABpEWp1Yw4Fx6,hBG5vMBqkXoKVhe5nKFmfjAVyNoGHSr22VXcrkoN,BR0isoSnDlgTmIqukAORkXTz6C9ABpEWp1Yw4Fx6
BR0isoSnDlgTmIqukAORkXTz6C9ABpEWp1Yw4Fx6,0tSt4SUsOj8fKBL2OwFTAz878S85snjiNnAx7n8z,0tSt4SUsOj8fKBL2OwFTAz878S85snjiNnAx7n8z,0tSt4SUsOj8fKBL2OwFTAz878S85snjiNnAx7n8z,G97yzpX8HPnbmrVEC0Aoz2si9mlAiCfZmduqw99n,0tSt4SUsOj8fKBL2OwFTAz878S85snjiNnAx7n8z
0tSt4SUsOj8fKBL2OwFTAz878S85snjiNnAx7n8z,hBG5vMBqkXoKVhe5nKFmfjAVyNoGHSr22VXcrkoN,hBG5vMBqkXoKVhe5nKFmfjAVyNoGHSr22VXcrkoN,hBG5vMBqkXoKVhe5nKFmfjAVyNoGHSr22VXcrkoN,MOx9AM3J6rnEQQJCSsWfT7wdOetSni3OV0mrNgho,G97yzpX8HPnbmrVEC0Aoz2si9mlAiCfZmduqw99n
hBG5vMBqkXoKVhe5nKFmfjAVyNoGHSr22VXcrkoN,G0PLr6xT9E96wJTJXQDNB728J4rHnKFKya5jIcwT,G0PLr6xT9E96wJTJXQDNB728J4rHnKFKya5jIcwT,G0PLr6xT9E96wJTJXQDNB728J4rHnKFKya5jIcwT,I9zyEumkNRxIzJ9lhMe24gjeuA05krtaF8GygUHD,MOx9AM3J6rnEQQJCSsWfT7wdOetSni3OV0mrNgho
G0PLr6xT9E96wJTJXQDNB728J4rHnKFKya5jIcwT,DboXcHUzjiTnEyfVzMA8hgefX2B7suIPftuPWSyq,DboXcHUzjiTnEyfVzMA8hgefX2B7suIPftuPWSyq,G97yzpX8HPnbmrVEC0Aoz2si9mlAiCfZmduqw99n,BR0isoSnDlgTmIqukAORkXTz6C9ABpEWp1Yw4Fx6,I9zyEumkNRxIzJ9lhMe24gjeuA05krtaF8GygUHD
DboXcHUzjiTnEyfVzMA8hgefX2B7suIPftuPWSyq,neo9uYRJVawyUm1nyXvQrJxwVqapvXp6gVg6kwxr,G97yzpX8HPnbmrVEC0Aoz2si9mlAiCfZmduqw99n,MOx9AM3J6rnEQQJCSsWfT7wdOetSni3OV0mrNgho,0tSt4SUsOj8fKBL2OwFTAz878S85snjiNnAx7n8z,BR0isoSnDlgTmIqukAORkXTz6C9ABpEWp1Yw4Fx6
neo9uYRJVawyUm1nyXvQrJxwVqapvXp6gVg6kwxr,nOgJEtffp9e3P1qN9pqUrIZB0WQ9VIdptmx5wtia,MOx9AM3J6rnEQQJCSsWfT7wdOetSni3OV0mrNgho,I9zyEumkNRxIzJ9lhMe24gjeuA05krtaF8GygUHD,hBG5vMBqkXoKVhe5nKFmfjAVyNoGHSr22VXcrkoN,0tSt4SUsOj8fKBL2OwFTAz878S85snjiNnAx7n8z
G97yzpX8HPnbmrVEC0Aoz2si9mlAiCfZmduqw99n,G97yzpX8HPnbmrVEC0Aoz2si9mlAiCfZmduqw99n,I9zyEumkNRxIzJ9lhMe24gjeuA05krtaF8GygUHD,BR0isoSnDlgTmIqukAORkXTz6C9ABpEWp1Yw4Fx6,G97yzpX8HPnbmrVEC0Aoz2si9mlAiCfZmduqw99n,G97yzpX8HPnbmrVEC0Aoz2si9mlAiCfZmduqw99n
MOx9AM3J6rnEQQJCSsWfT7wdOetSni3OV0mrNgho,MOx9AM3J6rnEQQJCSsWfT7wdOetSni3OV0mrNgho,BR0isoSnDlgTmIqukAORkXTz6C9ABpEWp1Yw4Fx6,0tSt4SUsOj8fKBL2OwFTAz878S85snjiNnAx7n8z,MOx9AM3J6rnEQQJCSsWfT7wdOetSni3OV0mrNgho,MOx9AM3J6rnEQQJCSsWfT7wdOetSni3OV0mrNgho
I9zyEumkNRxIzJ9lhMe24gjeuA05krtaF8GygUHD,I9zyEumkNRxIzJ9lhMe24gjeuA05krtaF8GygUHD,0tSt4SUsOj8fKBL2OwFTAz878S85snjiNnAx7n8z,hBG5vMBqkXoKVhe5nKFmfjAVyNoGHSr22VXcrkoN,I9zyEumkNRxIzJ9lhMe24gjeuA05krtaF8GygUHD,I9zyEumkNRxIzJ9lhMe24gjeuA05krtaF8GygUHD
BR0isoSnDlgTmIqukAORkXTz6C9ABpEWp1Yw4Fx6,BR0isoSnDlgTmIqukAORkXTz6C9ABpEWp1Yw4Fx6,hBG5vMBqkXoKVhe5nKFmfjAVyNoGHSr22VXcrkoN,G0PLr6xT9E96wJTJXQDNB728J4rHnKFKya5jIcwT,BR0isoSnDlgTmIqukAORkXTz6C9ABpEWp1Yw4Fx6,BR0isoSnDlgTmIqukAORkXTz6C9ABpEWp1Yw4Fx6
0tSt4SUsOj8fKBL2OwFTAz878S85snjiNnAx7n8z,0tSt4SUsOj8fKBL2OwFTAz878S85snjiNnAx7n8z,G0PLr6xT9E96wJTJXQDNB728J4rHnKFKya5jIcwT,G97yzpX8HPnbmrVEC0Aoz2si9mlAiCfZmduqw99n,0tSt4SUsOj8fKBL2OwFTAz878S85snjiNnAx7n8z,0tSt4SUsOj8fKBL2OwFTAz878S85snjiNnAx7n8z
hBG5vMBqkXoKVhe5nKFmfjAVyNoGHSr22VXcrkoN,hBG5vMBqkXoKVhe5nKFmfjAVyNoGHSr22VXcrkoN,DboXcHUzjiTnEyfVzMA8hgefX2B7suIPftuPWSyq,MOx9AM3J6rnEQQJCSsWfT7wdOetSni3OV0mrNgho,hBG5vMBqkXoKVhe5nKFmfjAVyNoGHSr22VXcrkoN,G97yzpX8HPnbmrVEC0Aoz2si9mlAiCfZmduqw99n
G0PLr6xT9E96wJTJXQDNB728J4rHnKFKya5jIcwT,G0PLr6xT9E96wJTJXQDNB728J4rHnKFKya5jIcwT,G97yzpX8HPnbmrVEC0Aoz2si9mlAiCfZmduqw99n,I9zyEumkNRxIzJ9lhMe24gjeuA05krtaF8GygUHD,G97yzpX8HPnbmrVEC0Aoz2si9mlAiCfZmduqw99n,MOx9AM3J6rnEQQJCSsWfT7wdOetSni3OV0mrNgho
DboXcHUzjiTnEyfVzMA8hgefX2B7suIPftuPWSyq,DboXcHUzjiTnEyfVzMA8hgefX2B7suIPftuPWSyq,MOx9AM3J6rnEQQJCSsWfT7wdOetSni3OV0mrNgho,BR0isoSnDlgTmIqukAORkXTz6C9ABpEWp1Yw4Fx6,MOx9AM3J6rnEQQJCSsWfT7wdOetSni3OV0mrNgho,I9zyEumkNRxIzJ9lhMe24gjeuA05krtaF8GygUHD
neo9uYRJVawyUm1nyXvQrJxwVqapvXp6gVg6kwxr,neo9uYRJVawyUm1nyXvQrJxwVqapvXp6gVg6kwxr,I9zyEumkNRxIzJ9lhMe24gjeuA05krtaF8GygUHD,0tSt4SUsOj8fKBL2OwFTAz878S85snjiNnAx7n8z,I9zyEumkNRxIzJ9lhMe24gjeuA05krtaF8GygUHD,BR0isoSnDlgTmIqukAORkXTz6C9ABpEWp1Yw4Fx6
G97yzpX8HPnbmrVEC0Aoz2si9mlAiCfZmduqw99n,nOgJEtffp9e3P1qN9pqUrIZB0WQ9VIdptmx5wtia,BR0isoSnDlgTmIqukAORkXTz6C9ABpEWp1Yw4Fx6,hBG5vMBqkXoKVhe5nKFmfjAVyNoGHSr22VXcrkoN,BR0isoSnDlgTmIqukAORkXTz6C9ABpEWp1Yw4Fx6,0tSt4SUsOj8fKBL2OwFTAz878S85snjiNnAx7n8z
MOx9AM3J6rnEQQJCSsWfT7wdOetSni3OV0mrNgho,G97yzpX8HPnbmrVEC0Aoz2si9mlAiCfZmduqw99n,0tSt4SUsOj8fKBL2OwFTAz878S85snjiNnAx7n8z,G0PLr6xT9E96wJTJXQDNB728J4rHnKFKya5jIcwT,0tSt4SUsOj8fKBL2OwFTAz878S85snjiNnAx7n8z,G97yzpX8HPnbmrVEC0Aoz2si9mlAiCfZmduqw99n
I9zyEumkNRxIzJ9lhMe24gjeuA05krtaF8GygUHD,MOx9AM3J6rnEQQJCSsWfT7wdOetSni3OV0mrNgho,hBG5vMBqkXoKVhe5nKFmfjAVyNoGHSr22VXcrkoN,G97yzpX8HPnbmrVEC0Aoz2si9mlAiCfZmduqw99n,hBG5vMBqkXoKVhe5nKFmfjAVyNoGHSr22VXcrkoN,MOx9AM3J6rnEQQJCSsWfT7wdOetSni3OV0mrNgho
BR0isoSnDlgTmIqukAORkXTz6C9ABpEWp1Yw4Fx6,I9zyEumkNRxIzJ9lhMe24gjeuA05krtaF8GygUHD,G0PLr6xT9E96wJTJXQDNB728J4rHnKFKya5jIcwT,MOx9AM3J6rnEQQJCSsWfT7wdOetSni3OV0mrNgho,G97yzpX8HPnbmrVEC0Aoz2si9mlAiCfZmduqw99n,I9zyEumkNRxIzJ9lhMe24gjeuA05krtaF8GygUHD
0tSt4SUsOj8fKBL2OwFTAz878S85snjiNnAx7n8z,BR0isoSnDlgTmIqukAORkXTz6C9ABpEWp1Yw4Fx6,DboXcHUzjiTnEyfVzMA8hgefX2B7suIPftuPWSyq,I9zyEumkNRxIzJ9lhMe24gjeuA05krtaF8GygUHD,MOx9AM3J6rnEQQJCSsWfT7wdOetSni3OV0mrNgho,BR0isoSnDlgTmIqukAORkXTz6C9ABpEWp1Yw4Fx6
hBG5vMBqkXoKVhe5nKFmfjAVyNoGHSr22VXcrkoN,0tSt4SUsOj8fKBL2OwFTAz878S85snjiNnAx7n8z,G97yzpX8HPnbmrVEC0Aoz2si9mlAiCfZmduqw99n,BR0isoSnDlgTmIqukAORkXTz6C9ABpEWp1Yw4Fx6,I9zyEumkNRxIzJ9lhMe24gjeuA05krtaF8GygUHD,0tSt4SUsOj8fKBL2OwFTAz878S85snjiNnAx7n8z
G0PLr6xT9E96wJTJXQDNB728J4rHnKFKya5jIcwT,hBG5vMBqkXoKVhe5nKFmfjAVyNoGHSr22VXcrkoN,MOx9AM3J6rnEQQJCSsWfT7wdOetSni3OV0mrNgho,0tSt4SUsOj8fKBL2OwFTAz878S85snjiNnAx7n8z,BR0isoSnDlgTmIqukAORkXTz6C9ABpEWp1Yw4Fx6,G97yzpX8HPnbmrVEC0Aoz2si9mlAiCfZmduqw99n
DboXcHUzjiTnEyfVzMA8hgefX2B7suIPftuPWSyq,G0PLr6xT9E96wJTJXQDNB728J4rHnKFKya5jIcwT,I9zyEumkNRxIzJ9lhMe24gjeuA05krtaF8GygUHD,hBG5vMBqkXoKVhe5nKFmfjAVyNoGHSr22VXcrkoN,0tSt4SUsOj8fKBL2OwFTAz878S85snjiNnAx7n8z,MOx9AM3J6rnEQQJCSsWfT7wdOetSni3OV0mrNgho
neo9uYRJVawyUm1nyXvQrJxwVqapvXp6gVg6kwxr,DboXcHUzjiTnEyfVzMA8hgefX2B7suIPftuPWSyq,BR0isoSnDlgTmIqukAORkXTz6C9ABpEWp1Yw4Fx6,G0PLr6xT9E96wJTJXQDNB728J4rHnKFKya5jIcwT,hBG5vMBqkXoKVhe5nKFmfjAVyNoGHSr22VXcrkoN,I9zyEumkNRxIzJ9lhMe24gjeuA05krtaF8GygUHD
G97yzpX8HPnbmrVEC0Aoz2si9mlAiCfZmduqw99n,neo9uYRJVawyUm1nyXvQrJxwVqapvXp6gVg6kwxr,0tSt4SUsOj8fKBL2OwFTAz878S85snjiNnAx7n8z,G97yzpX8HPnbmrVEC0Aoz2si9mlAiCfZmduqw99n,G97yzpX8HPnbmrVEC0Aoz2si9mlAiCfZmduqw99n,BR0isoSnDlgTmIqukAORkXTz6C9ABpEWp1Yw4Fx6
MOx9AM3J6rnEQQJCSsWfT7wdOetSni3OV0mrNgho,nOgJEtffp9e3P1qN9pqUrIZB0WQ9VIdptmx5wtia,hBG5vMBqkXoKVhe5nKFmfjAVyNoGHSr22VXcrkoN,MOx9AM3J6rnEQQJCSsWfT7wdOetSni3OV0mrNgho,MOx9AM3J6rnEQQJCSsWfT7wdOetSni3OV0mrNgho,0tSt4SUsOj8fKBL2OwFTAz878S85snjiNnAx7n8z
I9zyEumkNRxIzJ9lhMe24gjeuA05krtaF8GygUHD,G97yzpX8HPnbmrVEC0Aoz2si9mlAiCfZmduqw99n,G0PLr6xT9E96wJTJXQDNB728J4rHnKFKya5jIcwT,I9zyEumkNRxIzJ9lhMe24gjeuA05krtaF8GygUHD,I9zyEumkNRxIzJ9lhMe24gjeuA05krtaF8GygUHD,G97yzpX8HPnbmrVEC0Aoz2si9mlAiCfZmduqw99n
BR0isoSnDlgTmIqukAORkXTz6C9ABpEWp1Yw4Fx6,MOx9AM3J6rnEQQJCSsWfT7wdOetSni3OV0mrNgho,DboXcHUzjiTnEyfVzMA8hgefX2B7suIPftuPWSyq,BR0isoSnDlgTmIqukAORkXTz6C9ABpEWp1Yw4Fx6,BR0isoSnDlgTmIqukAORkXTz6C9ABpEWp1Yw4Fx6,MOx9AM3J6rnEQQJCSsWfT7wdOetSni3OV0mrNgho
0tSt4SUsOj8fKBL2OwFTAz878S85snjiNnAx7n8z,I9zyEumkNRxIzJ9lhMe24gjeuA05krtaF8GygUHD,G97yzpX8HPnbmrVEC0Aoz2si9mlAiCfZmduqw99n,0tSt4SUsOj8fKBL2OwFTAz878S85snjiNnAx7n8z,0tSt4SUsOj8fKBL2OwFTAz878S85snjiNnAx7n8z,I9zyEumkNRxIzJ9lhMe24gjeuA05krtaF8GygUHD
hBG5vMBqkXoKVhe5nKFmfjAVyNoGHSr22VXcrkoN,BR0isoSnDlgTmIqukAORkXTz6C9ABpEWp1Yw4Fx6,MOx9AM3J6rnEQQJCSsWfT7wdOetSni3OV0mrNgho,hBG5vMBqkXoKVhe5nKFmfjAVyNoGHSr22VXcrkoN,hBG5vMBqkXoKVhe5nKFmfjAVyNoGHSr22VXcrkoN,BR0isoSnDlgTmIqukAORkXTz6C9ABpEWp1Yw4Fx6
G0PLr6xT9E96wJTJXQDNB728J4rHnKFKya5jIcwT,0tSt4SUsOj8fKBL2OwFTAz878S85snjiNnAx7n8z,I9zyEumkNRxIzJ9lhMe24gjeuA05krtaF8GygUHD,G0PLr6xT9E96wJTJXQDNB728J4rHnKFKya5jIcwT,G97yzpX8HPnbmrVEC0Aoz2si9mlAiCfZmduqw99n,0tSt4SUsOj8fKBL2OwFTAz878S85snjiNnAx7n8z
DboXcHUzjiTnEyfVzMA8hgefX2B7suIPftuPWSyq,hBG5vMBqkXoKVhe5nKFmfjAVyNoGHSr22VXcrkoN,BR0isoSnDlgTmIqukAORkXTz6C9ABpEWp1Yw4Fx6,G97yzpX8HPnbmrVEC0Aoz2si9mlAiCfZmduqw99n,MOx9AM3J6rnEQQJCSsWfT7wdOetSni3OV0mrNgho,G97yzpX8HPnbmrVEC0Aoz2si9mlAiCfZmduqw99n
neo9uYRJVawyUm1nyXvQrJxwVqapvXp6gVg6kwxr,G0PLr6xT9E96wJTJXQDNB728J4rHnKFKya5jIcwT,0tSt4SUsOj8fKBL2OwFTAz878S85snjiNnAx7n8z,MOx9AM3J6rnEQQJCSsWfT7wdOetSni3OV0mrNgho,I9zyEumkNRxIzJ9lhMe24gjeuA05krtaF8GygUHD,MOx9AM3J6rnEQQJCSsWfT7wdOetSni3OV0mrNgho
G97yzpX8HPnbmrVEC0Aoz2si9mlAiCfZmduqw99n,DboXcHUzjiTnEyfVzMA8hgefX2B7suIPftuPWSyq,hBG5vMBqkXoKVhe5nKFmfjAVyNoGHSr22VXcrkoN,I9zyEumkNRxIzJ9lhMe24gjeuA05krtaF8GygUHD,BR0isoSnDlgTmIqukAORkXTz6C9ABpEWp1Yw4Fx6,I9zyEumkNRxIzJ9lhMe24gjeuA05krtaF8GygUHD
MOx9AM3J6rnEQQJCSsWfT7wdOetSni3OV0mrNgho,neo9uYRJVawyUm1nyXvQrJxwVqapvXp6gVg6kwxr,G0PLr6xT9E96wJTJXQDNB728J4rHnKFKya5jIcwT,BR0isoSnDlgTmIqukAORkXTz6C9ABpEWp1Yw4Fx6,0tSt4SUsOj8fKBL2OwFTAz878S85snjiNnAx7n8z,BR0isoSnDlgTmIqukAORkXTz6C9ABpEWp1Yw4Fx6
I9zyEumkNRxIzJ9lhMe24gjeuA05krtaF8GygUHD,nOgJEtffp9e3P1qN9pqUrIZB0WQ9VIdptmx5wtia,DboXcHUzjiTnEyfVzMA8hgefX2B7suIPftuPWSyq,0tSt4SUsOj8fKBL2OwFTAz878S85snjiNnAx7n8z,hBG5vMBqkXoKVhe5nKFmfjAVyNoGHSr22VXcrkoN,0tSt4SUsOj8fKBL2OwFTAz878S85snjiNnAx7n8z
BR0isoSnDlgTmIqukAORkXTz6C9ABpEWp1Yw4Fx6,G97yzpX8HPnbmrVEC0Aoz2si9mlAiCfZmduqw99n,G97yzpX8HPnbmrVEC0Aoz2si9mlAiCfZmduqw99n,hBG5vMBqkXoKVhe5nKFmfjAVyNoGHSr22VXcrkoN,G97yzpX8HPnbmrVEC0Aoz2si9mlAiCfZmduqw99n,G97yzpX8HPnbmrVEC0Aoz2si9mlAiCfZmduqw99n
0tSt4SUsOj8fKBL2OwFTAz878S85snjiNnAx7n8z,MOx9AM3J6rnEQQJCSsWfT7wdOetSni3OV0mrNgho,MOx9AM3J6rnEQQJCSsWfT7wdOetSni3OV0mrNgho,G0PLr6xT9E96wJTJXQDNB728J4rHnKFKya5jIcwT,MOx9AM3J6rnEQQJCSsWfT7wdOetSni3OV0mrNgho,MOx9AM3J6rnEQQJCSsWfT7wdOetSni3OV0mrNgho
hBG5vMBqkXoKVhe5nKFmfjAVyNoGHSr22VXcrkoN,I9zyEumkNRxIzJ9lhMe24gjeuA05krtaF8GygUHD,I9zyEumkNRxIzJ9lhMe24gjeuA05krtaF8GygUHD,G97yzpX8HPnbmrVEC0Aoz2si9mlAiCfZmduqw99n,I9zyEumkNRxIzJ9lhMe24gjeuA05krtaF8GygUHD,I9zyEumkNRxIzJ9lhMe24gjeuA05krtaF8GygUHD
G0PLr6xT9E96wJTJXQDNB728J4rHnKFKya5jIcwT,BR0isoSnDlgTmIqukAORkXTz6C9ABpEWp1Yw4Fx6,BR0isoSnDlgTmIqukAORkXTz6C9ABpEWp1Yw4Fx6,MOx9AM3J6rnEQQJCSsWfT7wdOetSni3OV0mrNgho,BR0isoSnDlgTmIqukAORkXTz6C9ABpEWp1Yw4Fx6,BR0isoSnDlgTmIqukAORkXTz6C9ABpEWp1Yw4Fx6
DboXcHUzjiTnEyfVzMA8hgefX2B7suIPftuPWSyq,0tSt4SUsOj8fKBL2OwFTAz878S85snjiNnAx7n8z,0tSt4SUsOj8fKBL2OwFTAz878S85snjiNnAx7n8z,I9zyEumkNRxIzJ9lhMe24gjeuA05krtaF8GygUHD,0tSt4SUsOj8fKBL2OwFTAz878S85snjiNnAx7n8z,0tSt4SUsOj8fKBL2OwFTAz878S85snjiNnAx7n8z
neo9uYRJVawyUm1nyXvQrJxwVqapvXp6gVg6kwxr,hBG5vMBqkXoKVhe5nKFmfjAVyNoGHSr22VXcrkoN,hBG5vMBqkXoKVhe5nKFmfjAVyNoGHSr22VXcrkoN,BR0isoSnDlgTmIqukAORkXTz6C9ABpEWp1Yw4Fx6,hBG5vMBqkXoKVhe5nKFmfjAVyNoGHSr22VXcrkoN,G97yzpX8HPnbmrVEC0Aoz2si9mlAiCfZmduqw99n
G97yzpX8HPnbmrVEC0Aoz2si9mlAiCfZmduqw99n,G0PLr6xT9E96wJTJXQDNB728J4rHnKFKya5jIcwT,G0PLr6xT9E96wJTJXQDNB728J4rHnKFKya5jIcwT,0tSt4SUsOj8fKBL2OwFTAz878S85snjiNnAx7n8z,G97yzpX8HPnbmrVEC0Aoz2si9mlAiCfZmduqw99n,MOx9AM3J6rnEQQJCSsWfT7wdOetSni3OV0mrNgho
MOx9AM3J6rnEQQJCSsWfT7wdOetSni3OV0mrNgho,DboXcHUzjiTnEyfVzMA8hgefX2B7suIPftuPWSyq,DboXcHUzjiTnEyfVzMA8hgefX2B7suIPftuPWSyq,hBG5vMBqkXoKVhe5nKFmfjAVyNoGHSr22VXcrkoN,MOx9AM3J6rnEQQJCSsWfT7wdOetSni3OV0mrNgho,I9zyEumkNRxIzJ9lhMe24gjeuA05krtaF8GygUHD
I9zyEumkNRxIzJ9lhMe24gjeuA05krtaF8GygUHD,neo9uYRJVawyUm1nyXvQrJxwVqapvXp6gVg6kwxr,G97yzpX8HPnbmrVEC0Aoz2si9mlAiCfZmduqw99n,G0PLr6xT9E96wJTJXQDNB728J4rHnKFKya5jIcwT,I9zyEumkNRxIzJ9lhMe24gjeuA05krtaF8GygUHD,BR0isoSnDlgTmIqukAORkXTz6C9ABpEWp1Yw4Fx6
BR0isoSnDlgTmIqukAORkXTz6C9ABpEWp1Yw4Fx6,nOgJEtffp9e3P1qN9pqUrIZB0WQ9VIdptmx5wtia,MOx9AM3J6rnEQQJCSsWfT7wdOetSni3OV0mrNgho,G97yzpX8HPnbmrVEC0Aoz2si9mlAiCfZmduqw99n,BR0isoSnDlgTmIqukAORkXTz6C9ABpEWp1Yw4Fx6,0tSt4SUsOj8fKBL2OwFTAz878S85snjiNnAx7n8z
0tSt4SUsOj8fKBL2OwFTAz878S85snjiNnAx7n8z,G97yzpX8HPnbmrVEC0Aoz2si9mlAiCfZmduqw99n,I9zyEumkNRxIzJ9lhMe24gjeuA05krtaF8GygUHD,MOx9AM3J6rnEQQJCSsWfT7wdOetSni3OV0mrNgho,0tSt4SUsOj8fKBL2OwFTAz878S85snjiNnAx7n8z,G97yzpX8HPnbmrVEC0Aoz2si9mlAiCfZmduqw99n
hBG5vMBqkXoKVhe5nKFmfjAVyNoGHSr22VXcrkoN,MOx9AM3J6rnEQQJCSsWfT7wdOetSni3OV0mrNgho,BR0isoSnDlgTmIqukAORkXTz6C9ABpEWp1Yw4Fx6,I9zyEumkNRxIzJ9lhMe24gjeuA05krtaF8GygUHD,hBG5vMBqkXoKVhe5nKFmfjAVyNoGHSr22VXcrkoN,MOx9AM3J6rnEQQJCSsWfT7wdOetSni3OV0mrNgho
G0PLr6xT9E96wJTJXQDNB728J4rHnKFKya5jIcwT,I9zyEumkNRxIzJ9lhMe24gjeuA05krtaF8GygUHD,0tSt4SUsOj8fKBL2OwFTAz878S85snjiNnAx7n8z,BR0isoSnDlgTmIqukAORkXTz6C9ABpEWp1Yw4Fx6,G97yzpX8HPnbmrVEC0Aoz2si9mlAiCfZmduqw99n,I9zyEumkNRxIzJ9lhMe24gjeuA05krtaF8GygUHD
DboXcHUzjiTnEyfVzMA8hgefX2B7suIPftuPWSyq,BR0isoSnDlgTmIqukAORkXTz6C9ABpEWp1Yw4Fx6,hBG5vMBqkXoKVhe5nKFmfjAVyNoGHSr22VXcrkoN,0tSt4SUsOj8fKBL2OwFTAz878S85snjiNnAx7n8z,MOx9AM3J6rnEQQJCSsWfT7wdOetSni3OV0mrNgho,BR0isoSnDlgTmIqukAORkXTz6C9ABpEWp1Yw4Fx6
neo9uYRJVawyUm1nyXvQrJxwVqapvXp6gVg6kwxr,0tSt4SUsOj8fKBL2OwFTAz878S85snjiNnAx7n8z,G0PLr6xT9E96wJTJXQDNB728J4rHnKFKya5jIcwT,hBG5vMBqkXoKVhe5nKFmfjAVyNoGHSr22VXcrkoN,I9zyEumkNRxIzJ9lhMe24gjeuA05krtaF8GygUHD,0tSt4SUsOj8fKBL2OwFTAz878S85snjiNnAx7n8z
G97yzpX8HPnbmrVEC0Aoz2si9mlAiCfZmduqw99n,hBG5vMBqkXoKVhe5nKFmfjAVyNoGHSr22VXcrkoN,DboXcHUzjiTnEyfVzMA8hgefX2B7suIPftuPWSyq,G0PLr6xT9E96wJTJXQDNB728J4rHnKFKya5jIcwT,BR0isoSnDlgTmIqukAORkXTz6C9ABpEWp1Yw4Fx6,G97yzpX8HPnbmrVEC0Aoz2si9mlAiCfZmduqw99n
MOx9AM3J6rnEQQJCSsWfT7wdOetSni3OV0mrNgho,G0PLr6xT9E96wJTJXQDNB728J4rHnKFKya5jIcwT,G97yzpX8HPnbmrVEC0Aoz2si9mlAiCfZmduqw99n,G97yzpX8HPnbmrVEC0Aoz2si9mlAiCfZmduqw99n,0tSt4SUsOj8fKBL2OwFTAz878S85snjiNnAx7n8z,MOx9AM3J6rnEQQJCSsWfT7wdOetSni3OV0mrNgho
I9zyEumkNRxIzJ9lhMe24gjeuA05krtaF8GygUHD,DboXcHUzjiTnEyfVzMA8hgefX2B7suIPftuPWSyq,MOx9AM3J6rnEQQJCSsWfT7wdOetSni3OV0mrNgho,MOx9AM3J6rnEQQJCSsWfT7wdOetSni3OV0mrNgho,hBG5vMBqkXoKVhe5nKFmfjAVyNoGHSr22VXcrkoN,I9zyEumkNRxIzJ9lhMe24gjeuA05krtaF8GygUHD
BR0isoSnDlgTmIqukAORkXTz6C9ABpEWp1Yw4Fx6,neo9uYRJVawyUm1nyXvQrJxwVqapvXp6gVg6kwxr,I9zyEumkNRxIzJ9lhMe24gjeuA05krtaF8GygUHD,I9zyEumkNRxIzJ9lhMe24gjeuA05krtaF8GygUHD,G97yzpX8HPnbmrVEC0Aoz2si9mlAiCfZmduqw99n,BR0isoSnDlgTmIqukAORkXTz6C9ABpEWp1Yw4Fx6
0tSt4SUsOj8fKBL2OwFTAz878S85snjiNnAx7n8z,nOgJEtffp9e3P1qN9pqUrIZB0WQ9VIdptmx5wtia,BR0isoSnDlgTmIqukAORkXTz6C9ABpEWp1Yw4Fx6,BR0isoSnDlgTmIqukAORkXTz6C9ABpEWp1Yw4Fx6,MOx9AM3J6rnEQQJCSsWfT7wdOetSni3OV0mrNgho,0tSt4SUsOj8fKBL2OwFTAz878S85snjiNnAx7n8z
hBG5vMBqkXoKVhe5nKFmfjAVyNoGHSr22VXcrkoN,G97yzpX8HPnbmrVEC0Aoz2si9mlAiCfZmduqw99n,0tSt4SUsOj8fKBL2OwFTAz878S85snjiNnAx7n8z,0tSt4SUsOj8fKBL2OwFTAz878S85snjiNnAx7n8z,I9zyEumkNRxIzJ9lhMe24gjeuA05krtaF8GygUHD,G97yzpX8HPnbmrVEC0Aoz2si9mlAiCfZmduqw99n
G0PLr6xT9E96wJTJXQDNB728J4rHnKFKya5jIcwT,MOx9AM3J6rnEQQJCSsWfT7wdOetSni3OV0mrNgho,hBG5vMBqkXoKVhe5nKFmfjAVyNoGHSr22VXcrkoN,hBG5vMBqkXoKVhe5nKFmfjAVyNoGHSr22VXcrkoN,BR0isoSnDlgTmIqukAORkXTz6C9ABpEWp1Yw4Fx6,MOx9AM3J6rnEQQJCSsWfT7wdOetSni3OV0mrNgho
DboXcHUzjiTnEyfVzMA8hgefX2B7suIPftuPWSyq,I9zyEumkNRxIzJ9lhMe24gjeuA05krtaF8GygUHD,G0PLr6xT9E96wJTJXQDNB728J4rHnKFKya5jIcwT,G0PLr6xT9E96wJTJXQDNB728J4rHnKFKya5jIcwT,0tSt4SUsOj8fKBL2OwFTAz878S85snjiNnAx7n8z,I9zyEumkNRxIzJ9lhMe24gjeuA05krtaF8GygUHD
neo9uYRJVawyUm1nyXvQrJxwVqapvXp6gVg6kwxr,BR0isoSnDlgTmIqukAORkXTz6C9ABpEWp1Yw4Fx6,DboXcHUzjiTnEyfVzMA8hgefX2B7suIPftuPWSyq,G97yzpX8HPnbmrVEC0Aoz2si9mlAiCfZmduqw99n,hBG5vMBqkXoKVhe5nKFmfjAVyNoGHSr22VXcrkoN,BR0isoSnDlgTmIqukAORkXTz6C9ABpEWp1Yw4Fx6
G97yzpX8HPnbmrVEC0Aoz2si9mlAiCfZmduqw99n,0tSt4SUsOj8fKBL2OwFTAz878S85snjiNnAx7n8z,G97yzpX8HPnbmrVEC0Aoz2si9mlAiCfZmduqw99n,MOx9AM3J6rnEQQJCSsWfT7wdOetSni3OV0mrNgho,G97yzpX8HPnbmrVEC0Aoz2si9mlAiCfZmduqw99n,0tSt4SUsOj8fKBL2OwFTAz878S85snjiNnAx7n8z
MOx9AM3J6rnEQQJCSsWfT7wdOetSni3OV0mrNgho,hBG5vMBqkXoKVhe5nKFmfjAVyNoGHSr22VXcrkoN,MOx9AM3J6rnEQQJCSsWfT7wdOetSni3OV0mrNgho,I9zyEumkNRxIzJ9lhMe24gjeuA05krtaF8GygUHD,MOx9AM3J6rnEQQJCSsWfT7wdOetSni3OV0mrNgho,G97yzpX8HPnbmrVEC0Aoz2si9mlAiCfZmduqw99n
I9zyEumkNRxIzJ9lhMe24gjeuA05krtaF8GygUHD,G0PLr6xT9E96wJTJXQDNB728J4rHnKFKya5jIcwT,I9zyEumkNRxIzJ9lhMe24gjeuA05krtaF8GygUHD,BR0isoSnDlgTmIqukAORkXTz6C9ABpEWp1Yw4Fx6,I9zyEumkNRxIzJ9lhMe24gjeuA05krtaF8GygUHD,MOx9AM3J6rnEQQJCSsWfT7wdOetSni3OV0mrNgho
BR0isoSnDlgTmIqukAORkXTz6C9ABpEWp1Yw4Fx6,DboXcHUzjiTnEyfVzMA8hgefX2B7suIPftuPWSyq,BR0isoSnDlgTmIqukAORkXTz6C9ABpEWp1Yw4Fx6,0tSt4SUsOj8fKBL2OwFTAz878S85snjiNnAx7n8z,BR0isoSnDlgTmIqukAORkXTz6C9ABpEWp1Yw4Fx6,I9zyEumkNRxIzJ9lhMe24gjeuA05krtaF8GygUHD
0tSt4SUsOj8fKBL2OwFTAz878S85snjiNnAx7n8z,neo9uYRJVawyUm1nyXvQrJxwVqapvXp6gVg6kwxr,0tSt4SUsOj8fKBL2OwFTAz878S85snjiNnAx7n8z,hBG5vMBqkXoKVhe5nKFmfjAVyNoGHSr22VXcrkoN,0tSt4SUsOj8fKBL2OwFTAz878S85snjiNnAx7n8z,BR0isoSnDlgTmIqukAORkXTz6C9ABpEWp1Yw4Fx6
hBG5vMBqkXoKVhe5nKFmfjAVyNoGHSr22VXcrkoN,nOgJEtffp9e3P1qN9pqUrIZB0WQ9VIdptmx5wtia,hBG5vMBqkXoKVhe5nKFmfjAVyNoGHSr22VXcrkoN,G0PLr6xT9E96wJTJXQDNB728J4rHnKFKya5jIcwT,hBG5vMBqkXoKVhe5nKFmfjAVyNoGHSr22VXcrkoN,0tSt4SUsOj8fKBL2OwFTAz878S85snjiNnAx7n8z
G0PLr6xT9E96wJTJXQDNB728J4rHnKFKya5jIcwT,G97yzpX8HPnbmrVEC0Aoz2si9mlAiCfZmduqw99n,G0PLr6xT9E96wJTJXQDNB728J4rHnKFKya5jIcwT,G97yzpX8HPnbmrVEC0Aoz2si9mlAiCfZmduqw99n,G97yzpX8HPnbmrVEC0Aoz2si9mlAiCfZmduqw99n,G97yzpX8HPnbmrVEC0Aoz2si9mlAiCfZmduqw99n
DboXcHUzjiTnEyfVzMA8hgefX2B7suIPftuPWSyq,MOx9AM3J6rnEQQJCSsWfT7wdOetSni3OV0mrNgho,DboXcHUzjiTnEyfVzMA8hgefX2B7suIPftuPWSyq,MOx9AM3J6rnEQQJCSsWfT7wdOetSni3OV0mrNgho,MOx9AM3J6rnEQQJCSsWfT7wdOetSni3OV0mrNgho,MOx9AM3J6rnEQQJCSsWfT7wdOetSni3OV0mrNgho
neo9uYRJVawyUm1nyXvQrJxwVqapvXp6gVg6kwxr,I9zyEumkNRxIzJ9lhMe24gjeuA05krtaF8GygUHD,G97yzpX8HPnbmrVEC0Aoz2si9mlAiCfZmduqw99n,I9zyEumkNRxIzJ9lhMe24gjeuA05krtaF8GygUHD,I9zyEumkNRxIzJ9lhMe24gjeuA05krtaF8GygUHD,I9zyEumkNRxIzJ9lhMe24gjeuA05krtaF8GygUHD
G97yzpX8HPnbmrVEC0Aoz2si9mlAiCfZmduqw99n,BR0isoSnDlgTmIqukAORkXTz6C9ABpEWp1Yw4Fx6,MOx9AM3J6rnEQQJCSsWfT7wdOetSni3OV0mrNgho,BR0isoSnDlgTmIqukAORkXTz6C9ABpEWp1Yw4Fx6,BR0isoSnDlgTmIqukAORkXTz6C9ABpEWp1Yw4Fx6,BR0isoSnDlgTmIqukAORkXTz6C9ABpEWp1Yw4Fx6
MOx9AM3J6rnEQQJCSsWfT7wdOetSni3OV0mrNgho,0tSt4SUsOj8fKBL2OwFTAz878S85snjiNnAx7n8z,I9zyEumkNRxIzJ9lhMe24gjeuA05krtaF8GygUHD,0tSt4SUsOj8fKBL2OwFTAz878S85snjiNnAx7n8z,0tSt4SUsOj8fKBL2OwFTAz878S85snjiNnAx7n8z,0tSt4SUsOj8fKBL2OwFTAz878S85snjiNnAx7n8z
I9zyEumkNRxIzJ9lhMe24gjeuA05krtaF8GygUHD,hBG5vMBqkXoKVhe5nKFmfjAVyNoGHSr22VXcrkoN,BR0isoSnDlgTmIqukAORkXTz6C9ABpEWp1Yw4Fx6,hBG5vMBqkXoKVhe5nKFmfjAVyNoGHSr22VXcrkoN,hBG5vMBqkXoKVhe5nKFmfjAVyNoGHSr22VXcrkoN,G97yzpX8HPnbmrVEC0Aoz2si9mlAiCfZmduqw99n
BR0isoSnDlgTmIqukAORkXTz6C9ABpEWp1Yw4Fx6,G0PLr6xT9E96wJTJXQDNB728J4rHnKFKya5jIcwT,0tSt4SUsOj8fKBL2OwFTAz878S85snjiNnAx7n8z,G0PLr6xT9E96wJTJXQDNB728J4rHnKFKya5jIcwT,G97yzpX8HPnbmrVEC0Aoz2si9mlAiCfZmduqw99n,MOx9AM3J6rnEQQJCSsWfT7wdOetSni3OV0mrNgho
0tSt4SUsOj8fKBL2OwFTAz878S85snjiNnAx7n8z,DboXcHUzjiTnEyfVzMA8hgefX2B7suIPftuPWSyq,hBG5vMBqkXoKVhe5nKFmfjAVyNoGHSr22VXcrkoN,G97yzpX8HPnbmrVEC0Aoz2si9mlAiCfZmduqw99n,MOx9AM3J6rnEQQJCSsWfT7wdOetSni3OV0mrNgho,I9zyEumkNRxIzJ9lhMe24gjeuA05krtaF8GygUHD
hBG5vMBqkXoKVhe5nKFmfjAVyNoGHSr22VXcrkoN,neo9uYRJVawyUm1nyXvQrJxwVqapvXp6gVg6kwxr,G0PLr6xT9E96wJTJXQDNB728J4rHnKFKya5jIcwT,MOx9AM3J6rnEQQJCSsWfT7wdOetSni3OV0mrNgho,I9zyEumkNRxIzJ9lhMe24gjeuA05krtaF8GygUHD,BR0isoSnDlgTmIqukAORkXTz6C9ABpEWp1Yw4Fx6
G0PLr6xT9E96wJTJXQDNB728J4rHnKFKya5jIcwT,nOgJEtffp9e3P1qN9pqUrIZB0WQ9VIdptmx5wtia,DboXcHUzjiTnEyfVzMA8hgefX2B7suIPftuPWSyq,I9zyEumkNRxIzJ9lhMe24gjeuA05krtaF8GygUHD,BR0isoSnDlgTmIqukAORkXTz6C9ABpEWp1Yw4Fx6,0tSt4SUsOj8fKBL2OwFTAz878S85snjiNnAx7n8z
DboXcHUzjiTnEyfVzMA8hgefX2B7suIPftuPWSyq,G97yzpX8HPnbmrVEC0Aoz2si9mlAiCfZmduqw99n,G97yzpX8HPnbmrVEC0Aoz2si9mlAiCfZmduqw99n,BR0isoSnDlgTmIqukAORkXTz6C9ABpEWp1Yw4Fx6,0tSt4SUsOj8fKBL2OwFTAz878S85snjiNnAx7n8z,G97yzpX8HPnbmrVEC0Aoz2si9mlAiCfZmduqw99n
neo9uYRJVawyUm1nyXvQrJxwVqapvXp6gVg6kwxr,MOx9AM3J6rnEQQJCSsWfT7wdOetSni3OV0mrNgho,MOx9AM3J6rnEQQJCSsWfT7wdOetSni3OV0mrNgho,0tSt4SUsOj8fKBL2OwFTAz878S85snjiNnAx7n8z,hBG5vMBqkXoKVhe5nKFmfjAVyNoGHSr22VXcrkoN,MOx9AM3J6rnEQQJCSsWfT7wdOetSni3OV0mrNgho
G97yzpX8HPnbmrVEC0Aoz2si9mlAiCfZmduqw99n,I9zyEumkNRxIzJ9lhMe24gjeuA05krtaF8GygUHD,I9zyEumkNRxIzJ9lhMe24gjeuA05krtaF8GygUHD,hBG5vMBqkXoKVhe5nKFmfjAVyNoGHSr22VXcrkoN,G97yzpX8HPnbmrVEC0Aoz2si9mlAiCfZmduqw99n,I9zyEumkNRxIzJ9lhMe24gjeuA05krtaF8GygUHD
MOx9AM3J6rnEQQJCSsWfT7wdOetSni3OV0mrNgho,BR0isoSnDlgTmIqukAORkXTz6C9ABpEWp1Yw4Fx6,BR0isoSnDlgTmIqukAORkXTz6C9ABpEWp1Yw4Fx6,G0PLr6xT9E96wJTJXQDNB728J4rHnKFKya5jIcwT,MOx9AM3J6rnEQQJCSsWfT7wdOetSni3OV0mrNgho,BR0isoSnDlgTmIqukAORkXTz6C9ABpEWp1Yw4Fx6
I9zyEumkNRxIzJ9lhMe24gjeuA05krtaF8GygUHD,0tSt4SUsOj8fKBL2OwFTAz878S85snjiNnAx7n8z,0tSt4SUsOj8fKBL2OwFTAz878S85snjiNnAx7n8z,G97yzpX8HPnbmrVEC0Aoz2si9mlAiCfZmduqw99n,I9zyEumkNRxIzJ9lhMe24gjeuA05krtaF8GygUHD,0tSt4SUsOj8fKBL2OwFTAz878S85snjiNnAx7n8z
BR0isoSnDlgTmIqukAORkXTz6C9ABpEWp1Yw4Fx6,hBG5vMBqkXoKVhe5nKFmfjAVyNoGHSr22VXcrkoN,hBG5vMBqkXoKVhe5nKFmfjAVyNoGHSr22VXcrkoN,MOx9AM3J6rnEQQJCSsWfT7wdOetSni3OV0mrNgho,BR0isoSnDlgTmIqukAORkXTz6C9ABpEWp1Yw4Fx6,G97yzpX8HPnbmrVEC0Aoz2si9mlAiCfZmduqw99n
0tSt4SUsOj8fKBL2OwFTAz878S85snjiNnAx7n8z,G0PLr6xT9E96wJTJXQDNB728J4rHnKFKya5jIcwT,G0PLr6xT9E96wJTJXQDNB728J4rHnKFKya5jIcwT,I9zyEumkNRxIzJ9lhMe24gjeuA05krtaF8GygUHD,0tSt4SUsOj8fKBL2OwFTAz878S85snjiNnAx7n8z,MOx9AM3J6rnEQQJCSsWfT7wdOetSni3OV0mrNgho
hBG5vMBqkXoKVhe5nKFmfjAVyNoGHSr22VXcrkoN,DboXcHUzjiTnEyfVzMA8hgefX2B7suIPftuPWSyq,DboXcHUzjiTnEyfVzMA8hgefX2B7suIPftuPWSyq,BR0isoSnDlgTmIqukAORkXTz6C9ABpEWp1Yw4Fx6,hBG5vMBqkXoKVhe5nKFmfjAVyNoGHSr22VXcrkoN,I9zyEumkNRxIzJ9lhMe24gjeuA05krtaF8GygUHD
G0PLr6xT9E96wJTJXQDNB728J4rHnKFKya5jIcwT,neo9uYRJVawyUm1nyXvQrJxwVqapvXp6gVg6kwxr,G97yzpX8HPnbmrVEC0Aoz2si9mlAiCfZmduqw99n,0tSt4SUsOj8fKBL2OwFTAz878S85snjiNnAx7n8z,G97yzpX8HPnbmrVEC0Aoz2si9mlAiCfZmduqw99n,BR0isoSnDlgTmIqukAORkXTz6C9ABpEWp1Yw4Fx6
DboXcHUzjiTnEyfVzMA8hgefX2B7suIPftuPWSyq,nOgJEtffp9e3P1qN9pqUrIZB0WQ9VIdptmx5wtia,MOx9AM3J6rnEQQJCSsWfT7wdOetSni3OV0mrNgho,hBG5vMBqkXoKVhe5nKFmfjAVyNoGHSr22VXcrkoN,MOx9AM3J6rnEQQJCSsWfT7wdOetSni3OV0mrNgho,0tSt4SUsOj8fKBL2OwFTAz878S85snjiNnAx7n8z
neo9uYRJVawyUm1nyXvQrJxwVqapvXp6gVg6kwxr,G97yzpX8HPnbmrVEC0Aoz2si9mlAiCfZmduqw99n,I9zyEumkNRxIzJ9lhMe24gjeuA05krtaF8GygUHD,G0PLr6xT9E96wJTJXQDNB728J4rHnKFKya5jIcwT,I9zyEumkNRxIzJ9lhMe24gjeuA05krtaF8GygUHD,G97yzpX8HPnbmrVEC0Aoz2si9mlAiCfZmduqw99n
G97yzpX8HPnbmrVEC0Aoz2si9mlAiCfZmduqw99n,MOx9AM3J6rnEQQJCSsWfT7wdOetSni3OV0mrNgho,BR0isoSnDlgTmIqukAORkXTz6C9ABpEWp1Yw4Fx6,G97yzpX8HPnbmrVEC0Aoz2si9mlAiCfZmduqw99n,BR0isoSnDlgTmIqukAORkXTz6C9ABpEWp1Yw4Fx6,MOx9AM3J6rnEQQJCSsWfT7wdOetSni3OV0mrNgho
MOx9AM3J6rnEQQJCSsWfT7wdOetSni3OV0mrNgho,I9zyEumkNRxIzJ9lhMe24gjeuA05krtaF8GygUHD,0tSt4SUsOj8fKBL2OwFTAz878S85snjiNnAx7n8z,MOx9AM3J6rnEQQJCSsWfT7wdOetSni3OV0mrNgho,0tSt4SUsOj8fKBL2OwFTAz878S85snjiNnAx7n8z,I9zyEumkNRxIzJ9lhMe24gjeuA05krtaF8GygUHD
I9zyEumkNRxIzJ9lhMe24gjeuA05krtaF8GygUHD,BR0isoSnDlgTmIqukAORkXTz6C9ABpEWp1Yw4Fx6,hBG5vMBqkXoKVhe5nKFmfjAVyNoGHSr22VXcrkoN,I9zyEumkNRxIzJ9lhMe24gjeuA05krtaF8GygUHD,hBG5vMBqkXoKVhe5nKFmfjAVyNoGHSr22VXcrkoN,BR0isoSnDlgTmIqukAORkXTz6C9ABpEWp1Yw4Fx6
BR0isoSnDlgTmIqukAORkXTz6C9ABpEWp1Yw4Fx6,0tSt4SUsOj8fKBL2OwFTAz878S85snjiNnAx7n8z,G0PLr6xT9E96wJTJXQDNB728J4rHnKFKya5jIcwT,BR0isoSnDlgTmIqukAORkXTz6C9ABpEWp1Yw4Fx6,G97yzpX8HPnbmrVEC0Aoz2si9mlAiCfZmduqw99n,0tSt4SUsOj8fKBL2OwFTAz878S85snjiNnAx7n8z
0tSt4SUsOj8fKBL2OwFTAz878S85snjiNnAx7n8z,hBG5vMBqkXoKVhe5nKFmfjAVyNoGHSr22VXcrkoN,DboXcHUzjiTnEyfVzMA8hgefX2B7suIPftuPWSyq,0tSt4SUsOj8fKBL2OwFTAz878S85snjiNnAx7n8z,MOx9AM3J6rnEQQJCSsWfT7wdOetSni3OV0mrNgho,G97yzpX8HPnbmrVEC0Aoz2si9mlAiCfZmduqw99n
hBG5vMBqkXoKVhe5nKFmfjAVyNoGHSr22VXcrkoN,G0PLr6xT9E96wJTJXQDNB728J4rHnKFKya5jIcwT,G97yzpX8HPnbmrVEC0Aoz2si9mlAiCfZmduqw99n,hBG5vMBqkXoKVhe5nKFmfjAVyNoGHSr22VXcrkoN,I9zyEumkNRxIzJ9lhMe24gjeuA05krtaF8GygUHD,MOx9AM3J6rnEQQJCSsWfT7wdOetSni3OV0mrNgho
G0PLr6xT9E96wJTJXQDNB728J4rHnKFKya5jIcwT,DboXcHUzjiTnEyfVzMA8hgefX2B7suIPftuPWSyq,MOx9AM3J6rnEQQJCSsWfT7wdOetSni3OV0mrNgho,G0PLr6xT9E96wJTJXQDNB728J4rHnKFKya5jIcwT,BR0isoSnDlgTmIqukAORkXTz6C9ABpEWp1Yw4Fx6,I9zyEumkNRxIzJ9lhMe24gjeuA05krtaF8GygUHD
DboXcHUzjiTnEyfVzMA8hgefX2B7suIPftuPWSyq,neo9uYRJVawyUm1nyXvQrJxwVqapvXp6gVg6kwxr,I9zyEumkNRxIzJ9lhMe24gjeuA05krtaF8GygUHD,G97yzpX8HPnbmrVEC0Aoz2si9mlAiCfZmduqw99n,0tSt4SUsOj8fKBL2OwFTAz878S85snjiNnAx7n8z,BR0isoSnDlgTmIqukAORkXTz6C9ABpEWp1Yw4Fx6
neo9uYRJVawyUm1nyXvQrJxwVqapvXp6gVg6kwxr,nOgJEtffp9e3P1qN9pqUrIZB0WQ9VIdptmx5wtia,BR0isoSnDlgTmIqukAORkXTz6C9ABpEWp1Yw4Fx6,MOx9AM3J6rnEQQJCSsWfT7wdOetSni3OV0mrNgho,hBG5vMBqkXoKVhe5nKFmfjAVyNoGHSr22VXcrkoN,0tSt4SUsOj8fKBL2OwFTAz878S85snjiNnAx7n8z
G97yzpX8HPnbmrVEC0Aoz2si9mlAiCfZmduqw99n,G97yzpX8HPnbmrVEC0Aoz2si9mlAiCfZmduqw99n,0tSt4SUsOj8fKBL2OwFTAz878S85snjiNnAx7n8z,I9zyEumkNRxIzJ9lhMe24gjeuA05krtaF8GygUHD,G97yzpX8HPnbmrVEC0Aoz2si9mlAiCfZmduqw99n,G97yzpX8HPnbmrVEC0Aoz2si9mlAiCfZmduqw99n
MOx9AM3J6rnEQQJCSsWfT7wdOetSni3OV0mrNgho,MOx9AM3J6rnEQQJCSsWfT7wdOetSni3OV0mrNgho,hBG5vMBqkXoKVhe5nKFmfjAVyNoGHSr22VXcrkoN,BR0isoSnDlgTmIqukAORkXTz6C9ABpEWp1Yw4Fx6,MOx9AM3J6rnEQQJCSsWfT7wdOetSni3OV0mrNgho,MOx9AM3J6rnEQQJCSsWfT7wdOetSni3OV0mrNgho
I9zyEumkNRxIzJ9lhMe24gjeuA05krtaF8GygUHD,I9zyEumkNRxIzJ9lhMe24gjeuA05krtaF8GygUHD,G0PLr6xT9E96wJTJXQDNB728J4rHnKFKya5jIcwT,0tSt4SUsOj8fKBL2OwFTAz878S85snjiNnAx7n8z,I9zyEumkNRxIzJ9lhMe24gjeuA05krtaF8GygUHD,I9zyEumkNRxIzJ9lhMe24gjeuA05krtaF8GygUHD
BR0isoSnDlgTmIqukAORkXTz6C9ABpEWp1Yw4Fx6,BR0isoSnDlgTmIqukAORkXTz6C9ABpEWp1Yw4Fx6,DboXcHUzjiTnEyfVzMA8hgefX2B7suIPftuPWSyq,hBG5vMBqkXoKVhe5nKFmfjAVyNoGHSr22VXcrkoN,BR0isoSnDlgTmIqukAORkXTz6C9ABpEWp1Yw4Fx6,BR0isoSnDlgTmIqukAORkXTz6C9ABpEWp1Yw4Fx6
0tSt4SUsOj8fKBL2OwFTAz878S85snjiNnAx7n8z,0tSt4SUsOj8fKBL2OwFTAz878S85snjiNnAx7n8z,G97yzpX8HPnbmrVEC0Aoz2si9mlAiCfZmduqw99n,G0PLr6xT9E96wJTJXQDNB728J4rHnKFKya5jIcwT,0tSt4SUsOj8fKBL2OwFTAz878S85snjiNnAx7n8z,0tSt4SUsOj8fKBL2OwFTAz878S85snjiNnAx7n8z
hBG5vMBqkXoKVhe5nKFmfjAVyNoGHSr22VXcrkoN,hBG5vMBqkXoKVhe5nKFmfjAVyNoGHSr22VXcrkoN,MOx9AM3J6rnEQQJCSsWfT7wdOetSni3OV0mrNgho,G97yzpX8HPnbmrVEC0Aoz2si9mlAiCfZmduqw99n,hBG5vMBqkXoKVhe5nKFmfjAVyNoGHSr22VXcrkoN,G97yzpX8HPnbmrVEC0Aoz2si9mlAiCfZmduqw99n
G0PLr6xT9E96wJTJXQDNB728J4rHnKFKya5jIcwT,G0PLr6xT9E96wJTJXQDNB728J4rHnKFKya5jIcwT,I9zyEumkNRxIzJ9lhMe24gjeuA05krtaF8GygUHD,MOx9AM3J6rnEQQJCSsWfT7wdOetSni3OV0mrNgho,G97yzpX8HPnbmrVEC0Aoz2si9mlAiCfZmduqw99n,MOx9AM3J6rnEQQJCSsWfT7wdOetSni3OV0mrNgho
DboXcHUzjiTnEyfVzMA8hgefX2B7suIPftuPWSyq,DboXcHUzjiTnEyfVzMA8hgefX2B7suIPftuPWSyq,BR0isoSnDlgTmIqukAORkXTz6C9ABpEWp1Yw4Fx6,I9zyEumkNRxIzJ9lhMe24gjeuA05krtaF8GygUHD,MOx9AM3J6rnEQQJCSsWfT7wdOetSni3OV0mrNgho,I9zyEumkNRxIzJ9lhMe24gjeuA05krtaF8GygUHD
neo9uYRJVawyUm1nyXvQrJxwVqapvXp6gVg6kwxr,neo9uYRJVawyUm1nyXvQrJxwVqapvXp6gVg6kwxr,0tSt4SUsOj8fKBL2OwFTAz878S85snjiNnAx7n8z,BR0isoSnDlgTmIqukAORkXTz6C9ABpEWp1Yw4Fx6,I9zyEumkNRxIzJ9lhMe24gjeuA05krtaF8GygUHD,BR0isoSnDlgTmIqukAORkXTz6C9ABpEWp1Yw4Fx6
G97yzpX8HPnbmrVEC0Aoz2si9mlAiCfZmduqw99n,nOgJEtffp9e3P1qN9pqUrIZB0WQ9VIdptmx5wtia,hBG5vMBqkXoKVhe5nKFmfjAVyNoGHSr22VXcrkoN,0tSt4SUsOj8fKBL2OwFTAz878S85snjiNnAx7n8z,BR0isoSnDlgTmIqukAORkXTz6C9ABpEWp1Yw4Fx6,0tSt4SUsOj8fKBL2OwFTAz878S85snjiNnAx7n8z
MOx9AM3J6rnEQQJCSsWfT7wdOetSni3OV0mrNgho,G97yzpX8HPnbmrVEC0Aoz2si9mlAiCfZmduqw99n,G0PLr6xT9E96wJTJXQDNB728J4rHnKFKya5jIcwT,hBG5vMBqkXoKVhe5nKFmfjAVyNoGHSr22VXcrkoN,0tSt4SUsOj8fKBL2OwFTAz878S85snjiNnAx7n8z,G97yzpX8HPnbmrVEC0Aoz2si9mlAiCfZmduqw99n
I9zyEumkNRxIzJ9lhMe24gjeuA05krtaF8GygUHD,MOx9AM3J6rnEQQJCSsWfT7wdOetSni3OV0mrNgho,DboXcHUzjiTnEyfVzMA8hgefX2B7suIPftuPWSyq,G0PLr6xT9E96wJTJXQDNB728J4rHnKFKya5jIcwT,hBG5vMBqkXoKVhe5nKFmfjAVyNoGHSr22VXcrkoN,MOx9AM3J6rnEQQJCSsWfT7wdOetSni3OV0mrNgho
BR0isoSnDlgTmIqukAORkXTz6C9ABpEWp1Yw4Fx6,I9zyEumkNRxIzJ9lhMe24gjeuA05krtaF8GygUHD,G97yzpX8HPnbmrVEC0Aoz2si9mlAiCfZmduqw99n,G97yzpX8HPnbmrVEC0Aoz2si9mlAiCfZmduqw99n,G97yzpX8HPnbmrVEC0Aoz2si9mlAiCfZmduqw99n,I9zyEumkNRxIzJ9lhMe24gjeuA05krtaF8GygUHD
0tSt4SUsOj8fKBL2OwFTAz878S85snjiNnAx7n8z,BR0isoSnDlgTmIqukAORkXTz6C9ABpEWp1Yw4Fx6,MOx9AM3J6rnEQQJCSsWfT7wdOetSni3OV0mrNgho,MOx9AM3J6rnEQQJCSsWfT7wdOetSni3OV0mrNgho,MOx9AM3J6rnEQQJCSsWfT7wdOetSni3OV0mrNgho,BR0isoSnDlgTmIqukAORkXTz6C9ABpEWp1Yw4Fx6
hBG5vMBqkXoKVhe5nKFmfjAVyNoGHSr22VXcrkoN,0tSt4SUsOj8fKBL2OwFTAz878S85snjiNnAx7n8z,I9zyEumkNRxIzJ9lhMe24gjeuA05krtaF8GygUHD,I9zyEumkNRxIzJ9lhMe24gjeuA05krtaF8GygUHD,I9zyEumkNRxIzJ9lhMe24gjeuA05krtaF8GygUHD,0tSt4SUsOj8fKBL2OwFTAz878S85snjiNnAx7n8z
G0PLr6xT9E96wJTJXQDNB728J4rHnKFKya5jIcwT,hBG5vMBqkXoKVhe5nKFmfjAVyNoGHSr22VXcrkoN,BR0isoSnDlgTmIqukAORkXTz6C9ABpEWp1Yw4Fx6,BR0isoSnDlgTmIqukAORkXTz6C9ABpEWp1Yw4Fx6,BR0isoSnDlgTmIqukAORkXTz6C9ABpEWp1Yw4Fx6,G97yzpX8HPnbmrVEC0Aoz2si9mlAiCfZmduqw99n
DboXcHUzjiTnEyfVzMA8hgefX2B7suIPftuPWSyq,G0PLr6xT9E96wJTJXQDNB728J4rHnKFKya5jIcwT,0tSt4SUsOj8fKBL2OwFTAz878S85snjiNnAx7n8z,0tSt4SUsOj8fKBL2OwFTAz878S85snjiNnAx7n8z,0tSt4SUsOj8fKBL2OwFTAz878S85snjiNnAx7n8z,MOx9AM3J6rnEQQJCSsWfT7wdOetSni3OV0mrNgho
neo9uYRJVawyUm1nyXvQrJxwVqapvXp6gVg6kwxr,DboXcHUzjiTnEyfVzMA8hgefX2B7suIPftuPWSyq,hBG5vMBqkXoKVhe5nKFmfjAVyNoGHSr22VXcrkoN,hBG5vMBqkXoKVhe5nKFmfjAVyNoGHSr22VXcrkoN,hBG5vMBqkXoKVhe5nKFmfjAVyNoGHSr22VXcrkoN,I9zyEumkNRxIzJ9lhMe24gjeuA05krtaF8GygUHD
G97yzpX8HPnbmrVEC0Aoz2si9mlAiCfZmduqw99n,neo9uYRJVawyUm1nyXvQrJxwVqapvXp6gVg6kwxr,G0PLr6xT9E96wJTJXQDNB728J4rHnKFKya5jIcwT,G0PLr6xT9E96wJTJXQDNB728J4rHnKFKya5jIcwT,G97yzpX8HPnbmrVEC0Aoz2si9mlAiCfZmduqw99n,BR0isoSnDlgTmIqukAORkXTz6C9ABpEWp1Yw4Fx6
MOx9AM3J6rnEQQJCSsWfT7wdOetSni3OV0mrNgho,nOgJEtffp9e3P1qN9pqUrIZB0WQ9VIdptmx5wtia,DboXcHUzjiTnEyfVzMA8hgefX2B7suIPftuPWSyq,G97yzpX8HPnbmrVEC0Aoz2si9mlAiCfZmduqw99n,MOx9AM3J6rnEQQJCSsWfT7wdOetSni3OV0mrNgho,0tSt4SUsOj8fKBL2OwFTAz878S85snjiNnAx7n8z
I9zyEumkNRxIzJ9lhMe24gjeuA05krtaF8GygUHD,G97yzpX8HPnbmrVEC0Aoz2si9mlAiCfZmduqw99n,G97yzpX8HPnbmrVEC0Aoz2si9mlAiCfZmduqw99n,MOx9AM3J6rnEQQJCSsWfT7wdOetSni3OV0mrNgho,I9zyEumkNRxIzJ9lhMe24gjeuA05krtaF8GygUHD,G97yzpX8HPnbmrVEC0Aoz2si9mlAiCfZmduqw99n
BR0isoSnDlgTmIqukAORkXTz6C9ABpEWp1Yw4Fx6,MOx9AM3J6rnEQQJCSsWfT7wdOetSni3OV0mrNgho,MOx9AM3J6rnEQQJCSsWfT7wdOetSni3OV0mrNgho,I9zyEumkNRxIzJ9lhMe24gjeuA05krtaF8GygUHD,BR0isoSnDlgTmIqukAORkXTz6C9ABpEWp1Yw4Fx6,MOx9AM3J6rnEQQJCSsWfT7wdOetSni3OV0mrNgho
0tSt4SUsOj8fKBL2OwFTAz878S85snjiNnAx7n8z,I9zyEumkNRxIzJ9lhMe24gjeuA05krtaF8GygUHD,I9zyEumkNRxIzJ9lhMe24gjeuA05krtaF8GygUHD,BR0isoSnDlgTmIqukAORkXTz6C9ABpEWp1Yw4Fx6,0tSt4SUsOj8fKBL2OwFTAz878S85snjiNnAx7n8z,I9zyEumkNRxIzJ9lhMe24gjeuA05krtaF8GygUHD
hBG5vMBqkXoKVhe5nKFmfjAVyNoGHSr22VXcrkoN,BR0isoSnDlgTmIqukAORkXTz6C9ABpEWp1Yw4Fx6,BR0isoSnDlgTmIqukAORkXTz6C9ABpEWp1Yw4Fx6,0tSt4SUsOj8fKBL2OwFTAz878S85snjiNnAx7n8z,hBG5vMBqkXoKVhe5nKFmfjAVyNoGHSr22VXcrkoN,BR0isoSnDlgTmIqukAORkXTz6C9ABpEWp1Yw4Fx6
G0PLr6xT9E96wJTJXQDNB728J4rHnKFKya5jIcwT,0tSt4SUsOj8fKBL2OwFTAz878S85snjiNnAx7n8z,0tSt4SUsOj8fKBL2OwFTAz878S85snjiNnAx7n8z,hBG5vMBqkXoKVhe5nKFmfjAVyNoGHSr22VXcrkoN,G97yzpX8HPnbmrVEC0Aoz2si9mlAiCfZmduqw99n,0tSt4SUsOj8fKBL2OwFTAz878S85snjiNnAx7n8z
DboXcHUzjiTnEyfVzMA8hgefX2B7suIPftuPWSyq,hBG5vMBqkXoKVhe5nKFmfjAVyNoGHSr22VXcrkoN,hBG5vMBqkXoKVhe5nKFmfjAVyNoGHSr22VXcrkoN,G0PLr6xT9E96wJTJXQDNB728J4rHnKFKya5jIcwT,MOx9AM3J6rnEQQJCSsWfT7wdOetSni3OV0mrNgho,G97yzpX8HPnbmrVEC0Aoz2si9mlAiCfZmduqw99n
neo9uYRJVawyUm1nyXvQrJxwVqapvXp6gVg6kwxr,G0PLr6xT9E96wJTJXQDNB728J4rHnKFKya5jIcwT,G0PLr6xT9E96wJTJXQDNB728J4rHnKFKya5jIcwT,G97yzpX8HPnbmrVEC0Aoz2si9mlAiCfZmduqw99n,I9zyEumkNRxIzJ9lhMe24gjeuA05krtaF8GygUHD,MOx9AM3J6rnEQQJCSsWfT7wdOetSni3OV0mrNgho
G97yzpX8HPnbmrVEC0Aoz2si9mlAiCfZmduqw99n,DboXcHUzjiTnEyfVzMA8hgefX2B7suIPftuPWSyq,DboXcHUzjiTnEyfVzMA8hgefX2B7suIPftuPWSyq,MOx9AM3J6rnEQQJCSsWfT7wdOetSni3OV0mrNgho,BR0isoSnDlgTmIqukAORkXTz6C9ABpEWp1Yw4Fx6,I9zyEumkNRxIzJ9lhMe24gjeuA05krtaF8GygUHD
MOx9AM3J6rnEQQJCSsWfT7wdOetSni3OV0mrNgho,neo9uYRJVawyUm1nyXvQrJxwVqapvXp6gVg6kwxr,G97yzpX8HPnbmrVEC0Aoz2si9mlAiCfZmduqw99n,I9zyEumkNRxIzJ9lhMe24gjeuA05krtaF8GygUHD,0tSt4SUsOj8fKBL2OwFTAz878S85snjiNnAx7n8z,BR0isoSnDlgTmIqukAORkXTz6C9ABpEWp1Yw4Fx6
I9zyEumkNRxIzJ9lhMe24gjeuA05krtaF8GygUHD,nOgJEtffp9e3P1qN9pqUrIZB0WQ9VIdptmx5wtia,MOx9AM3J6rnEQQJCSsWfT7wdOetSni3OV0mrNgho,BR0isoSnDlgTmIqukAORkXTz6C9ABpEWp1Yw4Fx6,hBG5vMBqkXoKVhe5nKFmfjAVyNoGHSr22VXcrkoN,0tSt4SUsOj8fKBL2OwFTAz878S85snjiNnAx7n8z
BR0isoSnDlgTmIqukAORkXTz6C9ABpEWp1Yw4Fx6,G97yzpX8HPnbmrVEC0Aoz2si9mlAiCfZmduqw99n,I9zyEumkNRxIzJ9lhMe24gjeuA05krtaF8GygUHD,0tSt4SUsOj8fKBL2OwFTAz878S85snjiNnAx7n8z,G97yzpX8HPnbmrVEC0Aoz2si9mlAiCfZmduqw99n,G97yzpX8HPnbmrVEC0Aoz2si9mlAiCfZmduqw99n
0tSt4SUsOj8fKBL2OwFTAz878S85snjiNnAx7n8z,MOx9AM3J6rnEQQJCSsWfT7wdOetSni3OV0mrNgho,BR0isoSnDlgTmIqukAORkXTz6C9ABpEWp1Yw4Fx6,hBG5vMBqkXoKVhe5nKFmfjAVyNoGHSr22VXcrkoN,MOx9AM3J6rnEQQJCSsWfT7wdOetSni3OV0mrNgho,MOx9AM3J6rnEQQJCSsWfT7wdOetSni3OV0mrNgho
hBG5vMBqkXoKVhe5nKFmfjAVyNoGHSr22VXcrkoN,I9zyEumkNRxIzJ9lhMe24gjeuA05krtaF8GygUHD,0tSt4SUsOj8fKBL2OwFTAz878S85snjiNnAx7n8z,G0PLr6xT9E96wJTJXQDNB728J4rHnKFKya5jIcwT,I9zyEumkNRxIzJ9lhMe24gjeuA05krtaF8GygUHD,I9zyEumkNRxIzJ9lhMe24gjeuA05krtaF8GygUHD
G0PLr6xT9E96wJTJXQDNB728J4rHnKFKya5jIcwT,BR0isoSnDlgTmIqukAORkXTz6C9ABpEWp1Yw4Fx6,hBG5vMBqkXoKVhe5nKFmfjAVyNoGHSr22VXcrkoN,G97yzpX8HPnbmrVEC0Aoz2si9mlAiCfZmduqw99n,BR0isoSnDlgTmIqukAORkXTz6C9ABpEWp1Yw4Fx6,BR0isoSnDlgTmIqukAORkXTz6C9ABpEWp1Yw4Fx6
DboXcHUzjiTnEyfVzMA8hgefX2B7suIPftuPWSyq,0tSt4SUsOj8fKBL2OwFTAz878S85snjiNnAx7n8z,G0PLr6xT9E96wJTJXQDNB728J4rHnKFKya5jIcwT,MOx9AM3J6rnEQQJCSsWfT7wdOetSni3OV0mrNgho,0tSt4SUsOj8fKBL2OwFTAz878S85snjiNnAx7n8z,0tSt4SUsOj8fKBL2OwFTAz878S85snjiNnAx7n8z
neo9uYRJVawyUm1nyXvQrJxwVqapvXp6gVg6kwxr,hBG5vMBqkXoKVhe5nKFmfjAVyNoGHSr22VXcrkoN,DboXcHUzjiTnEyfVzMA8hgefX2B7suIPftuPWSyq,I9zyEumkNRxIzJ9lhMe24gjeuA05krtaF8GygUHD,hBG5vMBqkXoKVhe5nKFmfjAVyNoGHSr22VXcrkoN,G97yzpX8HPnbmrVEC0Aoz2si9mlAiCfZmduqw99n
G97yzpX8HPnbmrVEC0Aoz2si9mlAiCfZmduqw99n,G0PLr6xT9E96wJTJXQDNB728J4rHnKFKya5jIcwT,G97yzpX8HPnbmrVEC0Aoz2si9mlAiCfZmduqw99n,BR0isoSnDlgTmIqukAORkXTz6C9ABpEWp1Yw4Fx6,G97yzpX8HPnbmrVEC0Aoz2si9mlAiCfZmduqw99n,MOx9AM3J6rnEQQJCSsWfT7wdOetSni3OV0mrNgho
MOx9AM3J6rnEQQJCSsWfT7wdOetSni3OV0mrNgho,DboXcHUzjiTnEyfVzMA8hgefX2B7suIPftuPWSyq,MOx9AM3J6rnEQQJCSsWfT7wdOetSni3OV0mrNgho,0tSt4SUsOj8fKBL2OwFTAz878S85snjiNnAx7n8z,MOx9AM3J6rnEQQJCSsWfT7wdOetSni3OV0mrNgho,I9zyEumkNRxIzJ9lhMe24gjeuA05krtaF8GygUHD
I9zyEumkNRxIzJ9lhMe24gjeuA05krtaF8GygUHD,neo9uYRJVawyUm1nyXvQrJxwVqapvXp6gVg6kwxr,I9zyEumkNRxIzJ9lhMe24gjeuA05krtaF8GygUHD,hBG5vMBqkXoKVhe5nKFmfjAVyNoGHSr22VXcrkoN,I9zyEumkNRxIzJ9lhMe24gjeuA05krtaF8GygUHD,BR0isoSnDlgTmIqukAORkXTz6C9ABpEWp1Yw4Fx6
BR0isoSnDlgTmIqukAORkXTz6C9ABpEWp1Yw4Fx6,nOgJEtffp9e3P1qN9pqUrIZB0WQ9VIdptmx5wtia,BR0isoSnDlgTmIqukAORkXTz6C9ABpEWp1Yw4Fx6,G0PLr6xT9E96wJTJXQDNB728J4rHnKFKya5jIcwT,BR0isoSnDlgTmIqukAORkXTz6C9ABpEWp1Yw4Fx6,0tSt4SUsOj8fKBL2OwFTAz878S85snjiNnAx7n8z
0tSt4SUsOj8fKBL2OwFTAz878S85snjiNnAx7n8z,G97yzpX8HPnbmrVEC0Aoz2si9mlAiCfZmduqw99n,0tSt4SUsOj8fKBL2OwFTAz878S85snjiNnAx7n8z,G97yzpX8HPnbmrVEC0Aoz2si9mlAiCfZmduqw99n,0tSt4SUsOj8fKBL2OwFTAz878S85snjiNnAx7n8z,G97yzpX8HPnbmrVEC0Aoz2si9mlAiCfZmduqw99n
hBG5vMBqkXoKVhe5nKFmfjAVyNoGHSr22VXcrkoN,MOx9AM3J6rnEQQJCSsWfT7wdOetSni3OV0mrNgho,hBG5vMBqkXoKVhe5nKFmfjAVyNoGHSr22VXcrkoN,MOx9AM3J6rnEQQJCSsWfT7wdOetSni3OV0mrNgho,hBG5vMBqkXoKVhe5nKFmfjAVyNoGHSr22VXcrkoN,MOx9AM3J6rnEQQJCSsWfT7wdOetSni3OV0mrNgho
G0PLr6xT9E96wJTJXQDNB728J4rHnKFKya5jIcwT,I9zyEumkNRxIzJ9lhMe24gjeuA05krtaF8GygUHD,G0PLr6xT9E96wJTJXQDNB728J4rHnKFKya5jIcwT,I9zyEumkNRxIzJ9lhMe24gjeuA05krtaF8GygUHD,G97yzpX8HPnbmrVEC0Aoz2si9mlAiCfZmduqw99n,I9zyEumkNRxIzJ9lhMe24gjeuA05krtaF8GygUHD
DboXcHUzjiTnEyfVzMA8hgefX2B7suIPftuPWSyq,BR0isoSnDlgTmIqukAORkXTz6C9ABpEWp1Yw4Fx6,DboXcHUzjiTnEyfVzMA8hgefX2B7suIPftuPWSyq,BR0isoSnDlgTmIqukAORkXTz6C9ABpEWp1Yw4Fx6,MOx9AM3J6rnEQQJCSsWfT7wdOetSni3OV0mrNgho,BR0isoSnDlgTmIqukAORkXTz6C9ABpEWp1Yw4Fx6
neo9uYRJVawyUm1nyXvQrJxwVqapvXp6gVg6kwxr,0tSt4SUsOj8fKBL2OwFTAz878S85snjiNnAx7n8z,G97yzpX8HPnbmrVEC0Aoz2si9mlAiCfZmduqw99n,0tSt4SUsOj8fKBL2OwFTAz878S85snjiNnAx7n8z,I9zyEumkNRxIzJ9lhMe24gjeuA05krtaF8GygUHD,0tSt4SUsOj8fKBL2OwFTAz878S85snjiNnAx7n8z
G97yzpX8HPnbmrVEC0Aoz2si9mlAiCfZmduqw99n,hBG5vMBqkXoKVhe5nKFmfjAVyNoGHSr22VXcrkoN,MOx9AM3J6rnEQQJCSsWfT7wdOetSni3OV0mrNgho,hBG5vMBqkXoKVhe5nKFmfjAVyNoGHSr22VXcrkoN,BR0isoSnDlgTmIqukAORkXTz6C9ABpEWp1Yw4Fx6,G97yzpX8HPnbmrVEC0Aoz2si9mlAiCfZmduqw99n
MOx9AM3J6rnEQQJCSsWfT7wdOetSni3OV0mrNgho,G0PLr6xT9E96wJTJXQDNB728J4rHnKFKya5jIcwT,I9zyEumkNRxIzJ9lhMe24gjeuA05krtaF8GygUHD,G0PLr6xT9E96wJTJXQDNB728J4rHnKFKya5jIcwT,0tSt4SUsOj8fKBL2OwFTAz878S85snjiNnAx7n8z,MOx9AM3J6rnEQQJCSsWfT7wdOetSni3OV0mrNgho
I9zyEumkNRxIzJ9lhMe24gjeuA05krtaF8GygUHD,DboXcHUzjiTnEyfVzMA8hgefX2B7suIPftuPWSyq,BR0isoSnDlgTmIqukAORkXTz6C9ABpEWp1Yw4Fx6,G97yzpX8HPnbmrVEC0Aoz2si9mlAiCfZmduqw99n,hBG5vMBqkXoKVhe5nKFmfjAVyNoGHSr22VXcrkoN,I9zyEumkNRxIzJ9lhMe24gjeuA05krtaF8GygUHD
BR0isoSnDlgTmIqukAORkXTz6C9ABpEWp1Yw4Fx6,neo9uYRJVawyUm1nyXvQrJxwVqapvXp6gVg6kwxr,0tSt4SUsOj8fKBL2OwFTAz878S85snjiNnAx7n8z,MOx9AM3J6rnEQQJCSsWfT7wdOetSni3OV0mrNgho,G97yzpX8HPnbmrVEC0Aoz2si9mlAiCfZmduqw99n,BR0isoSnDlgTmIqukAORkXTz6C9ABpEWp1Yw4Fx6
0tSt4SUsOj8fKBL2OwFTAz878S85snjiNnAx7n8z,nOgJEtffp9e3P1qN9pqUrIZB0WQ9VIdptmx5wtia,hBG5vMBqkXoKVhe5nKFmfjAVyNoGHSr22VXcrkoN,I9zyEumkNRxIzJ9lhMe24gjeuA05krtaF8GygUHD,MOx9AM3J6rnEQQJCSsWfT7wdOetSni3OV0mrNgho,0tSt4SUsOj8fKBL2OwFTAz878S85snjiNnAx7n8z
hBG5vMBqkXoKVhe5nKFmfjAVyNoGHSr22VXcrkoN,G97yzpX8HPnbmrVEC0Aoz2si9mlAiCfZmduqw99n,G0PLr6xT9E96wJTJXQDNB728J4rHnKFKya5jIcwT,BR0isoSnDlgTmIqukAORkXTz6C9ABpEWp1Yw4Fx6,I9zyEumkNRxIzJ9lhMe24gjeuA05krtaF8GygUHD,G97yzpX8HPnbmrVEC0Aoz2si9mlAiCfZmduqw99n
G0PLr6xT9E96wJTJXQDNB728J4rHnKFKya5jIcwT,MOx9AM3J6rnEQQJCSsWfT7wdOetSni3OV0mrNgho,DboXcHUzjiTnEyfVzMA8hgefX2B7suIPftuPWSyq,0tSt4SUsOj8fKBL2OwFTAz878S85snjiNnAx7n8z,BR0isoSnDlgTmIqukAORkXTz6C9ABpEWp1Yw4Fx6,MOx9AM3J6rnEQQJCSsWfT7wdOetSni3OV0mrNgho
DboXcHUzjiTnEyfVzMA8hgefX2B7suIPftuPWSyq,I9zyEumkNRxIzJ9lhMe24gjeuA05krtaF8GygUHD,G97yzpX8HPnbmrVEC0Aoz2si9mlAiCfZmduqw99n,hBG5vMBqkXoKVhe5nKFmfjAVyNoGHSr22VXcrkoN,0tSt4SUsOj8fKBL2OwFTAz878S85snjiNnAx7n8z,I9zyEumkNRxIzJ9lhMe24gjeuA05krtaF8GygUHD
neo9uYRJVawyUm1nyXvQrJxwVqapvXp6gVg6kwxr,BR0isoSnDlgTmIqukAORkXTz6C9ABpEWp1Yw4Fx6,MOx9AM3J6rnEQQJCSsWfT7wdOetSni3OV0mrNgho,G0PLr6xT9E96wJTJXQDNB728J4rHnKFKya5jIcwT,hBG5vMBqkXoKVhe5nKFmfjAVyNoGHSr22VXcrkoN,BR0isoSnDlgTmIqukAORkXTz6C9ABpEWp1Yw4Fx6
G97yzpX8HPnbmrVEC0Aoz2si9mlAiCfZmduqw99n,0tSt4SUsOj8fKBL2OwFTAz878S85snjiNnAx7n8z,I9zyEumkNRxIzJ9lhMe24gjeuA05krtaF8GygUHD,G97yzpX8HPnbmrVEC0Aoz2si9mlAiCfZmduqw99n,G97yzpX8HPnbmrVEC0Aoz2si9mlAiCfZmduqw99n,0tSt4SUsOj8fKBL2OwFTAz878S85snjiNnAx7n8z
MOx9AM3J6rnEQQJCSsWfT7wdOetSni3OV0mrNgho,hBG5vMBqkXoKVhe5nKFmfjAVyNoGHSr22VXcrkoN,BR0isoSnDlgTmIqukAORkXTz6C9ABpEWp1Yw4Fx6,MOx9AM3J6rnEQQJCSsWfT7wdOetSni3OV0mrNgho,MOx9AM3J6rnEQQJCSsWfT7wdOetSni3OV0mrNgho,G97yzpX8HPnbmrVEC0Aoz2si9mlAiCfZmduqw99n
I9zyEumkNRxIzJ9lhMe24gjeuA05krtaF8GygUHD,G0PLr6xT9E96wJTJXQDNB728J4rHnKFKya5jIcwT,0tSt4SUsOj8fKBL2OwFTAz878S85snjiNnAx7n8z,I9zyEumkNRxIzJ9lhMe24gjeuA05krtaF8GygUHD,I9zyEumkNRxIzJ9lhMe24gjeuA05krtaF8GygUHD,MOx9AM3J6rnEQQJCSsWfT7wdOetSni3OV0mrNgho
BR0isoSnDlgTmIqukAORkXTz6C9ABpEWp1Yw4Fx6,DboXcHUzjiTnEyfVzMA8hgefX2B7suIPftuPWSyq,hBG5vMBqkXoKVhe5nKFmfjAVyNoGHSr22VXcrkoN,BR0isoSnDlgTmIqukAORkXTz6C9ABpEWp1Yw4Fx6,BR0isoSnDlgTmIqukAORkXTz6C9ABpEWp1Yw4Fx6,I9zyEumkNRxIzJ9lhMe24gjeuA05krtaF8GygUHD
0tSt4SUsOj8fKBL2OwFTAz878S85snjiNnAx7n8z,neo9uYRJVawyUm1nyXvQrJxwVqapvXp6gVg6kwxr,G0PLr6xT9E96wJTJXQDNB728J4rHnKFKya5jIcwT,0tSt4SUsOj8fKBL2OwFTAz878S85snjiNnAx7n8z,0tSt4SUsOj8fKBL2OwFTAz878S85snjiNnAx7n8z,BR0isoSnDlgTmIqukAORkXTz6C9ABpEWp1Yw4Fx6
hBG5vMBqkXoKVhe5nKFmfjAVyNoGHSr22VXcrkoN,nOgJEtffp9e3P1qN9pqUrIZB0WQ9VIdptmx5wtia,DboXcHUzjiTnEyfVzMA8hgefX2B7suIPftuPWSyq,hBG5vMBqkXoKVhe5nKFmfjAVyNoGHSr22VXcrkoN,hBG5vMBqkXoKVhe5nKFmfjAVyNoGHSr22VXcrkoN,0tSt4SUsOj8fKBL2OwFTAz878S85snjiNnAx7n8z
G0PLr6xT9E96wJTJXQDNB728J4rHnKFKya5jIcwT,G97yzpX8HPnbmrVEC0Aoz2si9mlAiCfZmduqw99n,G97yzpX8HPnbmrVEC0Aoz2si9mlAiCfZmduqw99n,G0PLr6xT9E96wJTJXQDNB728J4rHnKFKya5jIcwT,G97yzpX8HPnbmrVEC0Aoz2si9mlAiCfZmduqw99n,G97yzpX8HPnbmrVEC0Aoz2si9mlAiCfZmduqw99n
DboXcHUzjiTnEyfVzMA8hgefX2B7suIPftuPWSyq,MOx9AM3J6rnEQQJCSsWfT7wdOetSni3OV0mrNgho,MOx9AM3J6rnEQQJCSsWfT7wdOetSni3OV0mrNgho,G97yzpX8HPnbmrVEC0Aoz2si9mlAiCfZmduqw99n,MOx9AM3J6rnEQQJCSsWfT7wdOetSni3OV0mrNgho,MOx9AM3J6rnEQQJCSsWfT7wdOetSni3OV0mrNgho
neo9uYRJVawyUm1nyXvQrJxwVqapvXp6gVg6kwxr,I9zyEumkNRxIzJ9lhMe24gjeuA05krtaF8GygUHD,I9zyEumkNRxIzJ9lhMe24gjeuA05krtaF8GygUHD,MOx9AM3J6rnEQQJCSsWfT7wdOetSni3OV0mrNgho,I9zyEumkNRxIzJ9lhMe24gjeuA05krtaF8GygUHD,I9zyEumkNRxIzJ9lhMe24gjeuA05krtaF8GygUHD
G97yzpX8HPnbmrVEC0Aoz2si9mlAiCfZmduqw99n,BR0isoSnDlgTmIqukAORkXTz6C9ABpEWp1Yw4Fx6,BR0isoSnDlgTmIqukAORkXTz6C9ABpEWp1Yw4Fx6,I9zyEumkNRxIzJ9lhMe24gjeuA05krtaF8GygUHD,BR0isoSnDlgTmIqukAORkXTz6C9ABpEWp1Yw4Fx6,BR0isoSnDlgTmIqukAORkXTz6C9ABpEWp1Yw4Fx6
MOx9AM3J6rnEQQJCSsWfT7wdOetSni3OV0mrNgho,0tSt4SUsOj8fKBL2OwFTAz878S85snjiNnAx7n8z,0tSt4SUsOj8fKBL2OwFTAz878S85snjiNnAx7n8z,BR0isoSnDlgTmIqukAORkXTz6C9ABpEWp1Yw4Fx6,0tSt4SUsOj8fKBL2OwFTAz878S85snjiNnAx7n8z,0tSt4SUsOj8fKBL2OwFTAz878S85snjiNnAx7n8z
I9zyEumkNRxIzJ9lhMe24gjeuA05krtaF8GygUHD,hBG5vMBqkXoKVhe5nKFmfjAVyNoGHSr22VXcrkoN,hBG5vMBqkXoKVhe5nKFmfjAVyNoGHSr22VXcrkoN,0tSt4SUsOj8fKBL2OwFTAz878S85snjiNnAx7n8z,hBG5vMBqkXoKVhe5nKFmfjAVyNoGHSr22VXcrkoN,G97yzpX8HPnbmrVEC0Aoz2si9mlAiCfZmduqw99n
BR0isoSnDlgTmIqukAORkXTz6C9ABpEWp1Yw4Fx6,G0PLr6xT9E96wJTJXQDNB728J4rHnKFKya5jIcwT,G0PLr6xT9E96wJTJXQDNB728J4rHnKFKya5jIcwT,hBG5vMBqkXoKVhe5nKFmfjAVyNoGHSr22VXcrkoN,G97yzpX8HPnbmrVEC0Aoz2si9mlAiCfZmduqw99n,MOx9AM3J6rnEQQJCSsWfT7wdOetSni3OV0mrNgho
0tSt4SUsOj8fKBL2OwFTAz878S85snjiNnAx7n8z,DboXcHUzjiTnEyfVzMA8hgefX2B7suIPftuPWSyq,DboXcHUzjiTnEyfVzMA8hgefX2B7suIPftuPWSyq,G0PLr6xT9E96wJTJXQDNB728J4rHnKFKya5jIcwT,MOx9AM3J6rnEQQJCSsWfT7wdOetSni3OV0mrNgho,I9zyEumkNRxIzJ9lhMe24gjeuA05krtaF8GygUHD
hBG5vMBqkXoKVhe5nKFmfjAVyNoGHSr22VXcrkoN,neo9uYRJVawyUm1nyXvQrJxwVqapvXp6gVg6kwxr,G97yzpX8HPnbmrVEC0Aoz2si9mlAiCfZmduqw99n,G97yzpX8HPnbmrVEC0Aoz2si9mlAiCfZmduqw99n,I9zyEumkNRxIzJ9lhMe24gjeuA05krtaF8GygUHD,BR0isoSnDlgTmIqukAORkXTz6C9ABpEWp1Yw4Fx6
G0PLr6xT9E96wJTJXQDNB728J4rHnKFKya5jIcwT,nOgJEtffp9e3P1qN9pqUrIZB0WQ9VIdptmx5wtia,MOx9AM3J6rnEQQJCSsWfT7wdOetSni3OV0mrNgho,MOx9AM3J6rnEQQJCSsWfT7wdOetSni3OV0mrNgho,BR0isoSnDlgTmIqukAORkXTz6C9ABpEWp1Yw4Fx6,0tSt4SUsOj8fKBL2OwFTAz878S85snjiNnAx7n8z
DboXcHUzjiTnEyfVzMA8hgefX2B7suIPftuPWSyq,G97yzpX8HPnbmrVEC0Aoz2si9mlAiCfZmduqw99n,I9zyEumkNRxIzJ9lhMe24gjeuA05krtaF8GygUHD,I9zyEumkNRxIzJ9lhMe24gjeuA05krtaF8GygUHD,0tSt4SUsOj8fKBL2OwFTAz878S85snjiNnAx7n8z,G97yzpX8HPnbmrVEC0Aoz2si9mlAiCfZmduqw99n
neo9uYRJVawyUm1nyXvQrJxwVqapvXp6gVg6kwxr,MOx9AM3J6rnEQQJCSsWfT7wdOetSni3OV0mrNgho,BR0isoSnDlgTmIqukAORkXTz6C9ABpEWp1Yw4Fx6,BR0isoSnDlgTmIqukAORkXTz6C9ABpEWp1Yw4Fx6,hBG5vMBqkXoKVhe5nKFmfjAVyNoGHSr22VXcrkoN,MOx9AM3J6rnEQQJCSsWfT7wdOetSni3OV0mrNgho
G97yzpX8HPnbmrVEC0Aoz2si9mlAiCfZmduqw99n,I9zyEumkNRxIzJ9lhMe24gjeuA05krtaF8GygUHD,0tSt4SUsOj8fKBL2OwFTAz878S85snjiNnAx7n8z,0tSt4SUsOj8fKBL2OwFTAz878S85snjiNnAx7n8z,G97yzpX8HPnbmrVEC0Aoz2si9mlAiCfZmduqw99n,I9zyEumkNRxIzJ9lhMe24gjeuA05krtaF8GygUHD
MOx9AM3J6rnEQQJCSsWfT7wdOetSni3OV0mrNgho,BR0isoSnDlgTmIqukAORkXTz6C9ABpEWp1Yw4Fx6,hBG5vMBqkXoKVhe5nKFmfjAVyNoGHSr22VXcrkoN,hBG5vMBqkXoKVhe5nKFmfjAVyNoGHSr22VXcrkoN,MOx9AM3J6rnEQQJCSsWfT7wdOetSni3OV0mrNgho,BR0isoSnDlgTmIqukAORkXTz6C9ABpEWp1Yw4Fx6
I9zyEumkNRxIzJ9lhMe24gjeuA05krtaF8GygUHD,0tSt4SUsOj8fKBL2OwFTAz878S85snjiNnAx7n8z,G0PLr6xT9E96wJTJXQDNB728J4rHnKFKya5jIcwT,G0PLr6xT9E96wJTJXQDNB728J4rHnKFKya5jIcwT,I9zyEumkNRxIzJ9lhMe24gjeuA05krtaF8GygUHD,0tSt4SUsOj8fKBL2OwFTAz878S85snjiNnAx7n8z
BR0isoSnDlgTmIqukAORkXTz6C9ABpEWp1Yw4Fx6,hBG5vMBqkXoKVhe5nKFmfjAVyNoGHSr22VXcrkoN,DboXcHUzjiTnEyfVzMA8hgefX2B7suIPftuPWSyq,G97yzpX8HPnbmrVEC0Aoz2si9mlAiCfZmduqw99n,BR0isoSnDlgTmIqukAORkXTz6C9ABpEWp1Yw4Fx6,G97yzpX8HPnbmrVEC0Aoz2si9mlAiCfZmduqw99n
0tSt4SUsOj8fKBL2OwFTAz878S85snjiNnAx7n8z,G0PLr6xT9E96wJTJXQDNB728J4rHnKFKya5jIcwT,G97yzpX8HPnbmrVEC0Aoz2si9mlAiCfZmduqw99n,MOx9AM3J6rnEQQJCSsWfT7wdOetSni3OV0mrNgho,0tSt4SUsOj8fKBL2OwFTAz878S85snjiNnAx7n8z,MOx9AM3J6rnEQQJCSsWfT7wdOetSni3OV0mrNgho
hBG5vMBqkXoKVhe5nKFmfjAVyNoGHSr22VXcrkoN,DboXcHUzjiTnEyfVzMA8hgefX2B7suIPftuPWSyq,MOx9AM3J6rnEQQJCSsWfT7wdOetSni3OV0mrNgho,I9zyEumkNRxIzJ9lhMe24gjeuA05krtaF8GygUHD,hBG5vMBqkXoKVhe5nKFmfjAVyNoGHSr22VXcrkoN,I9zyEumkNRxIzJ9lhMe24gjeuA05krtaF8GygUHD
G0PLr6xT9E96wJTJXQDNB728J4rHnKFKya5jIcwT,neo9uYRJVawyUm1nyXvQrJxwVqapvXp6gVg6kwxr,I9zyEumkNRxIzJ9lhMe24gjeuA05krtaF8GygUHD,BR0isoSnDlgTmIqukAORkXTz6C9ABpEWp1Yw4Fx6,G97yzpX8HPnbmrVEC0Aoz2si9mlAiCfZmduqw99n,BR0isoSnDlgTmIqukAORkXTz6C9ABpEWp1Yw4Fx6
DboXcHUzjiTnEyfVzMA8hgefX2B7suIPftuPWSyq,nOgJEtffp9e3P1qN9pqUrIZB0WQ9VIdptmx5wtia,BR0isoSnDlgTmIqukAORkXTz6C9ABpEWp1Yw4Fx6,0tSt4SUsOj8fKBL2OwFTAz878S85snjiNnAx7n8z,MOx9AM3J6rnEQQJCSsWfT7wdOetSni3OV0mrNgho,0tSt4SUsOj8fKBL2OwFTAz878S85snjiNnAx7n8z
neo9uYRJVawyUm1nyXvQrJxwVqapvXp6gVg6kwxr,G97yzpX8HPnbmrVEC0Aoz2si9mlAiCfZmduqw99n,0tSt4SUsOj8fKBL2OwFTAz878S85snjiNnAx7n8z,hBG5vMBqkXoKVhe5nKFmfjAVyNoGHSr22VXcrkoN,I9zyEumkNRxIzJ9lhMe24gjeuA05krtaF8GygUHD,G97yzpX8HPnbmrVEC0Aoz2si9mlAiCfZmduqw99n
G97yzpX8HPnbmrVEC0Aoz2si9mlAiCfZmduqw99n,MOx9AM3J6rnEQQJCSsWfT7wdOetSni3OV0mrNgho,hBG5vMBqkXoKVhe5nKFmfjAVyNoGHSr22VXcrkoN,G0PLr6xT9E96wJTJXQDNB728J4rHnKFKya5jIcwT,BR0isoSnDlgTmIqukAORkXTz6C9ABpEWp1Yw4Fx6,MOx9AM3J6rnEQQJCSsWfT7wdOetSni3OV0mrNgho
MOx9AM3J6rnEQQJCSsWfT7wdOetSni3OV0mrNgho,I9zyEumkNRxIzJ9lhMe24gjeuA05krtaF8GygUHD,G0PLr6xT9E96wJTJXQDNB728J4rHnKFKya5jIcwT,G97yzpX8HPnbmrVEC0Aoz2si9mlAiCfZmduqw99n,0tSt4SUsOj8fKBL2OwFTAz878S85snjiNnAx7n8z,I9zyEumkNRxIzJ9lhMe24gjeuA05krtaF8GygUHD
I9zyEumkNRxIzJ9lhMe24gjeuA05krtaF8GygUHD,BR0isoSnDlgTmIqukAORkXTz6C9ABpEWp1Yw4Fx6,DboXcHUzjiTnEyfVzMA8hgefX2B7suIPftuPWSyq,MOx9AM3J6rnEQQJCSsWfT7wdOetSni3OV0mrNgho,hBG5vMBqkXoKVhe5nKFmfjAVyNoGHSr22VXcrkoN,BR0isoSnDlgTmIqukAORkXTz6C9ABpEWp1Yw4Fx6
BR0isoSnDlgTmIqukAORkXTz6C9ABpEWp1Yw4Fx6,0tSt4SUsOj8fKBL2OwFTAz878S85snjiNnAx7n8z,G97yzpX8HPnbmrVEC0Aoz2si9mlAiCfZmduqw99n,I9zyEumkNRxIzJ9lhMe24gjeuA05krtaF8GygUHD,G97yzpX8HPnbmrVEC0Aoz2si9mlAiCfZmduqw99n,0tSt4SUsOj8fKBL2OwFTAz878S85snjiNnAx7n8z
0tSt4SUsOj8fKBL2OwFTAz878S85snjiNnAx7n8z,hBG5vMBqkXoKVhe5nKFmfjAVyNoGHSr22VXcrkoN,MOx9AM3J6rnEQQJCSsWfT7wdOetSni3OV0mrNgho,BR0isoSnDlgTmIqukAORkXTz6C9ABpEWp1Yw4Fx6,MOx9AM3J6rnEQQJCSsWfT7wdOetSni3OV0mrNgho,G97yzpX8HPnbmrVEC0Aoz2si9mlAiCfZmduqw99n
hBG5vMBqkXoKVhe5nKFmfjAVyNoGHSr22VXcrkoN,G0PLr6xT9E96wJTJXQDNB728J4rHnKFKya5jIcwT,I9zyEumkNRxIzJ9lhMe24gjeuA05krtaF8GygUHD,0tSt4SUsOj8fKBL2OwFTAz878S85snjiNnAx7n8z,I9zyEumkNRxIzJ9lhMe24gjeuA05krtaF8GygUHD,MOx9AM3J6rnEQQJCSsWfT7wdOetSni3OV0mrNgho
G0PLr6xT9E96wJTJXQDNB728J4rHnKFKya5jIcwT,DboXcHUzjiTnEyfVzMA8hgefX2B7suIPftuPWSyq,BR0isoSnDlgTmIqukAORkXTz6C9ABpEWp1Yw4Fx6,hBG5vMBqkXoKVhe5nKFmfjAVyNoGHSr22VXcrkoN,BR0isoSnDlgTmIqukAORkXTz6C9ABpEWp1Yw4Fx6,I9zyEumkNRxIzJ9lhMe24gjeuA05krtaF8GygUHD
DboXcHUzjiTnEyfVzMA8hgefX2B7suIPftuPWSyq,neo9uYRJVawyUm1nyXvQrJxwVqapvXp6gVg6kwxr,0tSt4SUsOj8fKBL2OwFTAz878S85snjiNnAx7n8z,G0PLr6xT9E96wJTJXQDNB728J4rHnKFKya5jIcwT,0tSt4SUsOj8fKBL2OwFTAz878S85snjiNnAx7n8z,BR0isoSnDlgTmIqukAORkXTz6C9ABpEWp1Yw4Fx6
neo9uYRJVawyUm1nyXvQrJxwVqapvXp6gVg6kwxr,nOgJEtffp9e3P1qN9pqUrIZB0WQ9VIdptmx5wtia,hBG5vMBqkXoKVhe5nKFmfjAVyNoGHSr22VXcrkoN,G97yzpX8HPnbmrVEC0Aoz2si9mlAiCfZmduqw99n,hBG5vMBqkXoKVhe5nKFmfjAVyNoGHSr22VXcrkoN,0tSt4SUsOj8fKBL2OwFTAz878S85snjiNnAx7n8z
G97yzpX8HPnbmrVEC0Aoz2si9mlAiCfZmduqw99n,G97yzpX8HPnbmrVEC0Aoz2si9mlAiCfZmduqw99n,G0PLr6xT9E96wJTJXQDNB728J4rHnKFKya5jIcwT,MOx9AM3J6rnEQQJCSsWfT7wdOetSni3OV0mrNgho,G97yzpX8HPnbmrVEC0Aoz2si9mlAiCfZmduqw99n,G97yzpX8HPnbmrVEC0Aoz2si9mlAiCfZmduqw99n
MOx9AM3J6rnEQQJCSsWfT7wdOetSni3OV0mrNgho,MOx9AM3J6rnEQQJCSsWfT7wdOetSni3OV0mrNgho,DboXcHUzjiTnEyfVzMA8hgefX2B7suIPftuPWSyq,I9zyEumkNRxIzJ9lhMe24gjeuA05krtaF8GygUHD,MOx9AM3J6rnEQQJCSsWfT7wdOetSni3OV0mrNgho,MOx9AM3J6rnEQQJCSsWfT7wdOetSni3OV0mrNgho
I9zyEumkNRxIzJ9lhMe24gjeuA05krtaF8GygUHD,I9zyEumkNRxIzJ9lhMe24gjeuA05krtaF8GygUHD,G97yzpX8HPnbmrVEC0Aoz2si9mlAiCfZmduqw99n,BR0isoSnDlgTmIqukAORkXTz6C9ABpEWp1Yw4Fx6,I9zyEumkNRxIzJ9lhMe24gjeuA05krtaF8GygUHD,I9zyEumkNRxIzJ9lhMe24gjeuA05krtaF8GygUHD
BR0isoSnDlgTmIqukAORkXTz6C9ABpEWp1Yw4Fx6,BR0isoSnDlgTmIqukAORkXTz6C9ABpEWp1Yw4Fx6,MOx9AM3J6rnEQQJCSsWfT7wdOetSni3OV0mrNgho,0tSt4SUsOj8fKBL2OwFTAz878S85snjiNnAx7n8z,BR0isoSnDlgTmIqukAORkXTz6C9ABpEWp1Yw4Fx6,BR0isoSnDlgTmIqukAORkXTz6C9ABpEWp1Yw4Fx6
0tSt4SUsOj8fKBL2OwFTAz878S85snjiNnAx7n8z,0tSt4SUsOj8fKBL2OwFTAz878S85snjiNnAx7n8z,I9zyEumkNRxIzJ9lhMe24gjeuA05krtaF8GygUHD,hBG5vMBqkXoKVhe5nKFmfjAVyNoGHSr22VXcrkoN,0tSt4SUsOj8fKBL2OwFTAz878S85snjiNnAx7n8z,0tSt4SUsOj8fKBL2OwFTAz878S85snjiNnAx7n8z
hBG5vMBqkXoKVhe5nKFmfjAVyNoGHSr22VXcrkoN,hBG5vMBqkXoKVhe5nKFmfjAVyNoGHSr22VXcrkoN,BR0isoSnDlgTmIqukAORkXTz6C9ABpEWp1Yw4Fx6,G0PLr6xT9E96wJTJXQDNB728J4rHnKFKya5jIcwT,hBG5vMBqkXoKVhe5nKFmfjAVyNoGHSr22VXcrkoN,G97yzpX8HPnbmrVEC0Aoz2si9mlAiCfZmduqw99n
G0PLr6xT9E96wJTJXQDNB728J4rHnKFKya5jIcwT,G0PLr6xT9E96wJTJXQDNB728J4rHnKFKya5jIcwT,0tSt4SUsOj8fKBL2OwFTAz878S85snjiNnAx7n8z,G97yzpX8HPnbmrVEC0Aoz2si9mlAiCfZmduqw99n,G97yzpX8HPnbmrVEC0Aoz2si9mlAiCfZmduqw99n,MOx9AM3J6rnEQQJCSsWfT7wdOetSni3OV0mrNgho
DboXcHUzjiTnEyfVzMA8hgefX2B7suIPftuPWSyq,DboXcHUzjiTnEyfVzMA8hgefX2B7suIPftuPWSyq,hBG5vMBqkXoKVhe5nKFmfjAVyNoGHSr22VXcrkoN,MOx9AM3J6rnEQQJCSsWfT7wdOetSni3OV0mrNgho,MOx9AM3J6rnEQQJCSsWfT7wdOetSni3OV0mrNgho,I9zyEumkNRxIzJ9lhMe24gjeuA05krtaF8GygUHD
neo9uYRJVawyUm1nyXvQrJxwVqapvXp6gVg6kwxr,neo9uYRJVawyUm1nyXvQrJxwVqapvXp6gVg6kwxr,G0PLr6xT9E96wJTJXQDNB728J4rHnKFKya5jIcwT,I9zyEumkNRxIzJ9lhMe24gjeuA05krtaF8GygUHD,I9zyEumkNRxIzJ9lhMe24gjeuA05krtaF8GygUHD,BR0isoSnDlgTmIqukAORkXTz6C9ABpEWp1Yw4Fx6
G97yzpX8HPnbmrVEC0Aoz2si9mlAiCfZmduqw99n,nOgJEtffp9e3P1qN9pqUrIZB0WQ9VIdptmx5wtia,DboXcHUzjiTnEyfVzMA8hgefX2B7suIPftuPWSyq,BR0isoSnDlgTmIqukAORkXTz6C9ABpEWp1Yw4Fx6,BR0isoSnDlgTmIqukAORkXTz6C9ABpEWp1Yw4Fx6,0tSt4SUsOj8fKBL2OwFTAz878S85snjiNnAx7n8z
MOx9AM3J6rnEQQJCSsWfT7wdOetSni3OV0mrNgho,G97yzpX8HPnbmrVEC0Aoz2si9mlAiCfZmduqw99n,G97yzpX8HPnbmrVEC0Aoz2si9mlAiCfZmduqw99n,0tSt4SUsOj8fKBL2OwFTAz878S85snjiNnAx7n8z,0tSt4SUsOj8fKBL2OwFTAz878S85snjiNnAx7n8z,G97yzpX8HPnbmrVEC0Aoz2si9mlAiCfZmduqw99n
I9zyEumkNRxIzJ9lhMe24gjeuA05krtaF8GygUHD,MOx9AM3J6rnEQQJCSsWfT7wdOetSni3OV0mrNgho,MOx9AM3J6rnEQQJCSsWfT7wdOetSni3OV0mrNgho,hBG5vMBqkXoKVhe5nKFmfjAVyNoGHSr22VXcrkoN,hBG5vMBqkXoKVhe5nKFmfjAVyNoGHSr22VXcrkoN,MOx9AM3J6rnEQQJCSsWfT7wdOetSni3OV0mrNgho
BR0isoSnDlgTmIqukAORkXTz6C9ABpEWp1Yw4Fx6,I9zyEumkNRxIzJ9lhMe24gjeuA05krtaF8GygUHD,I9zyEumkNRxIzJ9lhMe24gjeuA05krtaF8GygUHD,G0PLr6xT9E96wJTJXQDNB728J4rHnKFKya5jIcwT,G97yzpX8HPnbmrVEC0Aoz2si9mlAiCfZmduqw99n,I9zyEumkNRxIzJ9lhMe24gjeuA05krtaF8GygUHD
0tSt4SUsOj8fKBL2OwFTAz878S85snjiNnAx7n8z,BR0isoSnDlgTmIqukAORkXTz6C9ABpEWp1Yw4Fx6,BR0isoSnDlgTmIqukAORkXTz6C9ABpEWp1Yw4Fx6,G97yzpX8HPnbmrVEC0Aoz2si9mlAiCfZmduqw99n,MOx9AM3J6rnEQQJCSsWfT7wdOetSni3OV0mrNgho,BR0isoSnDlgTmIqukAORkXTz6C9ABpEWp1Yw4Fx6
hBG5vMBqkXoKVhe5nKFmfjAVyNoGHSr22VXcrkoN,0tSt4SUsOj8fKBL2OwFTAz878S85snjiNnAx7n8z,0tSt4SUsOj8fKBL2OwFTAz878S85snjiNnAx7n8z,MOx9AM3J6rnEQQJCSsWfT7wdOetSni3OV0mrNgho,I9zyEumkNRxIzJ9lhMe24gjeuA05krtaF8GygUHD,0tSt4SUsOj8fKBL2OwFTAz878S85snjiNnAx7n8z
G0PLr6xT9E96wJTJXQDNB728J4rHnKFKya5jIcwT,hBG5vMBqkXoKVhe5nKFmfjAVyNoGHSr22VXcrkoN,hBG5vMBqkXoKVhe5nKFmfjAVyNoGHSr22VXcrkoN,I9zyEumkNRxIzJ9lhMe24gjeuA05krtaF8GygUHD,BR0isoSnDlgTmIqukAORkXTz6C9ABpEWp1Yw4Fx6,G97yzpX8HPnbmrVEC0Aoz2si9mlAiCfZmduqw99n
DboXcHUzjiTnEyfVzMA8hgefX2B7suIPftuPWSyq,G0PLr6xT9E96wJTJXQDNB728J4rHnKFKya5jIcwT,G0PLr6xT9E96wJTJXQDNB728J4rHnKFKya5jIcwT,BR0isoSnDlgTmIqukAORkXTz6C9ABpEWp1Yw4Fx6,0tSt4SUsOj8fKBL2OwFTAz878S85snjiNnAx7n8z,MOx9AM3J6rnEQQJCSsWfT7wdOetSni3OV0mrNgho
neo9uYRJVawyUm1nyXvQrJxwVqapvXp6gVg6kwxr,DboXcHUzjiTnEyfVzMA8hgefX2B7suIPftuPWSyq,DboXcHUzjiTnEyfVzMA8hgefX2B7suIPftuPWSyq,0tSt4SUsOj8fKBL2OwFTAz878S85snjiNnAx7n8z,hBG5vMBqkXoKVhe5nKFmfjAVyNoGHSr22VXcrkoN,I9zyEumkNRxIzJ9lhMe24gjeuA05krtaF8GygUHD
G97yzpX8HPnbmrVEC0Aoz2si9mlAiCfZmduqw99n,neo9uYRJVawyUm1nyXvQrJxwVqapvXp6gVg6kwxr,G97yzpX8HPnbmrVEC0Aoz2si9mlAiCfZmduqw99n,hBG5vMBqkXoKVhe5nKFmfjAVyNoGHSr22VXcrkoN,G97yzpX8HPnbmrVEC0Aoz2si9mlAiCfZmduqw99n,BR0isoSnDlgTmIqukAORkXTz6C9ABpEWp1Yw4Fx6
MOx9AM3J6rnEQQJCSsWfT7wdOetSni3OV0mrNgho,nOgJEtffp9e3P1qN9pqUrIZB0WQ9VIdptmx5wtia,MOx9AM3J6rnEQQJCSsWfT7wdOetSni3OV0mrNgho,G0PLr6xT9E96wJTJXQDNB728J4rHnKFKya5jIcwT,MOx9AM3J6rnEQQJCSsWfT7wdOetSni3OV0mrNgho,0tSt4SUsOj8fKBL2OwFTAz878S85snjiNnAx7n8z
I9zyEumkNRxIzJ9lhMe24gjeuA05krtaF8GygUHD,G97yzpX8HPnbmrVEC0Aoz2si9mlAiCfZmduqw99n,I9zyEumkNRxIzJ9lhMe24gjeuA05krtaF8GygUHD,G97yzpX8HPnbmrVEC0Aoz2si9mlAiCfZmduqw99n,I9zyEumkNRxIzJ9lhMe24gjeuA05krtaF8GygUHD,G97yzpX8HPnbmrVEC0Aoz2si9mlAiCfZmduqw99n
BR0isoSnDlgTmIqukAORkXTz6C9ABpEWp1Yw4Fx6,MOx9AM3J6rnEQQJCSsWfT7wdOetSni3OV0mrNgho,BR0isoSnDlgTmIqukAORkXTz6C9ABpEWp1Yw4Fx6,MOx9AM3J6rnEQQJCSsWfT7wdOetSni3OV0mrNgho,BR0isoSnDlgTmIqukAORkXTz6C9ABpEWp1Yw4Fx6,MOx9AM3J6rnEQQJCSsWfT7wdOetSni3OV0mrNgho
0tSt4SUsOj8fKBL2OwFTAz878S85snjiNnAx7n8z,I9zyEumkNRxIzJ9lhMe24gjeuA05krtaF8GygUHD,0tSt4SUsOj8fKBL2OwFTAz878S85snjiNnAx7n8z,I9zyEumkNRxIzJ9lhMe24gjeuA05krtaF8GygUHD,0tSt4SUsOj8fKBL2OwFTAz878S85snjiNnAx7n8z,I9zyEumkNRxIzJ9lhMe24gjeuA05krtaF8GygUHD
hBG5vMBqkXoKVhe5nKFmfjAVyNoGHSr22VXcrkoN,BR0isoSnDlgTmIqukAORkXTz6C9ABpEWp1Yw4Fx6,hBG5vMBqkXoKVhe5nKFmfjAVyNoGHSr22VXcrkoN,BR0isoSnDlgTmIqukAORkXTz6C9ABpEWp1Yw4Fx6,hBG5vMBqkXoKVhe5nKFmfjAVyNoGHSr22VXcrkoN,BR0isoSnDlgTmIqukAORkXTz6C9ABpEWp1Yw4Fx6
G0PLr6xT9E96wJTJXQDNB728J4rHnKFKya5jIcwT,0tSt4SUsOj8fKBL2OwFTAz878S85snjiNnAx7n8z,G0PLr6xT9E96wJTJXQDNB728J4rHnKFKya5jIcwT,0tSt4SUsOj8fKBL2OwFTAz878S85snjiNnAx7n8z,G97yzpX8HPnbmrVEC0Aoz2si9mlAiCfZmduqw99n,0tSt4SUsOj8fKBL2OwFTAz878S85snjiNnAx7n8z
DboXcHUzjiTnEyfVzMA8hgefX2B7suIPftuPWSyq,hBG5vMBqkXoKVhe5nKFmfjAVyNoGHSr22VXcrkoN,DboXcHUzjiTnEyfVzMA8hgefX2B7suIPftuPWSyq,hBG5vMBqkXoKVhe5nKFmfjAVyNoGHSr22VXcrkoN,MOx9AM3J6rnEQQJCSsWfT7wdOetSni3OV0mrNgho,G97yzpX8HPnbmrVEC0Aoz2si9mlAiCfZmduqw99n
neo9uYRJVawyUm1nyXvQrJxwVqapvXp6gVg6kwxr,G0PLr6xT9E96wJTJXQDNB728J4rHnKFKya5jIcwT,G97yzpX8HPnbmrVEC0Aoz2si9mlAiCfZmduqw99n,G0PLr6xT9E96wJTJXQDNB728J4rHnKFKya5jIcwT,I9zyEumkNRxIzJ9lhMe24gjeuA05krtaF8GygUHD,MOx9AM3J6rnEQQJCSsWfT7wdOetSni3OV0mrNgho
G97yzpX8HPnbmrVEC0Aoz2si9mlAiCfZmduqw99n,DboXcHUzjiTnEyfVzMA8hgefX2B7suIPftuPWSyq,MOx9AM3J6rnEQQJCSsWfT7wdOetSni3OV0mrNgho,G97yzpX8HPnbmrVEC0Aoz2si9mlAiCfZmduqw99n,BR0isoSnDlgTmIqukAORkXTz6C9ABpEWp1Yw4Fx6,I9zyEumkNRxIzJ9lhMe24gjeuA05krtaF8GygUHD
MOx9AM3J6rnEQQJCSsWfT7wdOetSni3OV0mrNgho,neo9uYRJVawyUm1nyXvQrJxwVqapvXp6gVg6kwxr,I9zyEumkNRxIzJ9lhMe24gjeuA05krtaF8GygUHD,MOx9AM3J6rnEQQJCSsWfT7wdOetSni3OV0mrNgho,0tSt4SUsOj8fKBL2OwFTAz878S85snjiNnAx7n8z,BR0isoSnDlgTmIqukAORkXTz6C9ABpEWp1Yw4Fx6
I9zyEumkNRxIzJ9lhMe24gjeuA05krtaF8GygUHD,nOgJEtffp9e3P1qN9pqUrIZB0WQ9VIdptmx5wtia,BR0isoSnDlgTmIqukAORkXTz6C9ABpEWp1Yw4Fx6,I9zyEumkNRxIzJ9lhMe24gjeuA05krtaF8GygUHD,hBG5vMBqkXoKVhe5nKFmfjAVyNoGHSr22VXcrkoN,0tSt4SUsOj8fKBL2OwFTAz878S85snjiNnAx7n8z
BR0isoSnDlgTmIqukAORkXTz6C9ABpEWp1Yw4Fx6,G97yzpX8HPnbmrVEC0Aoz2si9mlAiCfZmduqw99n,0tSt4SUsOj8fKBL2OwFTAz878S85snjiNnAx7n8z,BR0isoSnDlgTmIqukAORkXTz6C9ABpEWp1Yw4Fx6,G97yzpX8HPnbmrVEC0Aoz2si9mlAiCfZmduqw99n,G97yzpX8HPnbmrVEC0Aoz2si9mlAiCfZmduqw99n
0tSt4SUsOj8fKBL2OwFTAz878S85snjiNnAx7n8z,MOx9AM3J6rnEQQJCSsWfT7wdOetSni3OV0mrNgho,hBG5vMBqkXoKVhe5nKFmfjAVyNoGHSr22VXcrkoN,0tSt4SUsOj8fKBL2OwFTAz878S85snjiNnAx7n8z,MOx9AM3J6rnEQQJCSsWfT7wdOetSni3OV0mrNgho,MOx9AM3J6rnEQQJCSsWfT7wdOetSni3OV0mrNgho
hBG5vMBqkXoKVhe5nKFmfjAVyNoGHSr22VXcrkoN,I9zyEumkNRxIzJ9lhMe24gjeuA05krtaF8GygUHD,G0PLr6xT9E96wJTJXQDNB728J4rHnKFKya5jIcwT,hBG5vMBqkXoKVhe5nKFmfjAVyNoGHSr22VXcrkoN,I9zyEumkNRxIzJ9lhMe24gjeuA05krtaF8GygUHD,I9zyEumkNRxIzJ9lhMe24gjeuA05krtaF8GygUHD
G0PLr6xT9E96wJTJXQDNB728J4rHnKFKya5jIcwT,BR0isoSnDlgTmIqukAORkXTz6C9ABpEWp1Yw4Fx6,DboXcHUzjiTnEyfVzMA8hgefX2B7suIPftuPWSyq,G0PLr6xT9E96wJTJXQDNB728J4rHnKFKya5jIcwT,BR0isoSnDlgTmIqukAORkXTz6C9ABpEWp1Yw4Fx6,BR0isoSnDlgTmIqukAORkXTz6C9ABpEWp1Yw4Fx6
DboXcHUzjiTnEyfVzMA8hgefX2B7suIPftuPWSyq,0tSt4SUsOj8fKBL2OwFTAz878S85snjiNnAx7n8z,G97yzpX8HPnbmrVEC0Aoz2si9mlAiCfZmduqw99n,G97yzpX8HPnbmrVEC0Aoz2si9mlAiCfZmduqw99n,0tSt4SUsOj8fKBL2OwFTAz878S85snjiNnAx7n8z,0tSt4SUsOj8fKBL2OwFTAz878S85snjiNnAx7n8z
neo9uYRJVawyUm1nyXvQrJxwVqapvXp6gVg6kwxr,hBG5vMBqkXoKVhe5nKFmfjAVyNoGHSr22VXcrkoN,MOx9AM3J6rnEQQJCSsWfT7wdOetSni3OV0mrNgho,MOx9AM3J6rnEQQJCSsWfT7wdOetSni3OV0mrNgho,hBG5vMBqkXoKVhe5nKFmfjAVyNoGHSr22VXcrkoN,G97yzpX8HPnbmrVEC0Aoz2si9mlAiCfZmduqw99n
G97yzpX8HPnbmrVEC0Aoz2si9mlAiCfZmduqw99n,G0PLr6xT9E96wJTJXQDNB728J4rHnKFKya5jIcwT,I9zyEumkNRxIzJ9lhMe24gjeuA05krtaF8GygUHD,I9zyEumkNRxIzJ9lhMe24gjeuA05krtaF8GygUHD,G97yzpX8HPnbmrVEC0Aoz2si9mlAiCfZmduqw99n,MOx9AM3J6rnEQQJCSsWfT7wdOetSni3OV0mrNgho
MOx9AM3J6rnEQQJCSsWfT7wdOetSni3OV0mrNgho,DboXcHUzjiTnEyfVzMA8hgefX2B7suIPftuPWSyq,BR0isoSnDlgTmIqukAORkXTz6C9ABpEWp1Yw4Fx6,BR0isoSnDlgTmIqukAORkXTz6C9ABpEWp1Yw4Fx6,MOx9AM3J6rnEQQJCSsWfT7wdOetSni3OV0mrNgho,I9zyEumkNRxIzJ9lhMe24gjeuA05krtaF8GygUHD
I9zyEumkNRxIzJ9lhMe24gjeuA05krtaF8GygUHD,neo9uYRJVawyUm1nyXvQrJxwVqapvXp6gVg6kwxr,0tSt4SUsOj8fKBL2OwFTAz878S85snjiNnAx7n8z,0tSt4SUsOj8fKBL2OwFTAz878S85snjiNnAx7n8z,I9zyEumkNRxIzJ9lhMe24gjeuA05krtaF8GygUHD,BR0isoSnDlgTmIqukAORkXTz6C9ABpEWp1Yw4Fx6
BR0isoSnDlgTmIqukAORkXTz6C9ABpEWp1Yw4Fx6,nOgJEtffp9e3P1qN9pqUrIZB0WQ9VIdptmx5wtia,hBG5vMBqkXoKVhe5nKFmfjAVyNoGHSr22VXcrkoN,hBG5vMBqkXoKVhe5nKFmfjAVyNoGHSr22VXcrkoN,BR0isoSnDlgTmIqukAORkXTz6C9ABpEWp1Yw4Fx6,0tSt4SUsOj8fKBL2OwFTAz878S85snjiNnAx7n8z
0tSt4SUsOj8fKBL2OwFTAz878S85snjiNnAx7n8z,G97yzpX8HPnbmrVEC0Aoz2si9mlAiCfZmduqw99n,G0PLr6xT9E96wJTJXQDNB728J4rHnKFKya5jIcwT,G0PLr6xT9E96wJTJXQDNB728J4rHnKFKya5jIcwT,0tSt4SUsOj8fKBL2OwFTAz878S85snjiNnAx7n8z,G97yzpX8HPnbmrVEC0Aoz2si9mlAiCfZmduqw99n
hBG5vMBqkXoKVhe5nKFmfjAVyNoGHSr22VXcrkoN,MOx9AM3J6rnEQQJCSsWfT7wdOetSni3OV0mrNgho,DboXcHUzjiTnEyfVzMA8hgefX2B7suIPftuPWSyq,G97yzpX8HPnbmrVEC0Aoz2si9mlAiCfZmduqw99n,hBG5vMBqkXoKVhe5nKFmfjAVyNoGHSr22VXcrkoN,MOx9AM3J6rnEQQJCSsWfT7wdOetSni3OV0mrNgho
G0PLr6xT9E96wJTJXQDNB728J4rHnKFKya5jIcwT,I9zyEumkNRxIzJ9lhMe24gjeuA05krtaF8GygUHD,G97yzpX8HPnbmrVEC0Aoz2si9mlAiCfZmduqw99n,MOx9AM3J6rnEQQJCSsWfT7wdOetSni3OV0mrNgho,G97yzpX8HPnbmrVEC0Aoz2si9mlAiCfZmduqw99n,I9zyEumkNRxIzJ9lhMe24gjeuA05krtaF8GygUHD
DboXcHUzjiTnEyfVzMA8hgefX2B7suIPftuPWSyq,BR0isoSnDlgTmIqukAORkXTz6C9ABpEWp1Yw4Fx6,MOx9AM3J6rnEQQJCSsWfT7wdOetSni3OV0mrNgho,I9zyEumkNRxIzJ9lhMe24gjeuA05krtaF8GygUHD,MOx9AM3J6rnEQQJCSsWfT7wdOetSni3OV0mrNgho,BR0isoSnDlgTmIqukAORkXTz6C9ABpEWp1Yw4Fx6
neo9uYRJVawyUm1nyXvQrJxwVqapvXp6gVg6kwxr,0tSt4SUsOj8fKBL2OwFTAz878S85snjiNnAx7n8z,I9zyEumkNRxIzJ9lhMe24gjeuA05krtaF8GygUHD,BR0isoSnDlgTmIqukAORkXTz6C9ABpEWp1Yw4Fx6,I9zyEumkNRxIzJ9lhMe24gjeuA05krtaF8GygUHD,0tSt4SUsOj8fKBL2OwFTAz878S85snjiNnAx7n8z
G97yzpX8HPnbmrVEC0Aoz2si9mlAiCfZmduqw99n,hBG5vMBqkXoKVhe5nKFmfjAVyNoGHSr22VXcrkoN,BR0isoSnDlgTmIqukAORkXTz6C9ABpEWp1Yw4Fx6,0tSt4SUsOj8fKBL2OwFTAz878S85snjiNnAx7n8z,BR0isoSnDlgTmIqukAORkXTz6C9ABpEWp1Yw4Fx6,G97yzpX8HPnbmrVEC0Aoz2si9mlAiCfZmduqw99n
MOx9AM3J6rnEQQJCSsWfT7wdOetSni3OV0mrNgho,G0PLr6xT9E96wJTJXQDNB728J4rHnKFKya5jIcwT,0tSt4SUsOj8fKBL2OwFTAz878S85snjiNnAx7n8z,hBG5vMBqkXoKVhe5nKFmfjAVyNoGHSr22VXcrkoN,0tSt4SUsOj8fKBL2OwFTAz878S85snjiNnAx7n8z,MOx9AM3J6rnEQQJCSsWfT7wdOetSni3OV0mrNgho
I9zyEumkNRxIzJ9lhMe24gjeuA05krtaF8GygUHD,DboXcHUzjiTnEyfVzMA8hgefX2B7suIPftuPWSyq,hBG5vMBqkXoKVhe5nKFmfjAVyNoGHSr22VXcrkoN,G0PLr6xT9E96wJTJXQDNB728J4rHnKFKya5jIcwT,hBG5vMBqkXoKVhe5nKFmfjAVyNoGHSr22VXcrkoN,I9zyEumkNRxIzJ9lhMe24gjeuA05krtaF8GygUHD
BR0isoSnDlgTmIqukAORkXTz6C9ABpEWp1Yw4Fx6,neo9uYRJVawyUm1nyXvQrJxwVqapvXp6gVg6kwxr,G0PLr6xT9E96wJTJXQDNB728J4rHnKFKya5jIcwT,G97yzpX8HPnbmrVEC0Aoz2si9mlAiCfZmduqw99n,G97yzpX8HPnbmrVEC0Aoz2si9mlAiCfZmduqw99n,BR0isoSnDlgTmIqukAORkXTz6C9ABpEWp1Yw4Fx6
0tSt4SUsOj8fKBL2OwFTAz878S85snjiNnAx7n8z,nOgJEtffp9e3P1qN9pqUrIZB0WQ9VIdptmx5wtia,DboXcHUzjiTnEyfVzMA8hgefX2B7suIPftuPWSyq,MOx9AM3J6rnEQQJCSsWfT7wdOetSni3OV0mrNgho,MOx9AM3J6rnEQQJCSsWfT7wdOetSni3OV0mrNgho,0tSt4SUsOj8fKBL2OwFTAz878S85snjiNnAx7n8z
hBG5vMBqkXoKVhe5nKFmfjAVyNoGHSr22VXcrkoN,G97yzpX8HPnbmrVEC0Aoz2si9mlAiCfZmduqw99n,G97yzpX8HPnbmrVEC0Aoz2si9mlAiCfZmduqw99n,I9zyEumkNRxIzJ9lhMe24gjeuA05krtaF8GygUHD,I9zyEumkNRxIzJ9lhMe24gjeuA05krtaF8GygUHD,G97yzpX8HPnbmrVEC0Aoz2si9mlAiCfZmduqw99n
G0PLr6xT9E96wJTJXQDNB728J4rHnKFKya5jIcwT,MOx9AM3J6rnEQQJCSsWfT7wdOetSni3OV0mrNgho,MOx9AM3J6rnEQQJCSsWfT7wdOetSni3OV0mrNgho,BR0isoSnDlgTmIqukAORkXTz6C9ABpEWp1Yw4Fx6,BR0isoSnDlgTmIqukAORkXTz6C9ABpEWp1Yw4Fx6,MOx9AM3J6rnEQQJCSsWfT7wdOetSni3OV0mrNgho
DboXcHUzjiTnEyfVzMA8hgefX2B7suIPftuPWSyq,I9zyEumkNRxIzJ9lhMe24gjeuA05krtaF8GygUHD,I9zyEumkNRxIzJ9lhMe24gjeuA05krtaF8GygUHD,0tSt4SUsOj8fKBL2OwFTAz878S85snjiNnAx7n8z,0tSt4SUsOj8fKBL2OwFTAz878S85snjiNnAx7n8z,I9zyEumkNRxIzJ9lhMe24gjeuA05krtaF8GygUHD
neo9uYRJVawyUm1nyXvQrJxwVqapvXp6gVg6kwxr,BR0isoSnDlgTmIqukAORkXTz6C9ABpEWp1Yw4Fx6,BR0isoSnDlgTmIqukAORkXTz6C9ABpEWp1Yw4Fx6,hBG5vMBqkXoKVhe5nKFmfjAVyNoGHSr22VXcrkoN,hBG5vMBqkXoKVhe5nKFmfjAVyNoGHSr22VXcrkoN,BR0isoSnDlgTmIqukAORkXTz6C9ABpEWp1Yw4Fx6
G97yzpX8HPnbmrVEC0Aoz2si9mlAiCfZmduqw99n,0tSt4SUsOj8fKBL2OwFTAz878S85snjiNnAx7n8z,0tSt4SUsOj8fKBL2OwFTAz878S85snjiNnAx7n8z,G0PLr6xT9E96wJTJXQDNB728J4rHnKFKya5jIcwT,G97yzpX8HPnbmrVEC0Aoz2si9mlAiCfZmduqw99n,0tSt4SUsOj8fKBL2OwFTAz878S85snjiNnAx7n8z
MOx9AM3J6rnEQQJCSsWfT7wdOetSni3OV0mrNgho,hBG5vMBqkXoKVhe5nKFmfjAVyNoGHSr22VXcrkoN,hBG5vMBqkXoKVhe5nKFmfjAVyNoGHSr22VXcrkoN,G97yzpX8HPnbmrVEC0Aoz2si9mlAiCfZmduqw99n,MOx9AM3J6rnEQQJCSsWfT7wdOetSni3OV0mrNgho,G97yzpX8HPnbmrVEC0Aoz2si9mlAiCfZmduqw99n
I9zyEumkNRxIzJ9lhMe24gjeuA05krtaF8GygUHD,G0PLr6xT9E96wJTJXQDNB728J4rHnKFKya5jIcwT,G0PLr6xT9E96wJTJXQDNB728J4rHnKFKya5jIcwT,MOx9AM3J6rnEQQJCSsWfT7wdOetSni3OV0mrNgho,I9zyEumkNRxIzJ9lhMe24gjeuA05krtaF8GygUHD,MOx9AM3J6rnEQQJCSsWfT7wdOetSni3OV0mrNgho
BR0isoSnDlgTmIqukAORkXTz6C9ABpEWp1Yw4Fx6,DboXcHUzjiTnEyfVzMA8hgefX2B7suIPftuPWSyq,DboXcHUzjiTnEyfVzMA8hgefX2B7suIPftuPWSyq,I9zyEumkNRxIzJ9lhMe24gjeuA05krtaF8GygUHD,BR0isoSnDlgTmIqukAORkXTz6C9ABpEWp1Yw4Fx6,I9zyEumkNRxIzJ9lhMe24gjeuA05krtaF8GygUHD
0tSt4SUsOj8fKBL2OwFTAz878S85snjiNnAx7n8z,neo9uYRJVawyUm1nyXvQrJxwVqapvXp6gVg6kwxr,G97yzpX8HPnbmrVEC0Aoz2si9mlAiCfZmduqw99n,BR0isoSnDlgTmIqukAORkXTz6C9ABpEWp1Yw4Fx6,0tSt4SUsOj8fKBL2OwFTAz878S85snjiNnAx7n8z,BR0isoSnDlgTmIqukAORkXTz6C9ABpEWp1Yw4Fx6
hBG5vMBqkXoKVhe5nKFmfjAVyNoGHSr22VXcrkoN,nOgJEtffp9e3P1qN9pqUrIZB0WQ9VIdptmx5wtia,MOx9AM3J6rnEQQJCSsWfT7wdOetSni3OV0mrNgho,0tSt4SUsOj8fKBL2OwFTAz878S85snjiNnAx7n8z,hBG5vMBqkXoKVhe5nKFmfjAVyNoGHSr22VXcrkoN,0tSt4SUsOj8fKBL2OwFTAz878S85snjiNnAx7n8z
G0PLr6xT9E96wJTJXQDNB728J4rHnKFKya5jIcwT,G97yzpX8HPnbmrVEC0Aoz2si9mlAiCfZmduqw99n,I9zyEumkNRxIzJ9lhMe24gjeuA05krtaF8GygUHD,hBG5vMBqkXoKVhe5nKFmfjAVyNoGHSr22VXcrkoN,G97yzpX8HPnbmrVEC0Aoz2si9mlAiCfZmduqw99n,G97yzpX8HPnbmrVEC0Aoz2si9mlAiCfZmduqw99n
DboXcHUzjiTnEyfVzMA8hgefX2B7suIPftuPWSyq,MOx9AM3J6rnEQQJCSsWfT7wdOetSni3OV0mrNgho,BR0isoSnDlgTmIqukAORkXTz6C9ABpEWp1Yw4Fx6,G0PLr6xT9E96wJTJXQDNB728J4rHnKFKya5jIcwT,MOx9AM3J6rnEQQJCSsWfT7wdOetSni3OV0mrNgho,MOx9AM3J6rnEQQJCSsWfT7wdOetSni3OV0mrNgho
neo9uYRJVawyUm1nyXvQrJxwVqapvXp6gVg6kwxr,I9zyEumkNRxIzJ9lhMe24gjeuA05krtaF8GygUHD,0tSt4SUsOj8fKBL2OwFTAz878S85snjiNnAx7n8z,G97yzpX8HPnbmrVEC0Aoz2si9mlAiCfZmduqw99n,I9zyEumkNRxIzJ9lhMe24gjeuA05krtaF8GygUHD,I9zyEumkNRxIzJ9lhMe24gjeuA05krtaF8GygUHD
G97yzpX8HPnbmrVEC0Aoz2si9mlAiCfZmduqw99n,BR0isoSnDlgTmIqukAORkXTz6C9ABpEWp1Yw4Fx6,hBG5vMBqkXoKVhe5nKFmfjAVyNoGHSr22VXcrkoN,MOx9AM3J6rnEQQJCSsWfT7wdOetSni3OV0mrNgho,BR0isoSnDlgTmIqukAORkXTz6C9ABpEWp1Yw4Fx6,BR0isoSnDlgTmIqukAORkXTz6C9ABpEWp1Yw4Fx6
MOx9AM3J6rnEQQJCSsWfT7wdOetSni3OV0mrNgho,0tSt4SUsOj8fKBL2OwFTAz878S85snjiNnAx7n8z,G0PLr6xT9E96wJTJXQDNB728J4rHnKFKya5jIcwT,I9zyEumkNRxIzJ9lhMe24gjeuA05krtaF8GygUHD,0tSt4SUsOj8fKBL2OwFTAz878S85snjiNnAx7n8z,0tSt4SUsOj8fKBL2OwFTAz878S85snjiNnAx7n8z
I9zyEumkNRxIzJ9lhMe24gjeuA05krtaF8GygUHD,hBG5vMBqkXoKVhe5nKFmfjAVyNoGHSr22VXcrkoN,DboXcHUzjiTnEyfVzMA8hgefX2B7suIPftuPWSyq,BR0isoSnDlgTmIqukAORkXTz6C9ABpEWp1Yw4Fx6,hBG5vMBqkXoKVhe5nKFmfjAVyNoGHSr22VXcrkoN,G97yzpX8HPnbmrVEC0Aoz2si9mlAiCfZmduqw99n
BR0isoSnDlgTmIqukAORkXTz6C9ABpEWp1Yw4Fx6,G0PLr6xT9E96wJTJXQDNB728J4rHnKFKya5jIcwT,G97yzpX8HPnbmrVEC0Aoz2si9mlAiCfZmduqw99n,0tSt4SUsOj8fKBL2OwFTAz878S85snjiNnAx7n8z,G97yzpX8HPnbmrVEC0Aoz2si9mlAiCfZmduqw99n,MOx9AM3J6rnEQQJCSsWfT7wdOetSni3OV0mrNgho
0tSt4SUsOj8fKBL2OwFTAz878S85snjiNnAx7n8z,DboXcHUzjiTnEyfVzMA8hgefX2B7suIPftuPWSyq,MOx9AM3J6rnEQQJCSsWfT7wdOetSni3OV0mrNgho,hBG5vMBqkXoKVhe5nKFmfjAVyNoGHSr22VXcrkoN,MOx9AM3J6rnEQQJCSsWfT7wdOetSni3OV0mrNgho,I9zyEumkNRxIzJ9lhMe24gjeuA05krtaF8GygUHD
hBG5vMBqkXoKVhe5nKFmfjAVyNoGHSr22VXcrkoN,neo9uYRJVawyUm1nyXvQrJxwVqapvXp6gVg6kwxr,I9zyEumkNRxIzJ9lhMe24gjeuA05krtaF8GygUHD,G0PLr6xT9E96wJTJXQDNB728J4rHnKFKya5jIcwT,I9zyEumkNRxIzJ9lhMe24gjeuA05krtaF8GygUHD,BR0isoSnDlgTmIqukAORkXTz6C9ABpEWp1Yw4Fx6
G0PLr6xT9E96wJTJXQDNB728J4rHnKFKya5jIcwT,nOgJEtffp9e3P1qN9pqUrIZB0WQ9VIdptmx5wtia,BR0isoSnDlgTmIqukAORkXTz6C9ABpEWp1Yw4Fx6,G97yzpX8HPnbmrVEC0Aoz2si9mlAiCfZmduqw99n,BR0isoSnDlgTmIqukAORkXTz6C9ABpEWp1Yw4Fx6,0tSt4SUsOj8fKBL2OwFTAz878S85snjiNnAx7n8z
DboXcHUzjiTnEyfVzMA8hgefX2B7suIPftuPWSyq,G97yzpX8HPnbmrVEC0Aoz2si9mlAiCfZmduqw99n,0tSt4SUsOj8fKBL2OwFTAz878S85snjiNnAx7n8z,MOx9AM3J6rnEQQJCSsWfT7wdOetSni3OV0mrNgho,0tSt4SUsOj8fKBL2OwFTAz878S85snjiNnAx7n8z,G97yzpX8HPnbmrVEC0Aoz2si9mlAiCfZmduqw99n
neo9uYRJVawyUm1nyXvQrJxwVqapvXp6gVg6kwxr,MOx9AM3J6rnEQQJCSsWfT7wdOetSni3OV0mrNgho,hBG5vMBqkXoKVhe5nKFmfjAVyNoGHSr22VXcrkoN,I9zyEumkNRxIzJ9lhMe24gjeuA05krtaF8GygUHD,hBG5vMBqkXoKVhe5nKFmfjAVyNoGHSr22VXcrkoN,MOx9AM3J6rnEQQJCSsWfT7wdOetSni3OV0mrNgho
G97yzpX8HPnbmrVEC0Aoz2si9mlAiCfZmduqw99n,I9zyEumkNRxIzJ9lhMe24gjeuA05krtaF8GygUHD,G0PLr6xT9E96wJTJXQDNB728J4rHnKFKya5jIcwT,BR0isoSnDlgTmIqukAORkXTz6C9ABpEWp1Yw4Fx6,G97yzpX8HPnbmrVEC0Aoz2si9mlAiCfZmduqw99n,I9zyEumkNRxIzJ9lhMe24gjeuA05krtaF8GygUHD
MOx9AM3J6rnEQQJCSsWfT7wdOetSni3OV0mrNgho,BR0isoSnDlgTmIqukAORkXTz6C9ABpEWp1Yw4Fx6,DboXcHUzjiTnEyfVzMA8hgefX2B7suIPftuPWSyq,0tSt4SUsOj8fKBL2OwFTAz878S85snjiNnAx7n8z,MOx9AM3J6rnEQQJCSsWfT7wdOetSni3OV0mrNgho,BR0isoSnDlgTmIqukAORkXTz6C9ABpEWp1Yw4Fx6
I9zyEumkNRxIzJ9lhMe24gjeuA05krtaF8GygUHD,0tSt4SUsOj8fKBL2OwFTAz878S85snjiNnAx7n8z,G97yzpX8HPnbmrVEC0Aoz2si9mlAiCfZmduqw99n,hBG5vMBqkXoKVhe5nKFmfjAVyNoGHSr22VXcrkoN,I9zyEumkNRxIzJ9lhMe24gjeuA05krtaF8GygUHD,0tSt4SUsOj8fKBL2OwFTAz878S85snjiNnAx7n8z
BR0isoSnDlgTmIqukAORkXTz6C9ABpEWp1Yw4Fx6,hBG5vMBqkXoKVhe5nKFmfjAVyNoGHSr22VXcrkoN,MOx9AM3J6rnEQQJCSsWfT7wdOetSni3OV0mrNgho,G0PLr6xT9E96wJTJXQDNB728J4rHnKFKya5jIcwT,BR0isoSnDlgTmIqukAORkXTz6C9ABpEWp1Yw4Fx6,G97yzpX8HPnbmrVEC0Aoz2si9mlAiCfZmduqw99n
0tSt4SUsOj8fKBL2OwFTAz878S85snjiNnAx7n8z,G0PLr6xT9E96wJTJXQDNB728J4rHnKFKya5jIcwT,I9zyEumkNRxIzJ9lhMe24gjeuA05krtaF8GygUHD,G97yzpX8HPnbmrVEC0Aoz2si9mlAiCfZmduqw99n,0tSt4SUsOj8fKBL2OwFTAz878S85snjiNnAx7n8z,MOx9AM3J6rnEQQJCSsWfT7wdOetSni3OV0mrNgho
hBG5vMBqkXoKVhe5nKFmfjAVyNoGHSr22VXcrkoN,DboXcHUzjiTnEyfVzMA8hgefX2B7suIPftuPWSyq,BR0isoSnDlgTmIqukAORkXTz6C9ABpEWp1Yw4Fx6,MOx9AM3J6rnEQQJCSsWfT7wdOetSni3OV0mrNgho,hBG5vMBqkXoKVhe5nKFmfjAVyNoGHSr22VXcrkoN,I9zyEumkNRxIzJ9lhMe24gjeuA05krtaF8GygUHD
G0PLr6xT9E96wJTJXQDNB728J4rHnKFKya5jIcwT,neo9uYRJVawyUm1nyXvQrJxwVqapvXp6gVg6kwxr,0tSt4SUsOj8fKBL2OwFTAz878S85snjiNnAx7n8z,I9zyEumkNRxIzJ9lhMe24gjeuA05krtaF8GygUHD,G97yzpX8HPnbmrVEC0Aoz2si9mlAiCfZmduqw99n,BR0isoSnDlgTmIqukAORkXTz6C9ABpEWp1Yw4Fx6
DboXcHUzjiTnEyfVzMA8hgefX2B7suIPftuPWSyq,nOgJEtffp9e3P1qN9pqUrIZB0WQ9VIdptmx5wtia,hBG5vMBqkXoKVhe5nKFmfjAVyNoGHSr22VXcrkoN,BR0isoSnDlgTmIqukAORkXTz6C9ABpEWp1Yw4Fx6,MOx9AM3J6rnEQQJCSsWfT7wdOetSni3OV0mrNgho,0tSt4SUsOj8fKBL2OwFTAz878S85snjiNnAx7n8z
neo9uYRJVawyUm1nyXvQrJxwVqapvXp6gVg6kwxr,G97yzpX8HPnbmrVEC0Aoz2si9mlAiCfZmduqw99n,G0PLr6xT9E96wJTJXQDNB728J4rHnKFKya5jIcwT,0tSt4SUsOj8fKBL2OwFTAz878S85snjiNnAx7n8z,I9zyEumkNRxIzJ9lhMe24gjeuA05krtaF8GygUHD,G97yzpX8HPnbmrVEC0Aoz2si9mlAiCfZmduqw99n
G97yzpX8HPnbmrVEC0Aoz2si9mlAiCfZmduqw99n,MOx9AM3J6rnEQQJCSsWfT7wdOetSni3OV0mrNgho,DboXcHUzjiTnEyfVzMA8hgefX2B7suIPftuPWSyq,hBG5vMBqkXoKVhe5nKFmfjAVyNoGHSr22VXcrkoN,BR0isoSnDlgTmIqukAORkXTz6C9ABpEWp1Yw4Fx6,MOx9AM3J6rnEQQJCSsWfT7wdOetSni3OV0mrNgho
MOx9AM3J6rnEQQJCSsWfT7wdOetSni3OV0mrNgho,I9zyEumkNRxIzJ9lhMe24gjeuA05krtaF8GygUHD,G97yzpX8HPnbmrVEC0Aoz2si9mlAiCfZmduqw99n,G0PLr6xT9E96wJTJXQDNB728J4rHnKFKya5jIcwT,0tSt4SUsOj8fKBL2OwFTAz878S85snjiNnAx7n8z,I9zyEumkNRxIzJ9lhMe24gjeuA05krtaF8GygUHD
I9zyEumkNRxIzJ9lhMe24gjeuA05krtaF8GygUHD,BR0isoSnDlgTmIqukAORkXTz6C9ABpEWp1Yw4Fx6,MOx9AM3J6rnEQQJCSsWfT7wdOetSni3OV0mrNgho,G97yzpX8HPnbmrVEC0Aoz2si9mlAiCfZmduqw99n,hBG5vMBqkXoKVhe5nKFmfjAVyNoGHSr22VXcrkoN,BR0isoSnDlgTmIqukAORkXTz6C9ABpEWp1Yw4Fx6
BR0isoSnDlgTmIqukAORkXTz6C9ABpEWp1Yw4Fx6,0tSt4SUsOj8fKBL2OwFTAz878S85snjiNnAx7n8z,I9zyEumkNRxIzJ9lhMe24gjeuA05krtaF8GygUHD,MOx9AM3J6rnEQQJCSsWfT7wdOetSni3OV0mrNgho,G97yzpX8HPnbmrVEC0Aoz2si9mlAiCfZmduqw99n,0tSt4SUsOj8fKBL2OwFTAz878S85snjiNnAx7n8z
0tSt4SUsOj8fKBL2OwFTAz878S85snjiNnAx7n8z,hBG5vMBqkXoKVhe5nKFmfjAVyNoGHSr22VXcrkoN,BR0isoSnDlgTmIqukAORkXTz6C9ABpEWp1Yw4Fx6,I9zyEumkNRxIzJ9lhMe24gjeuA05krtaF8GygUHD,MOx9AM3J6rnEQQJCSsWfT7wdOetSni3OV0mrNgho,G97yzpX8HPnbmrVEC0Aoz2si9mlAiCfZmduqw99n
hBG5vMBqkXoKVhe5nKFmfjAVyNoGHSr22VXcrkoN,G0PLr6xT9E96wJTJXQDNB728J4rHnKFKya5jIcwT,0tSt4SUsOj8fKBL2OwFTAz878S85snjiNnAx7n8z,BR0isoSnDlgTmIqukAORkXTz6C9ABpEWp1Yw4Fx6,I9zyEumkNRxIzJ9lhMe24gjeuA05krtaF8GygUHD,MOx9AM3J6rnEQQJCSsWfT7wdOetSni3OV0mrNgho
G0PLr6xT9E96wJTJXQDNB728J4rHnKFKya5jIcwT,DboXcHUzjiTnEyfVzMA8hgefX2B7suIPftuPWSyq,hBG5vMBqkXoKVhe5nKFmfjAVyNoGHSr22VXcrkoN,0tSt4SUsOj8fKBL2OwFTAz878S85snjiNnAx7n8z,BR0isoSnDlgTmIqukAORkXTz6C9ABpEWp1Yw4Fx6,I9zyEumkNRxIzJ9lhMe24gjeuA05krtaF8GygUHD
DboXcHUzjiTnEyfVzMA8hgefX2B7suIPftuPWSyq,neo9uYRJVawyUm1nyXvQrJxwVqapvXp6gVg6kwxr,G0PLr6xT9E96wJTJXQDNB728J4rHnKFKya5jIcwT,hBG5vMBqkXoKVhe5nKFmfjAVyNoGHSr22VXcrkoN,0tSt4SUsOj8fKBL2OwFTAz878S85snjiNnAx7n8z,BR0isoSnDlgTmIqukAORkXTz6C9ABpEWp1Yw4Fx6
neo9uYRJVawyUm1nyXvQrJxwVqapvXp6gVg6kwxr,nOgJEtffp9e3P1qN9pqUrIZB0WQ9VIdptmx5wtia,DboXcHUzjiTnEyfVzMA8hgefX2B7suIPftuPWSyq,G0PLr6xT9E96wJTJXQDNB728J4rHnKFKya5jIcwT,hBG5vMBqkXoKVhe5nKFmfjAVyNoGHSr22VXcrkoN,0tSt4SUsOj8fKBL2OwFTAz878S85snjiNnAx7n8z
G97yzpX8HPnbmrVEC0Aoz2si9mlAiCfZmduqw99n,G97yzpX8HPnbmrVEC0Aoz2si9mlAiCfZmduqw99n,G97yzpX8HPnbmrVEC0Aoz2si9mlAiCfZmduqw99n,G97yzpX8HPnbmrVEC0Aoz2si9mlAiCfZmduqw99n,G97yzpX8HPnbmrVEC0Aoz2si9mlAiCfZmduqw99n,G97yzpX8HPnbmrVEC0Aoz2si9mlAiCfZmduqw99n
MOx9AM3J6rnEQQJCSsWfT7wdOetSni3OV0mrNgho,MOx9AM3J6rnEQQJCSsWfT7wdOetSni3OV0mrNgho,MOx9AM3J6rnEQQJCSsWfT7wdOetSni3OV0mrNgho,MOx9AM3J6rnEQQJCSsWfT7wdOetSni3OV0mrNgho,MOx9AM3J6rnEQQJCSsWfT7wdOetSni3OV0mrNgho,MOx9AM3J6rnEQQJCSsWfT7wdOetSni3OV0mrNgho
I9zyEumkNRxIzJ9lhMe24gjeuA05krtaF8GygUHD,I9zyEumkNRxIzJ9lhMe24gjeuA05krtaF8GygUHD,I9zyEumkNRxIzJ9lhMe24gjeuA05krtaF8GygUHD,I9zyEumkNRxIzJ9lhMe24gjeuA05krtaF8GygUHD,I9zyEumkNRxIzJ9lhMe24gjeuA05krtaF8GygUHD,I9zyEumkNRxIzJ9lhMe24gjeuA05krtaF8GygUHD
BR0isoSnDlgTmIqukAORkXTz6C9ABpEWp1Yw4Fx6,BR0isoSnDlgTmIqukAORkXTz6C9ABpEWp1Yw4Fx6,BR0isoSnDlgTmIqukAORkXTz6C9ABpEWp1Yw4Fx6,BR0isoSnDlgTmIqukAORkXTz6C9ABpEWp1Yw4Fx6,BR0isoSnDlgTmIqukAORkXTz6C9ABpEWp1Yw4Fx6,BR0isoSnDlgTmIqukAORkXTz6C9ABpEWp1Yw4Fx6
0tSt4SUsOj8fKBL2OwFTAz878S85snjiNnAx7n8z,0tSt4SUsOj8fKBL2OwFTAz878S85snjiNnAx7n8z,0tSt4SUsOj8fKBL2OwFTAz878S85snjiNnAx7n8z,0tSt4SUsOj8fKBL2OwFTAz878S85snjiNnAx7n8z,0tSt4SUsOj8fKBL2OwFTAz878S85snjiNnAx7n8z,0tSt4SUsOj8fKBL2OwFTAz878S85snjiNnAx7n8z
hBG5vMBqkXoKVhe5nKFmfjAVyNoGHSr22VXcrkoN,hBG5vMBqkXoKVhe5nKFmfjAVyNoGHSr22VXcrkoN,hBG5vMBqkXoKVhe5nKFmfjAVyNoGHSr22VXcrkoN,hBG5vMBqkXoKVhe5nKFmfjAVyNoGHSr22VXcrkoN,hBG5vMBqkXoKVhe5nKFmfjAVyNoGHSr22VXcrkoN,G97yzpX8HPnbmrVEC0Aoz2si9mlAiCfZmduqw99n
G0PLr6xT9E96wJTJXQDNB728J4rHnKFKya5jIcwT,G0PLr6xT9E96wJTJXQDNB728J4rHnKFKya5jIcwT,G0PLr6xT9E96wJTJXQDNB728J4rHnKFKya5jIcwT,G0PLr6xT9E96wJTJXQDNB728J4rHnKFKya5jIcwT,G97yzpX8HPnbmrVEC0Aoz2si9mlAiCfZmduqw99n,MOx9AM3J6rnEQQJCSsWfT7wdOetSni3OV0mrNgho
DboXcHUzjiTnEyfVzMA8hgefX2B7suIPftuPWSyq,DboXcHUzjiTnEyfVzMA8hgefX2B7suIPftuPWSyq,DboXcHUzjiTnEyfVzMA8hgefX2B7suIPftuPWSyq,G97yzpX8HPnbmrVEC0Aoz2si9mlAiCfZmduqw99n,MOx9AM3J6rnEQQJCSsWfT7wdOetSni3OV0mrNgho,I9zyEumkNRxIzJ9lhMe24gjeuA05krtaF8GygUHD
neo9uYRJVawyUm1nyXvQrJxwVqapvXp6gVg6kwxr,neo9uYRJVawyUm1nyXvQrJxwVqapvXp6gVg6kwxr,G97yzpX8HPnbmrVEC0Aoz2si9mlAiCfZmduqw99n,MOx9AM3J6rnEQQJCSsWfT7wdOetSni3OV0mrNgho,I9zyEumkNRxIzJ9lhMe24gjeuA05krtaF8GygUHD,BR0isoSnDlgTmIqukAORkXTz6C9ABpEWp1Yw4Fx6
G97yzpX8HPnbmrVEC0Aoz2si9mlAiCfZmduqw99n,nOgJEtffp9e3P1qN9pqUrIZB0WQ9VIdptmx5wtia,MOx9AM3J6rnEQQJCSsWfT7wdOetSni3OV0mrNgho,I9zyEumkNRxIzJ9lhMe24gjeuA05krtaF8GygUHD,BR0isoSnDlgTmIqukAORkXTz6C9ABpEWp1Yw4Fx6,0tSt4SUsOj8fKBL2OwFTAz878S85snjiNnAx7n8z
MOx9AM3J6rnEQQJCSsWfT7wdOetSni3OV0mrNgho,G97yzpX8HPnbmrVEC0Aoz2si9mlAiCfZmduqw99n,I9zyEumkNRxIzJ9lhMe24gjeuA05krtaF8GygUHD,BR0isoSnDlgTmIqukAORkXTz6C9ABpEWp1Yw4Fx6,0tSt4SUsOj8fKBL2OwFTAz878S85snjiNnAx7n8z,G97yzpX8HPnbmrVEC0Aoz2si9mlAiCfZmduqw99n
I9zyEumkNRxIzJ9lhMe24gjeuA05krtaF8GygUHD,MOx9AM3J6rnEQQJCSsWfT7wdOetSni3OV0mrNgho,BR0isoSnDlgTmIqukAORkXTz6C9ABpEWp1Yw4Fx6,0tSt4SUsOj8fKBL2OwFTAz878S85snjiNnAx7n8z,hBG5vMBqkXoKVhe5nKFmfjAVyNoGHSr22VXcrkoN,MOx9AM3J6rnEQQJCSsWfT7wdOetSni3OV0mrNgho
BR0isoSnDlgTmIqukAORkXTz6C9ABpEWp1Yw4Fx6,I9zyEumkNRxIzJ9lhMe24gjeuA05krtaF8GygUHD,0tSt4SUsOj8fKBL2OwFTAz878S85snjiNnAx7n8z,hBG5vMBqkXoKVhe5nKFmfjAVyNoGHSr22VXcrkoN,G97yzpX8HPnbmrVEC0Aoz2si9mlAiCfZmduqw99n,I9zyEumkNRxIzJ9lhMe24gjeuA05krtaF8GygUHD
0tSt4SUsOj8fKBL2OwFTAz878S85snjiNnAx7n8z,BR0isoSnDlgTmIqukAORkXTz6C9ABpEWp1Yw4Fx6,hBG5vMBqkXoKVhe5nKFmfjAVyNoGHSr22VXcrkoN,G0PLr6xT9E96wJTJXQDNB728J4rHnKFKya5jIcwT,MOx9AM3J6rnEQQJCSsWfT7wdOetSni3OV0mrNgho,BR0isoSnDlgTmIqukAORkXTz6C9ABpEWp1Yw4Fx6
hBG5vMBqkXoKVhe5nKFmfjAVyNoGHSr22VXcrkoN,0tSt4SUsOj8fKBL2OwFTAz878S85snjiNnAx7n8z,G0PLr6xT9E96wJTJXQDNB728J4rHnKFKya5jIcwT,G97yzpX8HPnbmrVEC0Aoz2si9mlAiCfZmduqw99n,I9zyEumkNRxIzJ9lhMe24gjeuA05krtaF8GygUHD,0tSt4SUsOj8fKBL2OwFTAz878S85snjiNnAx7n8z
G0PLr6xT9E96wJTJXQDNB728J4rHnKFKya5jIcwT,hBG5vMBqkXoKVhe5nKFmfjAVyNoGHSr22VXcrkoN,DboXcHUzjiTnEyfVzMA8hgefX2B7suIPftuPWSyq,MOx9AM3J6rnEQQJCSsWfT7wdOetSni3OV0mrNgho,BR0isoSnDlgTmIqukAORkXTz6C9ABpEWp1Yw4Fx6,G97yzpX8HPnbmrVEC0Aoz2si9mlAiCfZmduqw99n
DboXcHUzjiTnEyfVzMA8hgefX2B7suIPftuPWSyq,G0PLr6xT9E96wJTJXQDNB728J4rHnKFKya5jIcwT,G97yzpX8HPnbmrVEC0Aoz2si9mlAiCfZmduqw99n,I9zyEumkNRxIzJ9lhMe24gjeuA05krtaF8GygUHD,0tSt4SUsOj8fKBL2OwFTAz878S85snjiNnAx7n8z,MOx9AM3J6rnEQQJCSsWfT7wdOetSni3OV0mrNgho
neo9uYRJVawyUm1nyXvQrJxwVqapvXp6gVg6kwxr,DboXcHUzjiTnEyfVzMA8hgefX2B7suIPftuPWSyq,MOx9AM3J6rnEQQJCSsWfT7wdOetSni3OV0mrNgho,BR0isoSnDlgTmIqukAORkXTz6C9ABpEWp1Yw4Fx6,hBG5vMBqkXoKVhe5nKFmfjAVyNoGHSr22VXcrkoN,I9zyEumkNRxIzJ9lhMe24gjeuA05krtaF8GygUHD
G97yzpX8HPnbmrVEC0Aoz2si9mlAiCfZmduqw99n,neo9uYRJVawyUm1nyXvQrJxwVqapvXp6gVg6kwxr,I9zyEumkNRxIzJ9lhMe24gjeuA05krtaF8GygUHD,0tSt4SUsOj8fKBL2OwFTAz878S85snjiNnAx7n8z,G97yzpX8HPnbmrVEC0Aoz2si9mlAiCfZmduqw99n,BR0isoSnDlgTmIqukAORkXTz6C9ABpEWp1Yw4Fx6
MOx9AM3J6rnEQQJCSsWfT7wdOetSni3OV0mrNgho,nOgJEtffp9e3P1qN9pqUrIZB0WQ9VIdptmx5wtia,BR0isoSnDlgTmIqukAORkXTz6C9ABpEWp1Yw4Fx6,hBG5vMBqkXoKVhe5nKFmfjAVyNoGHSr22VXcrkoN,MOx9AM3J6rnEQQJCSsWfT7wdOetSni3OV0mrNgho,0tSt4SUsOj8fKBL2OwFTAz878S85snjiNnAx7n8z
I9zyEumkNRxIzJ9lhMe24gjeuA05krtaF8GygUHD,G97yzpX8HPnbmrVEC0Aoz2si9mlAiCfZmduqw99n,0tSt4SUsOj8fKBL2OwFTAz878S85snjiNnAx7n8z,G0PLr6xT9E96wJTJXQDNB728J4rHnKFKya5jIcwT,I9zyEumkNRxIzJ9lhMe24gjeuA05krtaF8GygUHD,G97yzpX8HPnbmrVEC0Aoz2si9mlAiCfZmduqw99n
BR0isoSnDlgTmIqukAORkXTz6C9ABpEWp1Yw4Fx6,MOx9AM3J6rnEQQJCSsWfT7wdOetSni3OV0mrNgho,hBG5vMBqkXoKVhe5nKFmfjAVyNoGHSr22VXcrkoN,G97yzpX8HPnbmrVEC0Aoz2si9mlAiCfZmduqw99n,BR0isoSnDlgTmIqukAORkXTz6C9ABpEWp1Yw4Fx6,MOx9AM3J6rnEQQJCSsWfT7wdOetSni3OV0mrNgho
0tSt4SUsOj8fKBL2OwFTAz878S85snjiNnAx7n8z,I9zyEumkNRxIzJ9lhMe24gjeuA05krtaF8GygUHD,G0PLr6xT9E96wJTJXQDNB728J4rHnKFKya5jIcwT,MOx9AM3J6rnEQQJCSsWfT7wdOetSni3OV0mrNgho,0tSt4SUsOj8fKBL2OwFTAz878S85snjiNnAx7n8z,I9zyEumkNRxIzJ9lhMe24gjeuA05krtaF8GygUHD
hBG5vMBqkXoKVhe5nKFmfjAVyNoGHSr22VXcrkoN,BR0isoSnDlgTmIqukAORkXTz6C9ABpEWp1Yw4Fx6,DboXcHUzjiTnEyfVzMA8hgefX2B7suIPftuPWSyq,I9zyEumkNRxIzJ9lhMe24gjeuA05krtaF8GygUHD,hBG5vMBqkXoKVhe5nKFmfjAVyNoGHSr22VXcrkoN,BR0isoSnDlgTmIqukAORkXTz6C9ABpEWp1Yw4Fx6
G0PLr6xT9E96wJTJXQDNB728J4rHnKFKya5jIcwT,0tSt4SUsOj8fKBL2OwFTAz878S85snjiNnAx7n8z,G97yzpX8HPnbmrVEC0Aoz2si9mlAiCfZmduqw99n,BR0isoSnDlgTmIqukAORkXTz6C9ABpEWp1Yw4Fx6,G97yzpX8HPnbmrVEC0Aoz2si9mlAiCfZmduqw99n,0tSt4SUsOj8fKBL2OwFTAz878S85snjiNnAx7n8z
DboXcHUzjiTnEyfVzMA8hgefX2B7suIPftuPWSyq,hBG5vMBqkXoKVhe5nKFmfjAVyNoGHSr22VXcrkoN,MOx9AM3J6rnEQQJCSsWfT7wdOetSni3OV0mrNgho,0tSt4SUsOj8fKBL2OwFTAz878S85snjiNnAx7n8z,MOx9AM3J6rnEQQJCSsWfT7wdOetSni3OV0mrNgho,G97yzpX8HPnbmrVEC0Aoz2si9mlAiCfZmduqw99n
neo9uYRJVawyUm1nyXvQrJxwVqapvXp6gVg6kwxr,G0PLr6xT9E96wJTJXQDNB728J4rHnKFKya5jIcwT,I9zyEumkNRxIzJ9lhMe24gjeuA05krtaF8GygUHD,hBG5vMBqkXoKVhe5nKFmfjAVyNoGHSr22VXcrkoN,I9zyEumkNRxIzJ9lhMe24gjeuA05krtaF8GygUHD,MOx9AM3J6rnEQQJCSsWfT7wdOetSni3OV0mrNgho
G97yzpX8HPnbmrVEC0Aoz2si9mlAiCfZmduqw99n,DboXcHUzjiTnEyfVzMA8hgefX2B7suIPftuPWSyq,BR0isoSnDlgTmIqukAORkXTz6C9ABpEWp1Yw4Fx6,G0PLr6xT9E96wJTJXQDNB728J4rHnKFKya5jIcwT,BR0isoSnDlgTmIqukAORkXTz6C9ABpEWp1Yw4Fx6,I9zyEumkNRxIzJ9lhMe24gjeuA05krtaF8GygUHD
MOx9AM3J6rnEQQJCSsWfT7wdOetSni3OV0mrNgho,neo9uYRJVawyUm1nyXvQrJxwVqapvXp6gVg6kwxr,0tSt4SUsOj8fKBL2OwFTAz878S85snjiNnAx7n8z,G97yzpX8HPnbmrVEC0Aoz2si9mlAiCfZmduqw99n,0tSt4SUsOj8fKBL2OwFTAz878S85snjiNnAx7n8z,BR0isoSnDlgTmIqukAORkXTz6C9ABpEWp1Yw4Fx6
I9zyEumkNRxIzJ9lhMe24gjeuA05krtaF8GygUHD,nOgJEtffp9e3P1qN9pqUrIZB0WQ9VIdptmx5wtia,hBG5vMBqkXoKVhe5nKFmfjAVyNoGHSr22VXcrkoN,MOx9AM3J6rnEQQJCSsWfT7wdOetSni3OV0mrNgho,hBG5vMBqkXoKVhe5nKFmfjAVyNoGHSr22VXcrkoN,0tSt4SUsOj8fKBL2OwFTAz878S85snjiNnAx7n8z
BR0isoSnDlgTmIqukAORkXTz6C9ABpEWp1Yw4Fx6,G97yzpX8HPnbmrVEC0Aoz2si9mlAiCfZmduqw99n,G0PLr6xT9E96wJTJXQDNB728J4rHnKFKya5jIcwT,I9zyEumkNRxIzJ9lhMe24gjeuA05krtaF8GygUHD,G97yzpX8HPnbmrVEC0Aoz2si9mlAiCfZmduqw99n,G97yzpX8HPnbmrVEC0Aoz2si9mlAiCfZmduqw99n
0tSt4SUsOj8fKBL2OwFTAz878S85snjiNnAx7n8z,MOx9AM3J6rnEQQJCSsWfT7wdOetSni3OV0mrNgho,DboXcHUzjiTnEyfVzMA8hgefX2B7suIPftuPWSyq,BR0isoSnDlgTmIqukAORkXTz6C9ABpEWp1Yw4Fx6,MOx9AM3J6rnEQQJCSsWfT7wdOetSni3OV0mrNgho,MOx9AM3J6rnEQQJCSsWfT7wdOetSni3OV0mrNgho
hBG5vMBqkXoKVhe5nKFmfjAVyNoGHSr22VXcrkoN,I9zyEumkNRxIzJ9lhMe24gjeuA05krtaF8GygUHD,G97yzpX8HPnbmrVEC0Aoz2si9mlAiCfZmduqw99n,0tSt4SUsOj8fKBL2OwFTAz878S85snjiNnAx7n8z,I9zyEumkNRxIzJ9lhMe24gjeuA05krtaF8GygUHD,I9zyEumkNRxIzJ9lhMe24gjeuA05krtaF8GygUHD
G0PLr6xT9E96wJTJXQDNB728J4rHnKFKya5jIcwT,BR0isoSnDlgTmIqukAORkXTz6C9ABpEWp1Yw4Fx6,MOx9AM3J6rnEQQJCSsWfT7wdOetSni3OV0mrNgho,hBG5vMBqkXoKVhe5nKFmfjAVyNoGHSr22VXcrkoN,BR0isoSnDlgTmIqukAORkXTz6C9ABpEWp1Yw4Fx6,BR0isoSnDlgTmIqukAORkXTz6C9ABpEWp1Yw4Fx6
DboXcHUzjiTnEyfVzMA8hgefX2B7suIPftuPWSyq,0tSt4SUsOj8fKBL2OwFTAz878S85snjiNnAx7n8z,I9zyEumkNRxIzJ9lhMe24gjeuA05krtaF8GygUHD,G0PLr6xT9E96wJTJXQDNB728J4rHnKFKya5jIcwT,0tSt4SUsOj8fKBL2OwFTAz878S85snjiNnAx7n8z,0tSt4SUsOj8fKBL2OwFTAz878S85snjiNnAx7n8z
neo9uYRJVawyUm1nyXvQrJxwVqapvXp6gVg6kwxr,hBG5vMBqkXoKVhe5nKFmfjAVyNoGHSr22VXcrkoN,BR0isoSnDlgTmIqukAORkXTz6C9ABpEWp1Yw4Fx6,G97yzpX8HPnbmrVEC0Aoz2si9mlAiCfZmduqw99n,hBG5vMBqkXoKVhe5nKFmfjAVyNoGHSr22VXcrkoN,G97yzpX8HPnbmrVEC0Aoz2si9mlAiCfZmduqw99n
G97yzpX8HPnbmrVEC0Aoz2si9mlAiCfZmduqw99n,G0PLr6xT9E96wJTJXQDNB728J4rHnKFKya5jIcwT,0tSt4SUsOj8fKBL2OwFTAz878S85snjiNnAx7n8z,MOx9AM3J6rnEQQJCSsWfT7wdOetSni3OV0mrNgho,G97yzpX8HPnbmrVEC0Aoz2si9mlAiCfZmduqw99n,MOx9AM3J6rnEQQJCSsWfT7wdOetSni3OV0mrNgho
MOx9AM3J6rnEQQJCSsWfT7wdOetSni3OV0mrNgho,DboXcHUzjiTnEyfVzMA8hgefX2B7suIPftuPWSyq,hBG5vMBqkXoKVhe5nKFmfjAVyNoGHSr22VXcrkoN,I9zyEumkNRxIzJ9lhMe24gjeuA05krtaF8GygUHD,MOx9AM3J6rnEQQJCSsWfT7wdOetSni3OV0mrNgho,I9zyEumkNRxIzJ9lhMe24gjeuA05krtaF8GygUHD
I9zyEumkNRxIzJ9lhMe24gjeuA05krtaF8GygUHD,neo9uYRJVawyUm1nyXvQrJxwVqapvXp6gVg6kwxr,G0PLr6xT9E96wJTJXQDNB728J4rHnKFKya5jIcwT,BR0isoSnDlgTmIqukAORkXTz6C9ABpEWp1Yw4Fx6,I9zyEumkNRxIzJ9lhMe24gjeuA05krtaF8GygUHD,BR0isoSnDlgTmIqukAORkXTz6C9ABpEWp1Yw4Fx6
BR0isoSnDlgTmIqukAORkXTz6C9ABpEWp1Yw4Fx6,nOgJEtffp9e3P1qN9pqUrIZB0WQ9VIdptmx5wtia,DboXcHUzjiTnEyfVzMA8hgefX2B7suIPftuPWSyq,0tSt4SUsOj8fKBL2OwFTAz878S85snjiNnAx7n8z,BR0isoSnDlgTmIqukAORkXTz6C9ABpEWp1Yw4Fx6,0tSt4SUsOj8fKBL2OwFTAz878S85snjiNnAx7n8z
0tSt4SUsOj8fKBL2OwFTAz878S85snjiNnAx7n8z,G97yzpX8HPnbmrVEC0Aoz2si9mlAiCfZmduqw99n,G97yzpX8HPnbmrVEC0Aoz2si9mlAiCfZmduqw99n,hBG5vMBqkXoKVhe5nKFmfjAVyNoGHSr22VXcrkoN,0tSt4SUsOj8fKBL2OwFTAz878S85snjiNnAx7n8z,G97yzpX8HPnbmrVEC0Aoz2si9mlAiCfZmduqw99n
hBG5vMBqkXoKVhe5nKFmfjAVyNoGHSr22VXcrkoN,MOx9AM3J6rnEQQJCSsWfT7wdOetSni3OV0mrNgho,MOx9AM3J6rnEQQJCSsWfT7wdOetSni3OV0mrNgho,G0PLr6xT9E96wJTJXQDNB728J4rHnKFKya5jIcwT,hBG5vMBqkXoKVhe5nKFmfjAVyNoGHSr22VXcrkoN,MOx9AM3J6rnEQQJCSsWfT7wdOetSni3OV0mrNgho
G0PLr6xT9E96wJTJXQDNB728J4rHnKFKya5jIcwT,I9zyEumkNRxIzJ9lhMe24gjeuA05krtaF8GygUHD,I9zyEumkNRxIzJ9lhMe24gjeuA05krtaF8GygUHD,G97yzpX8HPnbmrVEC0Aoz2si9mlAiCfZmduqw99n,G97yzpX8HPnbmrVEC0Aoz2si9mlAiCfZmduqw99n,I9zyEumkNRxIzJ9lhMe24gjeuA05krtaF8GygUHD
DboXcHUzjiTnEyfVzMA8hgefX2B7suIPftuPWSyq,BR0isoSnDlgTmIqukAORkXTz6C9ABpEWp1Yw4Fx6,BR0isoSnDlgTmIqukAORkXTz6C9ABpEWp1Yw4Fx6,MOx9AM3J6rnEQQJCSsWfT7wdOetSni3OV0mrNgho,MOx9AM3J6rnEQQJCSsWfT7wdOetSni3OV0mrNgho,BR0isoSnDlgTmIqukAORkXTz6C9ABpEWp1Yw4Fx6
neo9uYRJVawyUm1nyXvQrJxwVqapvXp6gVg6kwxr,0tSt4SUsOj8fKBL2OwFTAz878S85snjiNnAx7n8z,0tSt4SUsOj8fKBL2OwFTAz878S85snjiNnAx7n8z,I9zyEumkNRxIzJ9lhMe24gjeuA05krtaF8GygUHD,I9zyEumkNRxIzJ9lhMe24gjeuA05krtaF8GygUHD,0tSt4SUsOj8fKBL2OwFTAz878S85snjiNnAx7n8z
G97yzpX8HPnbmrVEC0Aoz2si9mlAiCfZmduqw99n,hBG5vMBqkXoKVhe5nKFmfjAVyNoGHSr22VXcrkoN,hBG5vMBqkXoKVhe5nKFmfjAVyNoGHSr22VXcrkoN,BR0isoSnDlgTmIqukAORkXTz6C9ABpEWp1Yw4Fx6,BR0isoSnDlgTmIqukAORkXTz6C9ABpEWp1Yw4Fx6,G97yzpX8HPnbmrVEC0Aoz2si9mlAiCfZmduqw99n
MOx9AM3J6rnEQQJCSsWfT7wdOetSni3OV0mrNgho,G0PLr6xT9E96wJTJXQDNB728J4rHnKFKya5jIcwT,G0PLr6xT9E96wJTJXQDNB728J4rHnKFKya5jIcwT,0tSt4SUsOj8fKBL2OwFTAz878S85snjiNnAx7n8z,0tSt4SUsOj8fKBL2OwFTAz878S85snjiNnAx7n8z,MOx9AM3J6rnEQQJCSsWfT7wdOetSni3OV0mrNgho
I9zyEumkNRxIzJ9lhMe24gjeuA05krtaF8GygUHD,DboXcHUzjiTnEyfVzMA8hgefX2B7suIPftuPWSyq,DboXcHUzjiTnEyfVzMA8hgefX2B7suIPftuPWSyq,hBG5vMBqkXoKVhe5nKFmfjAVyNoGHSr22VXcrkoN,hBG5vMBqkXoKVhe5nKFmfjAVyNoGHSr22VXcrkoN,I9zyEumkNRxIzJ9lhMe24gjeuA05krtaF8GygUHD
BR0isoSnDlgTmIqukAORkXTz6C9ABpEWp1Yw4Fx6,neo9uYRJVawyUm1nyXvQrJxwVqapvXp6gVg6kwxr,G97yzpX8HPnbmrVEC0Aoz2si9mlAiCfZmduqw99n,G0PLr6xT9E96wJTJXQDNB728J4rHnKFKya5jIcwT,G97yzpX8HPnbmrVEC0Aoz2si9mlAiCfZmduqw99n,BR0isoSnDlgTmIqukAORkXTz6C9ABpEWp1Yw4Fx6
0tSt4SUsOj8fKBL2OwFTAz878S85snjiNnAx7n8z,nOgJEtffp9e3P1qN9pqUrIZB0WQ9VIdptmx5wtia,MOx9AM3J6rnEQQJCSsWfT7wdOetSni3OV0mrNgho,G97yzpX8HPnbmrVEC0Aoz2si9mlAiCfZmduqw99n,MOx9AM3J6rnEQQJCSsWfT7wdOetSni3OV0mrNgho,0tSt4SUsOj8fKBL2OwFTAz878S85snjiNnAx7n8z
hBG5vMBqkXoKVhe5nKFmfjAVyNoGHSr22VXcrkoN,G97yzpX8HPnbmrVEC0Aoz2si9mlAiCfZmduqw99n,I9zyEumkNRxIzJ9lhMe24gjeuA05krtaF8GygUHD,MOx9AM3J6rnEQQJCSsWfT7wdOetSni3OV0mrNgho,I9zyEumkNRxIzJ9lhMe24gjeuA05krtaF8GygUHD,G97yzpX8HPnbmrVEC0Aoz2si9mlAiCfZmduqw99n
G0PLr6xT9E96wJTJXQDNB728J4rHnKFKya5jIcwT,MOx9AM3J6rnEQQJCSsWfT7wdOetSni3OV0mrNgho,BR0isoSnDlgTmIqukAORkXTz6C9ABpEWp1Yw4Fx6,I9zyEumkNRxIzJ9lhMe24gjeuA05krtaF8GygUHD,BR0isoSnDlgTmIqukAORkXTz6C9ABpEWp1Yw4Fx6,MOx9AM3J6rnEQQJCSsWfT7wdOetSni3OV0mrNgho
DboXcHUzjiTnEyfVzMA8hgefX2B7suIPftuPWSyq,I9zyEumkNRxIzJ9lhMe24gjeuA05krtaF8GygUHD,0tSt4SUsOj8fKBL2OwFTAz878S85snjiNnAx7n8z,BR0isoSnDlgTmIqukAORkXTz6C9ABpEWp1Yw4Fx6,0tSt4SUsOj8fKBL2OwFTAz878S85snjiNnAx7n8z,I9zyEumkNRxIzJ9lhMe24gjeuA05krtaF8GygUHD
neo9uYRJVawyUm1nyXvQrJxwVqapvXp6gVg6kwxr,BR0isoSnDlgTmIqukAORkXTz6C9ABpEWp1Yw4Fx6,hBG5vMBqkXoKVhe5nKFmfjAVyNoGHSr22VXcrkoN,0tSt4SUsOj8fKBL2OwFTAz878S85snjiNnAx7n8z,hBG5vMBqkXoKVhe5nKFmfjAVyNoGHSr22VXcrkoN,BR0isoSnDlgTmIqukAORkXTz6C9ABpEWp1Yw4Fx6
G97yzpX8HPnbmrVEC0Aoz2si9mlAiCfZmduqw99n,0tSt4SUsOj8fKBL2OwFTAz878S85snjiNnAx7n8z,G0PLr6xT9E96wJTJXQDNB728J4rHnKFKya5jIcwT,hBG5vMBqkXoKVhe5nKFmfjAVyNoGHSr22VXcrkoN,G97yzpX8HPnbmrVEC0Aoz2si9mlAiCfZmduqw99n,0tSt4SUsOj8fKBL2OwFTAz878S85snjiNnAx7n8z
MOx9AM3J6rnEQQJCSsWfT7wdOetSni3OV0mrNgho,hBG5vMBqkXoKVhe5nKFmfjAVyNoGHSr22VXcrkoN,DboXcHUzjiTnEyfVzMA8hgefX2B7suIPftuPWSyq,G0PLr6xT9E96wJTJXQDNB728J4rHnKFKya5jIcwT,MOx9AM3J6rnEQQJCSsWfT7wdOetSni3OV0mrNgho,G97yzpX8HPnbmrVEC0Aoz2si9mlAiCfZmduqw99n
I9zyEumkNRxIzJ9lhMe24gjeuA05krtaF8GygUHD,G0PLr6xT9E96wJTJXQDNB728J4rHnKFKya5jIcwT,G97yzpX8HPnbmrVEC0Aoz2si9mlAiCfZmduqw99n,G97yzpX8HPnbmrVEC0Aoz2si9mlAiCfZmduqw99n,I9zyEumkNRxIzJ9lhMe24gjeuA05krtaF8GygUHD,MOx9AM3J6rnEQQJCSsWfT7wdOetSni3OV0mrNgho
BR0isoSnDlgTmIqukAORkXTz6C9ABpEWp1Yw4Fx6,DboXcHUzjiTnEyfVzMA8hgefX2B7suIPftuPWSyq,MOx9AM3J6rnEQQJCSsWfT7wdOetSni3OV0mrNgho,MOx9AM3J6rnEQQJCSsWfT7wdOetSni3OV0mrNgho,BR0isoSnDlgTmIqukAORkXTz6C9ABpEWp1Yw4Fx6,I9zyEumkNRxIzJ9lhMe24gjeuA05krtaF8GygUHD
0tSt4SUsOj8fKBL2OwFTAz878S85snjiNnAx7n8z,neo9uYRJVawyUm1nyXvQrJxwVqapvXp6gVg6kwxr,I9zyEumkNRxIzJ9lhMe24gjeuA05krtaF8GygUHD,I9zyEumkNRxIzJ9lhMe24gjeuA05krtaF8GygUHD,0tSt4SUsOj8fKBL2OwFTAz878S85snjiNnAx7n8z,BR0isoSnDlgTmIqukAORkXTz6C9ABpEWp1Yw4Fx6
hBG5vMBqkXoKVhe5nKFmfjAVyNoGHSr22VXcrkoN,nOgJEtffp9e3P1qN9pqUrIZB0WQ9VIdptmx5wtia,BR0isoSnDlgTmIqukAORkXTz6C9ABpEWp1Yw4Fx6,BR0isoSnDlgTmIqukAORkXTz6C9ABpEWp1Yw4Fx6,hBG5vMBqkXoKVhe5nKFmfjAVyNoGHSr22VXcrkoN,0tSt4SUsOj8fKBL2OwFTAz878S85snjiNnAx7n8z
G0PLr6xT9E96wJTJXQDNB728J4rHnKFKya5jIcwT,G97yzpX8HPnbmrVEC0Aoz2si9mlAiCfZmduqw99n,0tSt4SUsOj8fKBL2OwFTAz878S85snjiNnAx7n8z,0tSt4SUsOj8fKBL2OwFTAz878S85snjiNnAx7n8z,G97yzpX8HPnbmrVEC0Aoz2si9mlAiCfZmduqw99n,G97yzpX8HPnbmrVEC0Aoz2si9mlAiCfZmduqw99n
DboXcHUzjiTnEyfVzMA8hgefX2B7suIPftuPWSyq,MOx9AM3J6rnEQQJCSsWfT7wdOetSni3OV0mrNgho,hBG5vMBqkXoKVhe5nKFmfjAVyNoGHSr22VXcrkoN,hBG5vMBqkXoKVhe5nKFmfjAVyNoGHSr22VXcrkoN,MOx9AM3J6rnEQQJCSsWfT7wdOetSni3OV0mrNgho,MOx9AM3J6rnEQQJCSsWfT7wdOetSni3OV0mrNgho
neo9uYRJVawyUm1nyXvQrJxwVqapvXp6gVg6kwxr,I9zyEumkNRxIzJ9lhMe24gjeuA05krtaF8GygUHD,G0PLr6xT9E96wJTJXQDNB728J4rHnKFKya5jIcwT,G0PLr6xT9E96wJTJXQDNB728J4rHnKFKya5jIcwT,I9zyEumkNRxIzJ9lhMe24gjeuA05krtaF8GygUHD,I9zyEumkNRxIzJ9lhMe24gjeuA05krtaF8GygUHD
G97yzpX8HPnbmrVEC0Aoz2si9mlAiCfZmduqw99n,BR0isoSnDlgTmIqukAORkXTz6C9ABpEWp1Yw4Fx6,DboXcHUzjiTnEyfVzMA8hgefX2B7suIPftuPWSyq,G97yzpX8HPnbmrVEC0Aoz2si9mlAiCfZmduqw99n,BR0isoSnDlgTmIqukAORkXTz6C9ABpEWp1Yw4Fx6,BR0isoSnDlgTmIqukAORkXTz6C9ABpEWp1Yw4Fx6
MOx9AM3J6rnEQQJCSsWfT7wdOetSni3OV0mrNgho,0tSt4SUsOj8fKBL2OwFTAz878S85snjiNnAx7n8z,G97yzpX8HPnbmrVEC0Aoz2si9mlAiCfZmduqw99n,MOx9AM3J6rnEQQJCSsWfT7wdOetSni3OV0mrNgho,0tSt4SUsOj8fKBL2OwFTAz878S85snjiNnAx7n8z,0tSt4SUsOj8fKBL2OwFTAz878S85snjiNnAx7n8z
I9zyEumkNRxIzJ9lhMe24gjeuA05krtaF8GygUHD,hBG5vMBqkXoKVhe5nKFmfjAVyNoGHSr22VXcrkoN,MOx9AM3J6rnEQQJCSsWfT7wdOetSni3OV0mrNgho,I9zyEumkNRxIzJ9lhMe24gjeuA05krtaF8GygUHD,hBG5vMBqkXoKVhe5nKFmfjAVyNoGHSr22VXcrkoN,G97yzpX8HPnbmrVEC0Aoz2si9mlAiCfZmduqw99n
BR0isoSnDlgTmIqukAORkXTz6C9ABpEWp1Yw4Fx6,G0PLr6xT9E96wJTJXQDNB728J4rHnKFKya5jIcwT,I9zyEumkNRxIzJ9lhMe24gjeuA05krtaF8GygUHD,BR0isoSnDlgTmIqukAORkXTz6C9ABpEWp1Yw4Fx6,G97yzpX8HPnbmrVEC0Aoz2si9mlAiCfZmduqw99n,MOx9AM3J6rnEQQJCSsWfT7wdOetSni3OV0mrNgho
0tSt4SUsOj8fKBL2OwFTAz878S85snjiNnAx7n8z,DboXcHUzjiTnEyfVzMA8hgefX2B7suIPftuPWSyq,BR0isoSnDlgTmIqukAORkXTz6C9ABpEWp1Yw4Fx6,0tSt4SUsOj8fKBL2OwFTAz878S85snjiNnAx7n8z,MOx9AM3J6rnEQQJCSsWfT7wdOetSni3OV0mrNgho,I9zyEumkNRxIzJ9lhMe24gjeuA05krtaF8GygUHD
hBG5vMBqkXoKVhe5nKFmfjAVyNoGHSr22VXcrkoN,neo9uYRJVawyUm1nyXvQrJxwVqapvXp6gVg6kwxr,0tSt4SUsOj8fKBL2OwFTAz878S85snjiNnAx7n8z,hBG5vMBqkXoKVhe5nKFmfjAVyNoGHSr22VXcrkoN,I9zyEumkNRxIzJ9lhMe24gjeuA05krtaF8GygUHD,BR0isoSnDlgTmIqukAORkXTz6C9ABpEWp1Yw4Fx6
G0PLr6xT9E96wJTJXQDNB728J4rHnKFKya5jIcwT,nOgJEtffp9e3P1qN9pqUrIZB0WQ9VIdptmx5wtia,hBG5vMBqkXoKVhe5nKFmfjAVyNoGHSr22VXcrkoN,G0PLr6xT9E96wJTJXQDNB728J4rHnKFKya5jIcwT,BR0isoSnDlgTmIqukAORkXTz6C9ABpEWp1Yw4Fx6,0tSt4SUsOj8fKBL2OwFTAz878S85snjiNnAx7n8z
DboXcHUzjiTnEyfVzMA8hgefX2B7suIPftuPWSyq,G97yzpX8HPnbmrVEC0Aoz2si9mlAiCfZmduqw99n,G0PLr6xT9E96wJTJXQDNB728J4rHnKFKya5jIcwT,G97yzpX8HPnbmrVEC0Aoz2si9mlAiCfZmduqw99n,0tSt4SUsOj8fKBL2OwFTAz878S85snjiNnAx7n8z,G97yzpX8HPnbmrVEC0Aoz2si9mlAiCfZmduqw99n
neo9uYRJVawyUm1nyXvQrJxwVqapvXp6gVg6kwxr,MOx9AM3J6rnEQQJCSsWfT7wdOetSni3OV0mrNgho,DboXcHUzjiTnEyfVzMA8hgefX2B7suIPftuPWSyq,MOx9AM3J6rnEQQJCSsWfT7wdOetSni3OV0mrNgho,hBG5vMBqkXoKVhe5nKFmfjAVyNoGHSr22VXcrkoN,MOx9AM3J6rnEQQJCSsWfT7wdOetSni3OV0mrNgho
G97yzpX8HPnbmrVEC0Aoz2si9mlAiCfZmduqw99n,I9zyEumkNRxIzJ9lhMe24gjeuA05krtaF8GygUHD,G97yzpX8HPnbmrVEC0Aoz2si9mlAiCfZmduqw99n,I9zyEumkNRxIzJ9lhMe24gjeuA05krtaF8GygUHD,G97yzpX8HPnbmrVEC0Aoz2si9mlAiCfZmduqw99n,I9zyEumkNRxIzJ9lhMe24gjeuA05krtaF8GygUHD
MOx9AM3J6rnEQQJCSsWfT7wdOetSni3OV0mrNgho,BR0isoSnDlgTmIqukAORkXTz6C9ABpEWp1Yw4Fx6,MOx9AM3J6rnEQQJCSsWfT7wdOetSni3OV0mrNgho,BR0isoSnDlgTmIqukAORkXTz6C9ABpEWp1Yw4Fx6,MOx9AM3J6rnEQQJCSsWfT7wdOetSni3OV0mrNgho,BR0isoSnDlgTmIqukAORkXTz6C9ABpEWp1Yw4Fx6
I9zyEumkNRxIzJ9lhMe24gjeuA05krtaF8GygUHD,0tSt4SUsOj8fKBL2OwFTAz878S85snjiNnAx7n8z,I9zyEumkNRxIzJ9lhMe24gjeuA05krtaF8GygUHD,0tSt4SUsOj8fKBL2OwFTAz878S85snjiNnAx7n8z,I9zyEumkNRxIzJ9lhMe24gjeuA05krtaF8GygUHD,0tSt4SUsOj8fKBL2OwFTAz878S85snjiNnAx7n8z
BR0isoSnDlgTmIqukAORkXTz6C9ABpEWp1Yw4Fx6,hBG5vMBqkXoKVhe5nKFmfjAVyNoGHSr22VXcrkoN,BR0isoSnDlgTmIqukAORkXTz6C9ABpEWp1Yw4Fx6,hBG5vMBqkXoKVhe5nKFmfjAVyNoGHSr22VXcrkoN,BR0isoSnDlgTmIqukAORkXTz6C9ABpEWp1Yw4Fx6,G97yzpX8HPnbmrVEC0Aoz2si9mlAiCfZmduqw99n
0tSt4SUsOj8fKBL2OwFTAz878S85snjiNnAx7n8z,G0PLr6xT9E96wJTJXQDNB728J4rHnKFKya5jIcwT,0tSt4SUsOj8fKBL2OwFTAz878S85snjiNnAx7n8z,G0PLr6xT9E96wJTJXQDNB728J4rHnKFKya5jIcwT,0tSt4SUsOj8fKBL2OwFTAz878S85snjiNnAx7n8z,MOx9AM3J6rnEQQJCSsWfT7wdOetSni3OV0mrNgho
hBG5vMBqkXoKVhe5nKFmfjAVyNoGHSr22VXcrkoN,DboXcHUzjiTnEyfVzMA8hgefX2B7suIPftuPWSyq,hBG5vMBqkXoKVhe5nKFmfjAVyNoGHSr22VXcrkoN,G97yzpX8HPnbmrVEC0Aoz2si9mlAiCfZmduqw99n,hBG5vMBqkXoKVhe5nKFmfjAVyNoGHSr22VXcrkoN,I9zyEumkNRxIzJ9lhMe24gjeuA05krtaF8GygUHD
G0PLr6xT9E96wJTJXQDNB728J4rHnKFKya5jIcwT,neo9uYRJVawyUm1nyXvQrJxwVqapvXp6gVg6kwxr,G0PLr6xT9E96wJTJXQDNB728J4rHnKFKya5jIcwT,MOx9AM3J6rnEQQJCSsWfT7wdOetSni3OV0mrNgho,G97yzpX8HPnbmrVEC0Aoz2si9mlAiCfZmduqw99n,BR0isoSnDlgTmIqukAORkXTz6C9ABpEWp1Yw4Fx6
DboXcHUzjiTnEyfVzMA8hgefX2B7suIPftuPWSyq,nOgJEtffp9e3P1qN9pqUrIZB0WQ9VIdptmx5wtia,DboXcHUzjiTnEyfVzMA8hgefX2B7suIPftuPWSyq,I9zyEumkNRxIzJ9lhMe24gjeuA05krtaF8GygUHD,MOx9AM3J6rnEQQJCSsWfT7wdOetSni3OV0mrNgho,0tSt4SUsOj8fKBL2OwFTAz878S85snjiNnAx7n8z
neo9uYRJVawyUm1nyXvQrJxwVqapvXp6gVg6kwxr,G97yzpX8HPnbmrVEC0Aoz2si9mlAiCfZmduqw99n,G97yzpX8HPnbmrVEC0Aoz2si9mlAiCfZmduqw99n,BR0isoSnDlgTmIqukAORkXTz6C9ABpEWp1Yw4Fx6,I9zyEumkNRxIzJ9lhMe24gjeuA05krtaF8GygUHD,G97yzpX8HPnbmrVEC0Aoz2si9mlAiCfZmduqw99n
G97yzpX8HPnbmrVEC0Aoz2si9mlAiCfZmduqw99n,MOx9AM3J6rnEQQJCSsWfT7wdOetSni3OV0mrNgho,MOx9AM3J6rnEQQJCSsWfT7wdOetSni3OV0mrNgho,0tSt4SUsOj8fKBL2OwFTAz878S85snjiNnAx7n8z,BR0isoSnDlgTmIqukAORkXTz6C9ABpEWp1Yw4Fx6,MOx9AM3J6rnEQQJCSsWfT7wdOetSni3OV0mrNgho
MOx9AM3J6rnEQQJCSsWfT7wdOetSni3OV0mrNgho,I9zyEumkNRxIzJ9lhMe24gjeuA05krtaF8GygUHD,I9zyEumkNRxIzJ9lhMe24gjeuA05krtaF8GygUHD,hBG5vMBqkXoKVhe5nKFmfjAVyNoGHSr22VXcrkoN,0tSt4SUsOj8fKBL2OwFTAz878S85snjiNnAx7n8z,I9zyEumkNRxIzJ9lhMe24gjeuA05krtaF8GygUHD
I9zyEumkNRxIzJ9lhMe24gjeuA05krtaF8GygUHD,BR0isoSnDlgTmIqukAORkXTz6C9ABpEWp1Yw4Fx6,BR0isoSnDlgTmIqukAORkXTz6C9ABpEWp1Yw4Fx6,G0PLr6xT9E96wJTJXQDNB728J4rHnKFKya5jIcwT,hBG5vMBqkXoKVhe5nKFmfjAVyNoGHSr22VXcrkoN,BR0isoSnDlgTmIqukAORkXTz6C9ABpEWp1Yw4Fx6
BR0isoSnDlgTmIqukAORkXTz6C9ABpEWp1Yw4Fx6,0tSt4SUsOj8fKBL2OwFTAz878S85snjiNnAx7n8z,0tSt4SUsOj8fKBL2OwFTAz878S85snjiNnAx7n8z,G97yzpX8HPnbmrVEC0Aoz2si9mlAiCfZmduqw99n,G97yzpX8HPnbmrVEC0Aoz2si9mlAiCfZmduqw99n,0tSt4SUsOj8fKBL2OwFTAz878S85snjiNnAx7n8z
0tSt4SUsOj8fKBL2OwFTAz878S85snjiNnAx7n8z,hBG5vMBqkXoKVhe5nKFmfjAVyNoGHSr22VXcrkoN,hBG5vMBqkXoKVhe5nKFmfjAVyNoGHSr22VXcrkoN,MOx9AM3J6rnEQQJCSsWfT7wdOetSni3OV0mrNgho,MOx9AM3J6rnEQQJCSsWfT7wdOetSni3OV0mrNgho,G97yzpX8HPnbmrVEC0Aoz2si9mlAiCfZmduqw99n
hBG5vMBqkXoKVhe5nKFmfjAVyNoGHSr22VXcrkoN,G0PLr6xT9E96wJTJXQDNB728J4rHnKFKya5jIcwT,G0PLr6xT9E96wJTJXQDNB728J4rHnKFKya5jIcwT,I9zyEumkNRxIzJ9lhMe24gjeuA05krtaF8GygUHD,I9zyEumkNRxIzJ9lhMe24gjeuA05krtaF8GygUHD,MOx9AM3J6rnEQQJCSsWfT7wdOetSni3OV0mrNgho
G0PLr6xT9E96wJTJXQDNB728J4rHnKFKya5jIcwT,DboXcHUzjiTnEyfVzMA8hgefX2B7suIPftuPWSyq,DboXcHUzjiTnEyfVzMA8hgefX2B7suIPftuPWSyq,BR0isoSnDlgTmIqukAORkXTz6C9ABpEWp1Yw4Fx6,BR0isoSnDlgTmIqukAORkXTz6C9ABpEWp1Yw4Fx6,I9zyEumkNRxIzJ9lhMe24gjeuA05krtaF8GygUHD
DboXcHUzjiTnEyfVzMA8hgefX2B7suIPftuPWSyq,neo9uYRJVawyUm1nyXvQrJxwVqapvXp6gVg6kwxr,G97yzpX8HPnbmrVEC0Aoz2si9mlAiCfZmduqw99n,0tSt4SUsOj8fKBL2OwFTAz878S85snjiNnAx7n8z,0tSt4SUsOj8fKBL2OwFTAz878S85snjiNnAx7n8z,BR0isoSnDlgTmIqukAORkXTz6C9ABpEWp1Yw4Fx6
neo9uYRJVawyUm1nyXvQrJxwVqapvXp6gVg6kwxr,nOgJEtffp9e3P1qN9pqUrIZB0WQ9VIdptmx5wtia,MOx9AM3J6rnEQQJCSsWfT7wdOetSni3OV0mrNgho,hBG5vMBqkXoKVhe5nKFmfjAVyNoGHSr22VXcrkoN,hBG5vMBqkXoKVhe5nKFmfjAVyNoGHSr22VXcrkoN,0tSt4SUsOj8fKBL2OwFTAz878S85snjiNnAx7n8z
G97yzpX8HPnbmrVEC0Aoz2si9mlAiCfZmduqw99n,G97yzpX8HPnbmrVEC0Aoz2si9mlAiCfZmduqw99n,I9zyEumkNRxIzJ9lhMe24gjeuA05krtaF8GygUHD,G0PLr6xT9E96wJTJXQDNB728J4rHnKFKya5jIcwT,G97yzpX8HPnbmrVEC0Aoz2si9mlAiCfZmduqw99n,G97yzpX8HPnbmrVEC0Aoz2si9mlAiCfZmduqw99n
MOx9AM3J6rnEQQJCSsWfT7wdOetSni3OV0mrNgho,MOx9AM3J6rnEQQJCSsWfT7wdOetSni3OV0mrNgho,BR0isoSnDlgTmIqukAORkXTz6C9ABpEWp1Yw4Fx6,G97yzpX8HPnbmrVEC0Aoz2si9mlAiCfZmduqw99n,MOx9AM3J6rnEQQJCSsWfT7wdOetSni3OV0mrNgho,MOx9AM3J6rnEQQJCSsWfT7wdOetSni3OV0mrNgho
I9zyEumkNRxIzJ9lhMe24gjeuA05krtaF8GygUHD,I9zyEumkNRxIzJ9lhMe24gjeuA05krtaF8GygUHD,0tSt4SUsOj8fKBL2OwFTAz878S85snjiNnAx7n8z,MOx9AM3J6rnEQQJCSsWfT7wdOetSni3OV0mrNgho,I9zyEumkNRxIzJ9lhMe24gjeuA05krtaF8GygUHD,I9zyEumkNRxIzJ9lhMe24gjeuA05krtaF8GygUHD
BR0isoSnDlgTmIqukAORkXTz6C9ABpEWp1Yw4Fx6,BR0isoSnDlgTmIqukAORkXTz6C9ABpEWp1Yw4Fx6,hBG5vMBqkXoKVhe5nKFmfjAVyNoGHSr22VXcrkoN,I9zyEumkNRxIzJ9lhMe24gjeuA05krtaF8GygUHD,BR0isoSnDlgTmIqukAORkXTz6C9ABpEWp1Yw4Fx6,BR0isoSnDlgTmIqukAORkXTz6C9ABpEWp1Yw4Fx6
0tSt4SUsOj8fKBL2OwFTAz878S85snjiNnAx7n8z,0tSt4SUsOj8fKBL2OwFTAz878S85snjiNnAx7n8z,G0PLr6xT9E96wJTJXQDNB728J4rHnKFKya5jIcwT,BR0isoSnDlgTmIqukAORkXTz6C9ABpEWp1Yw4Fx6,0tSt4SUsOj8fKBL2OwFTAz878S85snjiNnAx7n8z,0tSt4SUsOj8fKBL2OwFTAz878S85snjiNnAx7n8z
hBG5vMBqkXoKVhe5nKFmfjAVyNoGHSr22VXcrkoN,hBG5vMBqkXoKVhe5nKFmfjAVyNoGHSr22VXcrkoN,DboXcHUzjiTnEyfVzMA8hgefX2B7suIPftuPWSyq,0tSt4SUsOj8fKBL2OwFTAz878S85snjiNnAx7n8z,hBG5vMBqkXoKVhe5nKFmfjAVyNoGHSr22VXcrkoN,G97yzpX8HPnbmrVEC0Aoz2si9mlAiCfZmduqw99n
G0PLr6xT9E96wJTJXQDNB728J4rHnKFKya5jIcwT,G0PLr6xT9E96wJTJXQDNB728J4rHnKFKya5jIcwT,G97yzpX8HPnbmrVEC0Aoz2si9mlAiCfZmduqw99n,hBG5vMBqkXoKVhe5nKFmfjAVyNoGHSr22VXcrkoN,G97yzpX8HPnbmrVEC0Aoz2si9mlAiCfZmduqw99n,MOx9AM3J6rnEQQJCSsWfT7wdOetSni3OV0mrNgho
DboXcHUzjiTnEyfVzMA8hgefX2B7suIPftuPWSyq,DboXcHUzjiTnEyfVzMA8hgefX2B7suIPftuPWSyq,MOx9AM3J6rnEQQJCSsWfT7wdOetSni3OV0mrNgho,G0PLr6xT9E96wJTJXQDNB728J4rHnKFKya5jIcwT,MOx9AM3J6rnEQQJCSsWfT7wdOetSni3OV0mrNgho,I9zyEumkNRxIzJ9lhMe24gjeuA05krtaF8GygUHD
neo9uYRJVawyUm1nyXvQrJxwVqapvXp6gVg6kwxr,neo9uYRJVawyUm1nyXvQrJxwVqapvXp6gVg6kwxr,I9zyEumkNRxIzJ9lhMe24gjeuA05krtaF8GygUHD,G97yzpX8HPnbmrVEC0Aoz2si9mlAiCfZmduqw99n,I9zyEumkNRxIzJ9lhMe24gjeuA05krtaF8GygUHD,BR0isoSnDlgTmIqukAORkXTz6C9ABpEWp1Yw4Fx6
G97yzpX8HPnbmrVEC0Aoz2si9mlAiCfZmduqw99n,nOgJEtffp9e3P1qN9pqUrIZB0WQ9VIdptmx5wtia,BR0isoSnDlgTmIqukAORkXTz6C9ABpEWp1Yw4Fx6,MOx9AM3J6rnEQQJCSsWfT7wdOetSni3OV0mrNgho,BR0isoSnDlgTmIqukAORkXTz6C9ABpEWp1Yw4Fx6,0tSt4SUsOj8fKBL2OwFTAz878S85snjiNnAx7n8z
MOx9AM3J6rnEQQJCSsWfT7wdOetSni3OV0mrNgho,G97yzpX8HPnbmrVEC0Aoz2si9mlAiCfZmduqw99n,0tSt4SUsOj8fKBL2OwFTAz878S85snjiNnAx7n8z,I9zyEumkNRxIzJ9lhMe24gjeuA05krtaF8GygUHD,0tSt4SUsOj8fKBL2OwFTAz878S85snjiNnAx7n8z,G97yzpX8HPnbmrVEC0Aoz2si9mlAiCfZmduqw99n
I9zyEumkNRxIzJ9lhMe24gjeuA05krtaF8GygUHD,MOx9AM3J6rnEQQJCSsWfT7wdOetSni3OV0mrNgho,hBG5vMBqkXoKVhe5nKFmfjAVyNoGHSr22VXcrkoN,BR0isoSnDlgTmIqukAORkXTz6C9ABpEWp1Yw4Fx6,hBG5vMBqkXoKVhe5nKFmfjAVyNoGHSr22VXcrkoN,MOx9AM3J6rnEQQJCSsWfT7wdOetSni3OV0mrNgho
BR0isoSnDlgTmIqukAORkXTz6C9ABpEWp1Yw4Fx6,I9zyEumkNRxIzJ9lhMe24gjeuA05krtaF8GygUHD,G0PLr6xT9E96wJTJXQDNB728J4rHnKFKya5jIcwT,0tSt4SUsOj8fKBL2OwFTAz878S85snjiNnAx7n8z,G97yzpX8HPnbmrVEC0Aoz2si9mlAiCfZmduqw99n,I9zyEumkNRxIzJ9lhMe24gjeuA05krtaF8GygUHD
0tSt4SUsOj8fKBL2OwFTAz878S85snjiNnAx7n8z,BR0isoSnDlgTmIqukAORkXTz6C9ABpEWp1Yw4Fx6,DboXcHUzjiTnEyfVzMA8hgefX2B7suIPftuPWSyq,hBG5vMBqkXoKVhe5nKFmfjAVyNoGHSr22VXcrkoN,MOx9AM3J6rnEQQJCSsWfT7wdOetSni3OV0mrNgho,BR0isoSnDlgTmIqukAORkXTz6C9ABpEWp1Yw4Fx6
hBG5vMBqkXoKVhe5nKFmfjAVyNoGHSr22VXcrkoN,0tSt4SUsOj8fKBL2OwFTAz878S85snjiNnAx7n8z,G97yzpX8HPnbmrVEC0Aoz2si9mlAiCfZmduqw99n,G0PLr6xT9E96wJTJXQDNB728J4rHnKFKya5jIcwT,I9zyEumkNRxIzJ9lhMe24gjeuA05krtaF8GygUHD,0tSt4SUsOj8fKBL2OwFTAz878S85snjiNnAx7n8z
G0PLr6xT9E96wJTJXQDNB728J4rHnKFKya5jIcwT,hBG5vMBqkXoKVhe5nKFmfjAVyNoGHSr22VXcrkoN,MOx9AM3J6rnEQQJCSsWfT7wdOetSni3OV0mrNgho,G97yzpX8HPnbmrVEC0Aoz2si9mlAiCfZmduqw99n,BR0isoSnDlgTmIqukAORkXTz6C9ABpEWp1Yw4Fx6,G97yzpX8HPnbmrVEC0Aoz2si9mlAiCfZmduqw99n
DboXcHUzjiTnEyfVzMA8hgefX2B7suIPftuPWSyq,G0PLr6xT9E96wJTJXQDNB728J4rHnKFKya5jIcwT,I9zyEumkNRxIzJ9lhMe24gjeuA05krtaF8GygUHD,MOx9AM3J6rnEQQJCSsWfT7wdOetSni3OV0mrNgho,0tSt4SUsOj8fKBL2OwFTAz878S85snjiNnAx7n8z,MOx9AM3J6rnEQQJCSsWfT7wdOetSni3OV0mrNgho
neo9uYRJVawyUm1nyXvQrJxwVqapvXp6gVg6kwxr,DboXcHUzjiTnEyfVzMA8hgefX2B7suIPftuPWSyq,BR0isoSnDlgTmIqukAORkXTz6C9ABpEWp1Yw4Fx6,I9zyEumkNRxIzJ9lhMe24gjeuA05krtaF8GygUHD,hBG5vMBqkXoKVhe5nKFmfjAVyNoGHSr22VXcrkoN,I9zyEumkNRxIzJ9lhMe24gjeuA05krtaF8GygUHD
G97yzpX8HPnbmrVEC0Aoz2si9mlAiCfZmduqw99n,neo9uYRJVawyUm1nyXvQrJxwVqapvXp6gVg6kwxr,0tSt4SUsOj8fKBL2OwFTAz878S85snjiNnAx7n8z,BR0isoSnDlgTmIqukAORkXTz6C9ABpEWp1Yw4Fx6,G97yzpX8HPnbmrVEC0Aoz2si9mlAiCfZmduqw99n,BR0isoSnDlgTmIqukAORkXTz6C9ABpEWp1Yw4Fx6
MOx9AM3J6rnEQQJCSsWfT7wdOetSni3OV0mrNgho,nOgJEtffp9e3P1qN9pqUrIZB0WQ9VIdptmx5wtia,hBG5vMBqkXoKVhe5nKFmfjAVyNoGHSr22VXcrkoN,0tSt4SUsOj8fKBL2OwFTAz878S85snjiNnAx7n8z,MOx9AM3J6rnEQQJCSsWfT7wdOetSni3OV0mrNgho,0tSt4SUsOj8fKBL2OwFTAz878S85snjiNnAx7n8z
I9zyEumkNRxIzJ9lhMe24gjeuA05krtaF8GygUHD,G97yzpX8HPnbmrVEC0Aoz2si9mlAiCfZmduqw99n,G0PLr6xT9E96wJTJXQDNB728J4rHnKFKya5jIcwT,hBG5vMBqkXoKVhe5nKFmfjAVyNoGHSr22VXcrkoN,I9zyEumkNRxIzJ9lhMe24gjeuA05krtaF8GygUHD,G97yzpX8HPnbmrVEC0Aoz2si9mlAiCfZmduqw99n
BR0isoSnDlgTmIqukAORkXTz6C9ABpEWp1Yw4Fx6,MOx9AM3J6rnEQQJCSsWfT7wdOetSni3OV0mrNgho,DboXcHUzjiTnEyfVzMA8hgefX2B7suIPftuPWSyq,G0PLr6xT9E96wJTJXQDNB728J4rHnKFKya5jIcwT,BR0isoSnDlgTmIqukAORkXTz6C9ABpEWp1Yw4Fx6,MOx9AM3J6rnEQQJCSsWfT7wdOetSni3OV0mrNgho
0tSt4SUsOj8fKBL2OwFTAz878S85snjiNnAx7n8z,I9zyEumkNRxIzJ9lhMe24gjeuA05krtaF8GygUHD,G97yzpX8HPnbmrVEC0Aoz2si9mlAiCfZmduqw99n,G97yzpX8HPnbmrVEC0Aoz2si9mlAiCfZmduqw99n,0tSt4SUsOj8fKBL2OwFTAz878S85snjiNnAx7n8z,I9zyEumkNRxIzJ9lhMe24gjeuA05krtaF8GygUHD
hBG5vMBqkXoKVhe5nKFmfjAVyNoGHSr22VXcrkoN,BR0isoSnDlgTmIqukAORkXTz6C9ABpEWp1Yw4Fx6,MOx9AM3J6rnEQQJCSsWfT7wdOetSni3OV0mrNgho,MOx9AM3J6rnEQQJCSsWfT7wdOetSni3OV0mrNgho,hBG5vMBqkXoKVhe5nKFmfjAVyNoGHSr22VXcrkoN,BR0isoSnDlgTmIqukAORkXTz6C9ABpEWp1Yw4Fx6
G0PLr6xT9E96wJTJXQDNB728J4rHnKFKya5jIcwT,0tSt4SUsOj8fKBL2OwFTAz878S85snjiNnAx7n8z,I9zyEumkNRxIzJ9lhMe24gjeuA05krtaF8GygUHD,I9zyEumkNRxIzJ9lhMe24gjeuA05krtaF8GygUHD,G97yzpX8HPnbmrVEC0Aoz2si9mlAiCfZmduqw99n,0tSt4SUsOj8fKBL2OwFTAz878S85snjiNnAx7n8z
DboXcHUzjiTnEyfVzMA8hgefX2B7suIPftuPWSyq,hBG5vMBqkXoKVhe5nKFmfjAVyNoGHSr22VXcrkoN,BR0isoSnDlgTmIqukAORkXTz6C9ABpEWp1Yw4Fx6,BR0isoSnDlgTmIqukAORkXTz6C9ABpEWp1Yw4Fx6,MOx9AM3J6rnEQQJCSsWfT7wdOetSni3OV0mrNgho,G97yzpX8HPnbmrVEC0Aoz2si9mlAiCfZmduqw99n
neo9uYRJVawyUm1nyXvQrJxwVqapvXp6gVg6kwxr,G0PLr6xT9E96wJTJXQDNB728J4rHnKFKya5jIcwT,0tSt4SUsOj8fKBL2OwFTAz878S85snjiNnAx7n8z,0tSt4SUsOj8fKBL2OwFTAz878S85snjiNnAx7n8z,I9zyEumkNRxIzJ9lhMe24gjeuA05krtaF8GygUHD,MOx9AM3J6rnEQQJCSsWfT7wdOetSni3OV0mrNgho
G97yzpX8HPnbmrVEC0Aoz2si9mlAiCfZmduqw99n,DboXcHUzjiTnEyfVzMA8hgefX2B7suIPftuPWSyq,hBG5vMBqkXoKVhe5nKFmfjAVyNoGHSr22VXcrkoN,hBG5vMBqkXoKVhe5nKFmfjAVyNoGHSr22VXcrkoN,BR0isoSnDlgTmIqukAORkXTz6C9ABpEWp1Yw4Fx6,I9zyEumkNRxIzJ9lhMe24gjeuA05krtaF8GygUHD
MOx9AM3J6rnEQQJCSsWfT7wdOetSni3OV0mrNgho,neo9uYRJVawyUm1nyXvQrJxwVqapvXp6gVg6kwxr,G0PLr6xT9E96wJTJXQDNB728J4rHnKFKya5jIcwT,G0PLr6xT9E96wJTJXQDNB728J4rHnKFKya5jIcwT,0tSt4SUsOj8fKBL2OwFTAz878S85snjiNnAx7n8z,BR0isoSnDlgTmIqukAORkXTz6C9ABpEWp1Yw4Fx6
I9zyEumkNRxIzJ9lhMe24gjeuA05krtaF8GygUHD,nOgJEtffp9e3P1qN9pqUrIZB0WQ9VIdptmx5wtia,DboXcHUzjiTnEyfVzMA8hgefX2B7suIPftuPWSyq,G97yzpX8HPnbmrVEC0Aoz2si9mlAiCfZmduqw99n,hBG5vMBqkXoKVhe5nKFmfjAVyNoGHSr22VXcrkoN,0tSt4SUsOj8fKBL2OwFTAz878S85snjiNnAx7n8z
BR0isoSnDlgTmIqukAORkXTz6C9ABpEWp1Yw4Fx6,G97yzpX8HPnbmrVEC0Aoz2si9mlAiCfZmduqw99n,G97yzpX8HPnbmrVEC0Aoz2si9mlAiCfZmduqw99n,MOx9AM3J6rnEQQJCSsWfT7wdOetSni3OV0mrNgho,G97yzpX8HPnbmrVEC0Aoz2si9mlAiCfZmduqw99n,G97yzpX8HPnbmrVEC0Aoz2si9mlAiCfZmduqw99n
0tSt4SUsOj8fKBL2OwFTAz878S85snjiNnAx7n8z,MOx9AM3J6rnEQQJCSsWfT7wdOetSni3OV0mrNgho,MOx9AM3J6rnEQQJCSsWfT7wdOetSni3OV0mrNgho,I9zyEumkNRxIzJ9lhMe24gjeuA05krtaF8GygUHD,MOx9AM3J6rnEQQJCSsWfT7wdOetSni3OV0mrNgho,MOx9AM3J6rnEQQJCSsWfT7wdOetSni3OV0mrNgho
hBG5vMBqkXoKVhe5nKFmfjAVyNoGHSr22VXcrkoN,I9zyEumkNRxIzJ9lhMe24gjeuA05krtaF8GygUHD,I9zyEumkNRxIzJ9lhMe24gjeuA05krtaF8GygUHD,BR0isoSnDlgTmIqukAORkXTz6C9ABpEWp1Yw4Fx6,I9zyEumkNRxIzJ9lhMe24gjeuA05krtaF8GygUHD,I9zyEumkNRxIzJ9lhMe24gjeuA05krtaF8GygUHD
G0PLr6xT9E96wJTJXQDNB728J4rHnKFKya5jIcwT,BR0isoSnDlgTmIqukAORkXTz6C9ABpEWp1Yw4Fx6,BR0isoSnDlgTmIqukAORkXTz6C9ABpEWp1Yw4Fx6,0tSt4SUsOj8fKBL2OwFTAz878S85snjiNnAx7n8z,BR0isoSnDlgTmIqukAORkXTz6C9ABpEWp1Yw4Fx6,BR0isoSnDlgTmIqukAORkXTz6C9ABpEWp1Yw4Fx6
DboXcHUzjiTnEyfVzMA8hgefX2B7suIPftuPWSyq,0tSt4SUsOj8fKBL2OwFTAz878S85snjiNnAx7n8z,0tSt4SUsOj8fKBL2OwFTAz878S85snjiNnAx7n8z,hBG5vMBqkXoKVhe5nKFmfjAVyNoGHSr22VXcrkoN,0tSt4SUsOj8fKBL2OwFTAz878S85snjiNnAx7n8z,0tSt4SUsOj8fKBL2OwFTAz878S85snjiNnAx7n8z
neo9uYRJVawyUm1nyXvQrJxwVqapvXp6gVg6kwxr,hBG5vMBqkXoKVhe5nKFmfjAVyNoGHSr22VXcrkoN,hBG5vMBqkXoKVhe5nKFmfjAVyNoGHSr22VXcrkoN,G0PLr6xT9E96wJTJXQDNB728J4rHnKFKya5jIcwT,hBG5vMBqkXoKVhe5nKFmfjAVyNoGHSr22VXcrkoN,G97yzpX8HPnbmrVEC0Aoz2si9mlAiCfZmduqw99n
G97yzpX8HPnbmrVEC0Aoz2si9mlAiCfZmduqw99n,G0PLr6xT9E96wJTJXQDNB728J4rHnKFKya5jIcwT,G0PLr6xT9E96wJTJXQDNB728J4rHnKFKya5jIcwT,G97yzpX8HPnbmrVEC0Aoz2si9mlAiCfZmduqw99n,G97yzpX8HPnbmrVEC0Aoz2si9mlAiCfZmduqw99n,MOx9AM3J6rnEQQJCSsWfT7wdOetSni3OV0mrNgho
MOx9AM3J6rnEQQJCSsWfT7wdOetSni3OV0mrNgho,DboXcHUzjiTnEyfVzMA8hgefX2B7suIPftuPWSyq,DboXcHUzjiTnEyfVzMA8hgefX2B7suIPftuPWSyq,MOx9AM3J6rnEQQJCSsWfT7wdOetSni3OV0mrNgho,MOx9AM3J6rnEQQJCSsWfT7wdOetSni3OV0mrNgho,I9zyEumkNRxIzJ9lhMe24gjeuA05krtaF8GygUHD
I9zyEumkNRxIzJ9lhMe24gjeuA05krtaF8GygUHD,neo9uYRJVawyUm1nyXvQrJxwVqapvXp6gVg6kwxr,G97yzpX8HPnbmrVEC0Aoz2si9mlAiCfZmduqw99n,I9zyEumkNRxIzJ9lhMe24gjeuA05krtaF8GygUHD,I9zyEumkNRxIzJ9lhMe24gjeuA05krtaF8GygUHD,BR0isoSnDlgTmIqukAORkXTz6C9ABpEWp1Yw4Fx6
BR0isoSnDlgTmIqukAORkXTz6C9ABpEWp1Yw4Fx6,nOgJEtffp9e3P1qN9pqUrIZB0WQ9VIdptmx5wtia,MOx9AM3J6rnEQQJCSsWfT7wdOetSni3OV0mrNgho,BR0isoSnDlgTmIqukAORkXTz6C9ABpEWp1Yw4Fx6,BR0isoSnDlgTmIqukAORkXTz6C9ABpEWp1Yw4Fx6,0tSt4SUsOj8fKBL2OwFTAz878S85snjiNnAx7n8z
0tSt4SUsOj8fKBL2OwFTAz878S85snjiNnAx7n8z,G97yzpX8HPnbmrVEC0Aoz2si9mlAiCfZmduqw99n,I9zyEumkNRxIzJ9lhMe24gjeuA05krtaF8GygUHD,0tSt4SUsOj8fKBL2OwFTAz878S85snjiNnAx7n8z,0tSt4SUsOj8fKBL2OwFTAz878S85snjiNnAx7n8z,G97yzpX8HPnbmrVEC0Aoz2si9mlAiCfZmduqw99n
hBG5vMBqkXoKVhe5nKFmfjAVyNoGHSr22VXcrkoN,MOx9AM3J6rnEQQJCSsWfT7wdOetSni3OV0mrNgho,BR0isoSnDlgTmIqukAORkXTz6C9ABpEWp1Yw4Fx6,hBG5vMBqkXoKVhe5nKFmfjAVyNoGHSr22VXcrkoN,hBG5vMBqkXoKVhe5nKFmfjAVyNoGHSr22VXcrkoN,MOx9AM3J6rnEQQJCSsWfT7wdOetSni3OV0mrNgho
G0PLr6xT9E96wJTJXQDNB728J4rHnKFKya5jIcwT,I9zyEumkNRxIzJ9lhMe24gjeuA05krtaF8GygUHD,0tSt4SUsOj8fKBL2OwFTAz878S85snjiNnAx7n8z,G0PLr6xT9E96wJTJXQDNB728J4rHnKFKya5jIcwT,G97yzpX8HPnbmrVEC0Aoz2si9mlAiCfZmduqw99n,I9zyEumkNRxIzJ9lhMe24gjeuA05krtaF8GygUHD
DboXcHUzjiTnEyfVzMA8hgefX2B7suIPftuPWSyq,BR0isoSnDlgTmIqukAORkXTz6C9ABpEWp1Yw4Fx6,hBG5vMBqkXoKVhe5nKFmfjAVyNoGHSr22VXcrkoN,G97yzpX8HPnbmrVEC0Aoz2si9mlAiCfZmduqw99n,MOx9AM3J6rnEQQJCSsWfT7wdOetSni3OV0mrNgho,BR0isoSnDlgTmIqukAORkXTz6C9ABpEWp1Yw4Fx6
neo9uYRJVawyUm1nyXvQrJxwVqapvXp6gVg6kwxr,0tSt4SUsOj8fKBL2OwFTAz878S85snjiNnAx7n8z,G0PLr6xT9E96wJTJXQDNB728J4rHnKFKya5jIcwT,MOx9AM3J6rnEQQJCSsWfT7wdOetSni3OV0mrNgho,I9zyEumkNRxIzJ9lhMe24gjeuA05krtaF8GygUHD,0tSt4SUsOj8fKBL2OwFTAz878S85snjiNnAx7n8z
G97yzpX8HPnbmrVEC0Aoz2si9mlAiCfZmduqw99n,hBG5vMBqkXoKVhe5nKFmfjAVyNoGHSr22VXcrkoN,DboXcHUzjiTnEyfVzMA8hgefX2B7suIPftuPWSyq,I9zyEumkNRxIzJ9lhMe24gjeuA05krtaF8GygUHD,BR0isoSnDlgTmIqukAORkXTz6C9ABpEWp1Yw4Fx6,G97yzpX8HPnbmrVEC0Aoz2si9mlAiCfZmduqw99n
MOx9AM3J6rnEQQJCSsWfT7wdOetSni3OV0mrNgho,G0PLr6xT9E96wJTJXQDNB728J4rHnKFKya5jIcwT,G97yzpX8HPnbmrVEC0Aoz2si9mlAiCfZmduqw99n,BR0isoSnDlgTmIqukAORkXTz6C9ABpEWp1Yw4Fx6,0tSt4SUsOj8fKBL2OwFTAz878S85snjiNnAx7n8z,MOx9AM3J6rnEQQJCSsWfT7wdOetSni3OV0mrNgho
I9zyEumkNRxIzJ9lhMe24gjeuA05krtaF8GygUHD,DboXcHUzjiTnEyfVzMA8hgefX2B7suIPftuPWSyq,MOx9AM3J6rnEQQJCSsWfT7wdOetSni3OV0mrNgho,0tSt4SUsOj8fKBL2OwFTAz878S85snjiNnAx7n8z,hBG5vMBqkXoKVhe5nKFmfjAVyNoGHSr22VXcrkoN,I9zyEumkNRxIzJ9lhMe24gjeuA05krtaF8GygUHD
BR0isoSnDlgTmIqukAORkXTz6C9ABpEWp1Yw4Fx6,neo9uYRJVawyUm1nyXvQrJxwVqapvXp6gVg6kwxr,I9zyEumkNRxIzJ9lhMe24gjeuA05krtaF8GygUHD,hBG5vMBqkXoKVhe5nKFmfjAVyNoGHSr22VXcrkoN,G97yzpX8HPnbmrVEC0Aoz2si9mlAiCfZmduqw99n,BR0isoSnDlgTmIqukAORkXTz6C9ABpEWp1Yw4Fx6
0tSt4SUsOj8fKBL2OwFTAz878S85snjiNnAx7n8z,nOgJEtffp9e3P1qN9pqUrIZB0WQ9VIdptmx5wtia,BR0isoSnDlgTmIqukAORkXTz6C9ABpEWp1Yw4Fx6,G0PLr6xT9E96wJTJXQDNB728J4rHnKFKya5jIcwT,MOx9AM3J6rnEQQJCSsWfT7wdOetSni3OV0mrNgho,0tSt4SUsOj8fKBL2OwFTAz878S85snjiNnAx7n8z
hBG5vMBqkXoKVhe5nKFmfjAVyNoGHSr22VXcrkoN,G97yzpX8HPnbmrVEC0Aoz2si9mlAiCfZmduqw99n,0tSt4SUsOj8fKBL2OwFTAz878S85snjiNnAx7n8z,G97yzpX8HPnbmrVEC0Aoz2si9mlAiCfZmduqw99n,I9zyEumkNRxIzJ9lhMe24gjeuA05krtaF8GygUHD,G97yzpX8HPnbmrVEC0Aoz2si9mlAiCfZmduqw99n
G0PLr6xT9E96wJTJXQDNB728J4rHnKFKya5jIcwT,MOx9AM3J6rnEQQJCSsWfT7wdOetSni3OV0mrNgho,hBG5vMBqkXoKVhe5nKFmfjAVyNoGHSr22VXcrkoN,MOx9AM3J6rnEQQJCSsWfT7wdOetSni3OV0mrNgho,BR0isoSnDlgTmIqukAORkXTz6C9ABpEWp1Yw4Fx6,MOx9AM3J6rnEQQJCSsWfT7wdOetSni3OV0mrNgho
DboXcHUzjiTnEyfVzMA8hgefX2B7suIPftuPWSyq,I9zyEumkNRxIzJ9lhMe24gjeuA05krtaF8GygUHD,G0PLr6xT9E96wJTJXQDNB728J4rHnKFKya5jIcwT,I9zyEumkNRxIzJ9lhMe24gjeuA05krtaF8GygUHD,0tSt4SUsOj8fKBL2OwFTAz878S85snjiNnAx7n8z,I9zyEumkNRxIzJ9lhMe24gjeuA05krtaF8GygUHD
neo9uYRJVawyUm1nyXvQrJxwVqapvXp6gVg6kwxr,BR0isoSnDlgTmIqukAORkXTz6C9ABpEWp1Yw4Fx6,DboXcHUzjiTnEyfVzMA8hgefX2B7suIPftuPWSyq,BR0isoSnDlgTmIqukAORkXTz6C9ABpEWp1Yw4Fx6,hBG5vMBqkXoKVhe5nKFmfjAVyNoGHSr22VXcrkoN,BR0isoSnDlgTmIqukAORkXTz6C9ABpEWp1Yw4Fx6
G97yzpX8HPnbmrVEC0Aoz2si9mlAiCfZmduqw99n,0tSt4SUsOj8fKBL2OwFTAz878S85snjiNnAx7n8z,G97yzpX8HPnbmrVEC0Aoz2si9mlAiCfZmduqw99n,0tSt4SUsOj8fKBL2OwFTAz878S85snjiNnAx7n8z,G97yzpX8HPnbmrVEC0Aoz2si9mlAiCfZmduqw99n,0tSt4SUsOj8fKBL2OwFTAz878S85snjiNnAx7n8z
MOx9AM3J6rnEQQJCSsWfT7wdOetSni3OV0mrNgho,hBG5vMBqkXoKVhe5nKFmfjAVyNoGHSr22VXcrkoN,MOx9AM3J6rnEQQJCSsWfT7wdOetSni3OV0mrNgho,hBG5vMBqkXoKVhe5nKFmfjAVyNoGHSr22VXcrkoN,MOx9AM3J6rnEQQJCSsWfT7wdOetSni3OV0mrNgho,G97yzpX8HPnbmrVEC0Aoz2si9mlAiCfZmduqw99n
I9zyEumkNRxIzJ9lhMe24gjeuA05krtaF8GygUHD,G0PLr6xT9E96wJTJXQDNB728J4rHnKFKya5jIcwT,I9zyEumkNRxIzJ9lhMe24gjeuA05krtaF8GygUHD,G0PLr6xT9E96wJTJXQDNB728J4rHnKFKya5jIcwT,I9zyEumkNRxIzJ9lhMe24gjeuA05krtaF8GygUHD,MOx9AM3J6rnEQQJCSsWfT7wdOetSni3OV0mrNgho
BR0isoSnDlgTmIqukAORkXTz6C9ABpEWp1Yw4Fx6,DboXcHUzjiTnEyfVzMA8hgefX2B7suIPftuPWSyq,BR0isoSnDlgTmIqukAORkXTz6C9ABpEWp1Yw4Fx6,G97yzpX8HPnbmrVEC0Aoz2si9mlAiCfZmduqw99n,BR0isoSnDlgTmIqukAORkXTz6C9ABpEWp1Yw4Fx6,I9zyEumkNRxIzJ9lhMe24gjeuA05krtaF8GygUHD
0tSt4SUsOj8fKBL2OwFTAz878S85snjiNnAx7n8z,neo9uYRJVawyUm1nyXvQrJxwVqapvXp6gVg6kwxr,0tSt4SUsOj8fKBL2OwFTAz878S85snjiNnAx7n8z,MOx9AM3J6rnEQQJCSsWfT7wdOetSni3OV0mrNgho,0tSt4SUsOj8fKBL2OwFTAz878S85snjiNnAx7n8z,BR0isoSnDlgTmIqukAORkXTz6C9ABpEWp1Yw4Fx6
hBG5vMBqkXoKVhe5nKFmfjAVyNoGHSr22VXcrkoN,nOgJEtffp9e3P1qN9pqUrIZB0WQ9VIdptmx5wtia,hBG5vMBqkXoKVhe5nKFmfjAVyNoGHSr22VXcrkoN,I9zyEumkNRxIzJ9lhMe24gjeuA05krtaF8GygUHD,hBG5vMBqkXoKVhe5nKFmfjAVyNoGHSr22VXcrkoN,0tSt4SUsOj8fKBL2OwFTAz878S85snjiNnAx7n8z
G0PLr6xT9E96wJTJXQDNB728J4rHnKFKya5jIcwT,G97yzpX8HPnbmrVEC0Aoz2si9mlAiCfZmduqw99n,G0PLr6xT9E96wJTJXQDNB728J4rHnKFKya5jIcwT,BR0isoSnDlgTmIqukAORkXTz6C9ABpEWp1Yw4Fx6,G97yzpX8HPnbmrVEC0Aoz2si9mlAiCfZmduqw99n,G97yzpX8HPnbmrVEC0Aoz2si9mlAiCfZmduqw99n
DboXcHUzjiTnEyfVzMA8hgefX2B7suIPftuPWSyq,MOx9AM3J6rnEQQJCSsWfT7wdOetSni3OV0mrNgho,DboXcHUzjiTnEyfVzMA8hgefX2B7suIPftuPWSyq,0tSt4SUsOj8fKBL2OwFTAz878S85snjiNnAx7n8z,MOx9AM3J6rnEQQJCSsWfT7wdOetSni3OV0mrNgho,MOx9AM3J6rnEQQJCSsWfT7wdOetSni3OV0mrNgho
neo9uYRJVawyUm1nyXvQrJxwVqapvXp6gVg6kwxr,I9zyEumkNRxIzJ9lhMe24gjeuA05krtaF8GygUHD,G97yzpX8HPnbmrVEC0Aoz2si9mlAiCfZmduqw99n,hBG5vMBqkXoKVhe5nKFmfjAVyNoGHSr22VXcrkoN,I9zyEumkNRxIzJ9lhMe24gjeuA05krtaF8GygUHD,I9zyEumkNRxIzJ9lhMe24gjeuA05krtaF8GygUHD
G97yzpX8HPnbmrVEC0Aoz2si9mlAiCfZmduqw99n,BR0isoSnDlgTmIqukAORkXTz6C9ABpEWp1Yw4Fx6,MOx9AM3J6rnEQQJCSsWfT7wdOetSni3OV0mrNgho,G0PLr6xT9E96wJTJXQDNB728J4rHnKFKya5jIcwT,BR0isoSnDlgTmIqukAORkXTz6C9ABpEWp1Yw4Fx6,BR0isoSnDlgTmIqukAORkXTz6C9ABpEWp1Yw4Fx6
MOx9AM3J6rnEQQJCSsWfT7wdOetSni3OV0mrNgho,0tSt4SUsOj8fKBL2OwFTAz878S85snjiNnAx7n8z,I9zyEumkNRxIzJ9lhMe24gjeuA05krtaF8GygUHD,G97yzpX8HPnbmrVEC0Aoz2si9mlAiCfZmduqw99n,0tSt4SUsOj8fKBL2OwFTAz878S85snjiNnAx7n8z,0tSt4SUsOj8fKBL2OwFTAz878S85snjiNnAx7n8z
I9zyEumkNRxIzJ9lhMe24gjeuA05krtaF8GygUHD,hBG5vMBqkXoKVhe5nKFmfjAVyNoGHSr22VXcrkoN,BR0isoSnDlgTmIqukAORkXTz6C9ABpEWp1Yw4Fx6,MOx9AM3J6rnEQQJCSsWfT7wdOetSni3OV0mrNgho,hBG5vMBqkXoKVhe5nKFmfjAVyNoGHSr22VXcrkoN,G97yzpX8HPnbmrVEC0Aoz2si9mlAiCfZmduqw99n
BR0isoSnDlgTmIqukAORkXTz6C9ABpEWp1Yw4Fx6,G0PLr6xT9E96wJTJXQDNB728J4rHnKFKya5jIcwT,0tSt4SUsOj8fKBL2OwFTAz878S85snjiNnAx7n8z,I9zyEumkNRxIzJ9lhMe24gjeuA05krtaF8GygUHD,G97yzpX8HPnbmrVEC0Aoz2si9mlAiCfZmduqw99n,MOx9AM3J6rnEQQJCSsWfT7wdOetSni3OV0mrNgho
0tSt4SUsOj8fKBL2OwFTAz878S85snjiNnAx7n8z,DboXcHUzjiTnEyfVzMA8hgefX2B7suIPftuPWSyq,hBG5vMBqkXoKVhe5nKFmfjAVyNoGHSr22VXcrkoN,BR0isoSnDlgTmIqukAORkXTz6C9ABpEWp1Yw4Fx6,MOx9AM3J6rnEQQJCSsWfT7wdOetSni3OV0mrNgho,I9zyEumkNRxIzJ9lhMe24gjeuA05krtaF8GygUHD
hBG5vMBqkXoKVhe5nKFmfjAVyNoGHSr22VXcrkoN,neo9uYRJVawyUm1nyXvQrJxwVqapvXp6gVg6kwxr,G0PLr6xT9E96wJTJXQDNB728J4rHnKFKya5jIcwT,0tSt4SUsOj8fKBL2OwFTAz878S85snjiNnAx7n8z,I9zyEumkNRxIzJ9lhMe24gjeuA05krtaF8GygUHD,BR0isoSnDlgTmIqukAORkXTz6C9ABpEWp1Yw4Fx6
G0PLr6xT9E96wJTJXQDNB728J4rHnKFKya5jIcwT,nOgJEtffp9e3P1qN9pqUrIZB0WQ9VIdptmx5wtia,DboXcHUzjiTnEyfVzMA8hgefX2B7suIPftuPWSyq,hBG5vMBqkXoKVhe5nKFmfjAVyNoGHSr22VXcrkoN,BR0isoSnDlgTmIqukAORkXTz6C9ABpEWp1Yw4Fx6,0tSt4SUsOj8fKBL2OwFTAz878S85snjiNnAx7n8z
DboXcHUzjiTnEyfVzMA8hgefX2B7suIPftuPWSyq,G97yzpX8HPnbmrVEC0Aoz2si9mlAiCfZmduqw99n,G97yzpX8HPnbmrVEC0Aoz2si9mlAiCfZmduqw99n,G0PLr6xT9E96wJTJXQDNB728J4rHnKFKya5jIcwT,0tSt4SUsOj8fKBL2OwFTAz878S85snjiNnAx7n8z,G97yzpX8HPnbmrVEC0Aoz2si9mlAiCfZmduqw99n
neo9uYRJVawyUm1nyXvQrJxwVqapvXp6gVg6kwxr,MOx9AM3J6rnEQQJCSsWfT7wdOetSni3OV0mrNgho,MOx9AM3J6rnEQQJCSsWfT7wdOetSni3OV0mrNgho,G97yzpX8HPnbmrVEC0Aoz2si9mlAiCfZmduqw99n,hBG5vMBqkXoKVhe5nKFmfjAVyNoGHSr22VXcrkoN,MOx9AM3J6rnEQQJCSsWfT7wdOetSni3OV0mrNgho
G97yzpX8HPnbmrVEC0Aoz2si9mlAiCfZmduqw99n,I9zyEumkNRxIzJ9lhMe24gjeuA05krtaF8GygUHD,I9zyEumkNRxIzJ9lhMe24gjeuA05krtaF8GygUHD,MOx9AM3J6rnEQQJCSsWfT7wdOetSni3OV0mrNgho,G97yzpX8HPnbmrVEC0Aoz2si9mlAiCfZmduqw99n,I9zyEumkNRxIzJ9lhMe24gjeuA05krtaF8GygUHD
MOx9AM3J6rnEQQJCSsWfT7wdOetSni3OV0mrNgho,BR0isoSnDlgTmIqukAORkXTz6C9ABpEWp1Yw4Fx6,BR0isoSnDlgTmIqukAORkXTz6C9ABpEWp1Yw4Fx6,I9zyEumkNRxIzJ9lhMe24gjeuA05krtaF8GygUHD,MOx9AM3J6rnEQQJCSsWfT7wdOetSni3OV0mrNgho,BR0isoSnDlgTmIqukAORkXTz6C9ABpEWp1Yw4Fx6
I9zyEumkNRxIzJ9lhMe24gjeuA05krtaF8GygUHD,0tSt4SUsOj8fKBL2OwFTAz878S85snjiNnAx7n8z,0tSt4SUsOj8fKBL2OwFTAz878S85snjiNnAx7n8z,BR0isoSnDlgTmIqukAORkXTz6C9ABpEWp1Yw4Fx6,I9zyEumkNRxIzJ9lhMe24gjeuA05krtaF8GygUHD,0tSt4SUsOj8fKBL2OwFTAz878S85snjiNnAx7n8z
BR0isoSnDlgTmIqukAORkXTz6C9ABpEWp1Yw4Fx6,hBG5vMBqkXoKVhe5nKFmfjAVyNoGHSr22VXcrkoN,hBG5vMBqkXoKVhe5nKFmfjAVyNoGHSr22VXcrkoN,0tSt4SUsOj8fKBL2OwFTAz878S85snjiNnAx7n8z,BR0isoSnDlgTmIqukAORkXTz6C9ABpEWp1Yw4Fx6,G97yzpX8HPnbmrVEC0Aoz2si9mlAiCfZmduqw99n
0tSt4SUsOj8fKBL2OwFTAz878S85snjiNnAx7n8z,G0PLr6xT9E96wJTJXQDNB728J4rHnKFKya5jIcwT,G0PLr6xT9E96wJTJXQDNB728J4rHnKFKya5jIcwT,hBG5vMBqkXoKVhe5nKFmfjAVyNoGHSr22VXcrkoN,0tSt4SUsOj8fKBL2OwFTAz878S85snjiNnAx7n8z,MOx9AM3J6rnEQQJCSsWfT7wdOetSni3OV0mrNgho
hBG5vMBqkXoKVhe5nKFmfjAVyNoGHSr22VXcrkoN,DboXcHUzjiTnEyfVzMA8hgefX2B7suIPftuPWSyq,DboXcHUzjiTnEyfVzMA8hgefX2B7suIPftuPWSyq,G0PLr6xT9E96wJTJXQDNB728J4rHnKFKya5jIcwT,hBG5vMBqkXoKVhe5nKFmfjAVyNoGHSr22VXcrkoN,I9zyEumkNRxIzJ9lhMe24gjeuA05krtaF8GygUHD
G0PLr6xT9E96wJTJXQDNB728J4rHnKFKya5jIcwT,neo9uYRJVawyUm1nyXvQrJxwVqapvXp6gVg6kwxr,G97yzpX8HPnbmrVEC0Aoz2si9mlAiCfZmduqw99n,G97yzpX8HPnbmrVEC0Aoz2si9mlAiCfZmduqw99n,G97yzpX8HPnbmrVEC0Aoz2si9mlAiCfZmduqw99n,BR0isoSnDlgTmIqukAORkXTz6C9ABpEWp1Yw4Fx6
DboXcHUzjiTnEyfVzMA8hgefX2B7suIPftuPWSyq,nOgJEtffp9e3P1qN9pqUrIZB0WQ9VIdptmx5wtia,MOx9AM3J6rnEQQJCSsWfT7wdOetSni3OV0mrNgho,MOx9AM3J6rnEQQJCSsWfT7wdOetSni3OV0mrNgho,MOx9AM3J6rnEQQJCSsWfT7wdOetSni3OV0mrNgho,0tSt4SUsOj8fKBL2OwFTAz878S85snjiNnAx7n8z
neo9uYRJVawyUm1nyXvQrJxwVqapvXp6gVg6kwxr,G97yzpX8HPnbmrVEC0Aoz2si9mlAiCfZmduqw99n,I9zyEumkNRxIzJ9lhMe24gjeuA05krtaF8GygUHD,I9zyEumkNRxIzJ9lhMe24gjeuA05krtaF8GygUHD,I9zyEumkNRxIzJ9lhMe24gjeuA05krtaF8GygUHD,G97yzpX8HPnbmrVEC0Aoz2si9mlAiCfZmduqw99n
G97yzpX8HPnbmrVEC0Aoz2si9mlAiCfZmduqw99n,MOx9AM3J6rnEQQJCSsWfT7wdOetSni3OV0mrNgho,BR0isoSnDlgTmIqukAORkXTz6C9ABpEWp1Yw4Fx6,BR0isoSnDlgTmIqukAORkXTz6C9ABpEWp1Yw4Fx6,BR0isoSnDlgTmIqukAORkXTz6C9ABpEWp1Yw4Fx6,MOx9AM3J6rnEQQJCSsWfT7wdOetSni3OV0mrNgho
MOx9AM3J6rnEQQJCSsWfT7wdOetSni3OV0mrNgho,I9zyEumkNRxIzJ9lhMe24gjeuA05krtaF8GygUHD,0tSt4SUsOj8fKBL2OwFTAz878S85snjiNnAx7n8z,0tSt4SUsOj8fKBL2OwFTAz878S85snjiNnAx7n8z,0tSt4SUsOj8fKBL2OwFTAz878S85snjiNnAx7n8z,I9zyEumkNRxIzJ9lhMe24gjeuA05krtaF8GygUHD
I9zyEumkNRxIzJ9lhMe24gjeuA05krtaF8GygUHD,BR0isoSnDlgTmIqukAORkXTz6C9ABpEWp1Yw4Fx6,hBG5vMBqkXoKVhe5nKFmfjAVyNoGHSr22VXcrkoN,hBG5vMBqkXoKVhe5nKFmfjAVyNoGHSr22VXcrkoN,hBG5vMBqkXoKVhe5nKFmfjAVyNoGHSr22VXcrkoN,BR0isoSnDlgTmIqukAORkXTz6C9ABpEWp1Yw4Fx6
BR0isoSnDlgTmIqukAORkXTz6C9ABpEWp1Yw4Fx6,0tSt4SUsOj8fKBL2OwFTAz878S85snjiNnAx7n8z,G0PLr6xT9E96wJTJXQDNB728J4rHnKFKya5jIcwT,G0PLr6xT9E96wJTJXQDNB728J4rHnKFKya5jIcwT,G97yzpX8HPnbmrVEC0Aoz2si9mlAiCfZmduqw99n,0tSt4SUsOj8fKBL2OwFTAz878S85snjiNnAx7n8z
0tSt4SUsOj8fKBL2OwFTAz878S85snjiNnAx7n8z,hBG5vMBqkXoKVhe5nKFmfjAVyNoGHSr22VXcrkoN,DboXcHUzjiTnEyfVzMA8hgefX2B7suIPftuPWSyq,G97yzpX8HPnbmrVEC0Aoz2si9mlAiCfZmduqw99n,MOx9AM3J6rnEQQJCSsWfT7wdOetSni3OV0mrNgho,G97yzpX8HPnbmrVEC0Aoz2si9mlAiCfZmduqw99n
hBG5vMBqkXoKVhe5nKFmfjAVyNoGHSr22VXcrkoN,G0PLr6xT9E96wJTJXQDNB728J4rHnKFKya5jIcwT,G97yzpX8HPnbmrVEC0Aoz2si9mlAiCfZmduqw99n,MOx9AM3J6rnEQQJCSsWfT7wdOetSni3OV0mrNgho,I9zyEumkNRxIzJ9lhMe24gjeuA05krtaF8GygUHD,MOx9AM3J6rnEQQJCSsWfT7wdOetSni3OV0mrNgho
G0PLr6xT9E96wJTJXQDNB728J4rHnKFKya5jIcwT,DboXcHUzjiTnEyfVzMA8hgefX2B7suIPftuPWSyq,MOx9AM3J6rnEQQJCSsWfT7wdOetSni3OV0mrNgho,I9zyEumkNRxIzJ9lhMe24gjeuA05krtaF8GygUHD,BR0isoSnDlgTmIqukAORkXTz6C9ABpEWp1Yw4Fx6,I9zyEumkNRxIzJ9lhMe24gjeuA05krtaF8GygUHD
DboXcHUzjiTnEyfVzMA8hgefX2B7suIPftuPWSyq,neo9uYRJVawyUm1nyXvQrJxwVqapvXp6gVg6kwxr,I9zyEumkNRxIzJ9lhMe24gjeuA05krtaF8GygUHD,BR0isoSnDlgTmIqukAORkXTz6C9ABpEWp1Yw4Fx6,0tSt4SUsOj8fKBL2OwFTAz878S85snjiNnAx7n8z,BR0isoSnDlgTmIqukAORkXTz6C9ABpEWp1Yw4Fx6
neo9uYRJVawyUm1nyXvQrJxwVqapvXp6gVg6kwxr,nOgJEtffp9e3P1qN9pqUrIZB0WQ9VIdptmx5wtia,BR0isoSnDlgTmIqukAORkXTz6C9ABpEWp1Yw4Fx6,0tSt4SUsOj8fKBL2OwFTAz878S85snjiNnAx7n8z,hBG5vMBqkXoKVhe5nKFmfjAVyNoGHSr22VXcrkoN,0tSt4SUsOj8fKBL2OwFTAz878S85snjiNnAx7n8z
G97yzpX8HPnbmrVEC0Aoz2si9mlAiCfZmduqw99n,G97yzpX8HPnbmrVEC0Aoz2si9mlAiCfZmduqw99n,0tSt4SUsOj8fKBL2OwFTAz878S85snjiNnAx7n8z,hBG5vMBqkXoKVhe5nKFmfjAVyNoGHSr22VXcrkoN,G97yzpX8HPnbmrVEC0Aoz2si9mlAiCfZmduqw99n,G97yzpX8HPnbmrVEC0Aoz2si9mlAiCfZmduqw99n
MOx9AM3J6rnEQQJCSsWfT7wdOetSni3OV0mrNgho,MOx9AM3J6rnEQQJCSsWfT7wdOetSni3OV0mrNgho,hBG5vMBqkXoKVhe5nKFmfjAVyNoGHSr22VXcrkoN,G0PLr6xT9E96wJTJXQDNB728J4rHnKFKya5jIcwT,MOx9AM3J6rnEQQJCSsWfT7wdOetSni3OV0mrNgho,MOx9AM3J6rnEQQJCSsWfT7wdOetSni3OV0mrNgho
I9zyEumkNRxIzJ9lhMe24gjeuA05krtaF8GygUHD,I9zyEumkNRxIzJ9lhMe24gjeuA05krtaF8GygUHD,G0PLr6xT9E96wJTJXQDNB728J4rHnKFKya5jIcwT,G97yzpX8HPnbmrVEC0Aoz2si9mlAiCfZmduqw99n,I9zyEumkNRxIzJ9lhMe24gjeuA05krtaF8GygUHD,I9zyEumkNRxIzJ9lhMe24gjeuA05krtaF8GygUHD
BR0isoSnDlgTmIqukAORkXTz6C9ABpEWp1Yw4Fx6,BR0isoSnDlgTmIqukAORkXTz6C9ABpEWp1Yw4Fx6,DboXcHUzjiTnEyfVzMA8hgefX2B7suIPftuPWSyq,MOx9AM3J6rnEQQJCSsWfT7wdOetSni3OV0mrNgho,BR0isoSnDlgTmIqukAORkXTz6C9ABpEWp1Yw4Fx6,BR0isoSnDlgTmIqukAORkXTz6C9ABpEWp1Yw4Fx6
0tSt4SUsOj8fKBL2OwFTAz878S85snjiNnAx7n8z,0tSt4SUsOj8fKBL2OwFTAz878S85snjiNnAx7n8z,G97yzpX8HPnbmrVEC0Aoz2si9mlAiCfZmduqw99n,I9zyEumkNRxIzJ9lhMe24gjeuA05krtaF8GygUHD,0tSt4SUsOj8fKBL2OwFTAz878S85snjiNnAx7n8z,0tSt4SUsOj8fKBL2OwFTAz878S85snjiNnAx7n8z
hBG5vMBqkXoKVhe5nKFmfjAVyNoGHSr22VXcrkoN,hBG5vMBqkXoKVhe5nKFmfjAVyNoGHSr22VXcrkoN,MOx9AM3J6rnEQQJCSsWfT7wdOetSni3OV0mrNgho,BR0isoSnDlgTmIqukAORkXTz6C9ABpEWp1Yw4Fx6,hBG5vMBqkXoKVhe5nKFmfjAVyNoGHSr22VXcrkoN,G97yzpX8HPnbmrVEC0Aoz2si9mlAiCfZmduqw99n
G0PLr6xT9E96wJTJXQDNB728J4rHnKFKya5jIcwT,G0PLr6xT9E96wJTJXQDNB728J4rHnKFKya5jIcwT,I9zyEumkNRxIzJ9lhMe24gjeuA05krtaF8GygUHD,0tSt4SUsOj8fKBL2OwFTAz878S85snjiNnAx7n8z,G97yzpX8HPnbmrVEC0Aoz2si9mlAiCfZmduqw99n,MOx9AM3J6rnEQQJCSsWfT7wdOetSni3OV0mrNgho
DboXcHUzjiTnEyfVzMA8hgefX2B7suIPftuPWSyq,DboXcHUzjiTnEyfVzMA8hgefX2B7suIPftuPWSyq,BR0isoSnDlgTmIqukAORkXTz6C9ABpEWp1Yw4Fx6,hBG5vMBqkXoKVhe5nKFmfjAVyNoGHSr22VXcrkoN,MOx9AM3J6rnEQQJCSsWfT7wdOetSni3OV0mrNgho,I9zyEumkNRxIzJ9lhMe24gjeuA05krtaF8GygUHD
neo9uYRJVawyUm1nyXvQrJxwVqapvXp6gVg6kwxr,neo9uYRJVawyUm1nyXvQrJxwVqapvXp6gVg6kwxr,0tSt4SUsOj8fKBL2OwFTAz878S85snjiNnAx7n8z,G0PLr6xT9E96wJTJXQDNB728J4rHnKFKya5jIcwT,I9zyEumkNRxIzJ9lhMe24gjeuA05krtaF8GygUHD,BR0isoSnDlgTmIqukAORkXTz6C9ABpEWp1Yw4Fx6
G97yzpX8HPnbmrVEC0Aoz2si9mlAiCfZmduqw99n,nOgJEtffp9e3P1qN9pqUrIZB0WQ9VIdptmx5wtia,hBG5vMBqkXoKVhe5nKFmfjAVyNoGHSr22VXcrkoN,G97yzpX8HPnbmrVEC0Aoz2si9mlAiCfZmduqw99n,BR0isoSnDlgTmIqukAORkXTz6C9ABpEWp1Yw4Fx6,0tSt4SUsOj8fKBL2OwFTAz878S85snjiNnAx7n8z
MOx9AM3J6rnEQQJCSsWfT7wdOetSni3OV0mrNgho,G97yzpX8HPnbmrVEC0Aoz2si9mlAiCfZmduqw99n,G0PLr6xT9E96wJTJXQDNB728J4rHnKFKya5jIcwT,MOx9AM3J6rnEQQJCSsWfT7wdOetSni3OV0mrNgho,0tSt4SUsOj8fKBL2OwFTAz878S85snjiNnAx7n8z,G97yzpX8HPnbmrVEC0Aoz2si9mlAiCfZmduqw99n
I9zyEumkNRxIzJ9lhMe24gjeuA05krtaF8GygUHD,MOx9AM3J6rnEQQJCSsWfT7wdOetSni3OV0mrNgho,DboXcHUzjiTnEyfVzMA8hgefX2B7suIPftuPWSyq,I9zyEumkNRxIzJ9lhMe24gjeuA05krtaF8GygUHD,hBG5vMBqkXoKVhe5nKFmfjAVyNoGHSr22VXcrkoN,MOx9AM3J6rnEQQJCSsWfT7wdOetSni3OV0mrNgho
BR0isoSnDlgTmIqukAORkXTz6C9ABpEWp1Yw4Fx6,I9zyEumkNRxIzJ9lhMe24gjeuA05krtaF8GygUHD,G97yzpX8HPnbmrVEC0Aoz2si9mlAiCfZmduqw99n,BR0isoSnDlgTmIqukAORkXTz6C9ABpEWp1Yw4Fx6,G97yzpX8HPnbmrVEC0Aoz2si9mlAiCfZmduqw99n,I9zyEumkNRxIzJ9lhMe24gjeuA05krtaF8GygUHD
0tSt4SUsOj8fKBL2OwFTAz878S85snjiNnAx7n8z,BR0isoSnDlgTmIqukAORkXTz6C9ABpEWp1Yw4Fx6,MOx9AM3J6rnEQQJCSsWfT7wdOetSni3OV0mrNgho,0tSt4SUsOj8fKBL2OwFTAz878S85snjiNnAx7n8z,MOx9AM3J6rnEQQJCSsWfT7wdOetSni3OV0mrNgho,BR0isoSnDlgTmIqukAORkXTz6C9ABpEWp1Yw4Fx6
hBG5vMBqkXoKVhe5nKFmfjAVyNoGHSr22VXcrkoN,0tSt4SUsOj8fKBL2OwFTAz878S85snjiNnAx7n8z,I9zyEumkNRxIzJ9lhMe24gjeuA05krtaF8GygUHD,hBG5vMBqkXoKVhe5nKFmfjAVyNoGHSr22VXcrkoN,I9zyEumkNRxIzJ9lhMe24gjeuA05krtaF8GygUHD,0tSt4SUsOj8fKBL2OwFTAz878S85snjiNnAx7n8z
G0PLr6xT9E96wJTJXQDNB728J4rHnKFKya5jIcwT,hBG5vMBqkXoKVhe5nKFmfjAVyNoGHSr22VXcrkoN,BR0isoSnDlgTmIqukAORkXTz6C9ABpEWp1Yw4Fx6,G0PLr6xT9E96wJTJXQDNB728J4rHnKFKya5jIcwT,BR0isoSnDlgTmIqukAORkXTz6C9ABpEWp1Yw4Fx6,G97yzpX8HPnbmrVEC0Aoz2si9mlAiCfZmduqw99n
DboXcHUzjiTnEyfVzMA8hgefX2B7suIPftuPWSyq,G0PLr6xT9E96wJTJXQDNB728J4rHnKFKya5jIcwT,0tSt4SUsOj8fKBL2OwFTAz878S85snjiNnAx7n8z,G97yzpX8HPnbmrVEC0Aoz2si9mlAiCfZmduqw99n,0tSt4SUsOj8fKBL2OwFTAz878S85snjiNnAx7n8z,MOx9AM3J6rnEQQJCSsWfT7wdOetSni3OV0mrNgho
neo9uYRJVawyUm1nyXvQrJxwVqapvXp6gVg6kwxr,DboXcHUzjiTnEyfVzMA8hgefX2B7suIPftuPWSyq,hBG5vMBqkXoKVhe5nKFmfjAVyNoGHSr22VXcrkoN,MOx9AM3J6rnEQQJCSsWfT7wdOetSni3OV0mrNgho,hBG5vMBqkXoKVhe5nKFmfjAVyNoGHSr22VXcrkoN,I9zyEumkNRxIzJ9lhMe24gjeuA05krtaF8GygUHD
G97yzpX8HPnbmrVEC0Aoz2si9mlAiCfZmduqw99n,neo9uYRJVawyUm1nyXvQrJxwVqapvXp6gVg6kwxr,G0PLr6xT9E96wJTJXQDNB728J4rHnKFKya5jIcwT,I9zyEumkNRxIzJ9lhMe24gjeuA05krtaF8GygUHD,G97yzpX8HPnbmrVEC0Aoz2si9mlAiCfZmduqw99n,BR0isoSnDlgTmIqukAORkXTz6C9ABpEWp1Yw4Fx6
MOx9AM3J6rnEQQJCSsWfT7wdOetSni3OV0mrNgho,nOgJEtffp9e3P1qN9pqUrIZB0WQ9VIdptmx5wtia,DboXcHUzjiTnEyfVzMA8hgefX2B7suIPftuPWSyq,BR0isoSnDlgTmIqukAORkXTz6C9ABpEWp1Yw4Fx6,MOx9AM3J6rnEQQJCSsWfT7wdOetSni3OV0mrNgho,0tSt4SUsOj8fKBL2OwFTAz878S85snjiNnAx7n8z
I9zyEumkNRxIzJ9lhMe24gjeuA05krtaF8GygUHD,G97yzpX8HPnbmrVEC0Aoz2si9mlAiCfZmduqw99n,G97yzpX8HPnbmrVEC0Aoz2si9mlAiCfZmduqw99n,0tSt4SUsOj8fKBL2OwFTAz878S85snjiNnAx7n8z,I9zyEumkNRxIzJ9lhMe24gjeuA05krtaF8GygUHD,G97yzpX8HPnbmrVEC0Aoz2si9mlAiCfZmduqw99n
BR0isoSnDlgTmIqukAORkXTz6C9ABpEWp1Yw4Fx6,MOx9AM3J6rnEQQJCSsWfT7wdOetSni3OV0mrNgho,MOx9AM3J6rnEQQJCSsWfT7wdOetSni3OV0mrNgho,hBG5vMBqkXoKVhe5nKFmfjAVyNoGHSr22VXcrkoN,BR0isoSnDlgTmIqukAORkXTz6C9ABpEWp1Yw4Fx6,MOx9AM3J6rnEQQJCSsWfT7wdOetSni3OV0mrNgho
0tSt4SUsOj8fKBL2OwFTAz878S85snjiNnAx7n8z,I9zyEumkNRxIzJ9lhMe24gjeuA05krtaF8GygUHD,I9zyEumkNRxIzJ9lhMe24gjeuA05krtaF8GygUHD,G0PLr6xT9E96wJTJXQDNB728J4rHnKFKya5jIcwT,0tSt4SUsOj8fKBL2OwFTAz878S85snjiNnAx7n8z,I9zyEumkNRxIzJ9lhMe24gjeuA05krtaF8GygUHD
hBG5vMBqkXoKVhe5nKFmfjAVyNoGHSr22VXcrkoN,BR0isoSnDlgTmIqukAORkXTz6C9ABpEWp1Yw4Fx6,BR0isoSnDlgTmIqukAORkXTz6C9ABpEWp1Yw4Fx6,G97yzpX8HPnbmrVEC0Aoz2si9mlAiCfZmduqw99n,hBG5vMBqkXoKVhe5nKFmfjAVyNoGHSr22VXcrkoN,BR0isoSnDlgTmIqukAORkXTz6C9ABpEWp1Yw4Fx6
G0PLr6xT9E96wJTJXQDNB728J4rHnKFKya5jIcwT,0tSt4SUsOj8fKBL2OwFTAz878S85snjiNnAx7n8z,0tSt4SUsOj8fKBL2OwFTAz878S85snjiNnAx7n8z,MOx9AM3J6rnEQQJCSsWfT7wdOetSni3OV0mrNgho,G97yzpX8HPnbmrVEC0Aoz2si9mlAiCfZmduqw99n,0tSt4SUsOj8fKBL2OwFTAz878S85snjiNnAx7n8z
DboXcHUzjiTnEyfVzMA8hgefX2B7suIPftuPWSyq,hBG5vMBqkXoKVhe5nKFmfjAVyNoGHSr22VXcrkoN,hBG5vMBqkXoKVhe5nKFmfjAVyNoGHSr22VXcrkoN,I9zyEumkNRxIzJ9lhMe24gjeuA05krtaF8GygUHD,MOx9AM3J6rnEQQJCSsWfT7wdOetSni3OV0mrNgho,G97yzpX8HPnbmrVEC0Aoz2si9mlAiCfZmduqw99n
neo9uYRJVawyUm1nyXvQrJxwVqapvXp6gVg6kwxr,G0PLr6xT9E96wJTJXQDNB728J4rHnKFKya5jIcwT,G0PLr6xT9E96wJTJXQDNB728J4rHnKFKya5jIcwT,BR0isoSnDlgTmIqukAORkXTz6C9ABpEWp1Yw4Fx6,I9zyEumkNRxIzJ9lhMe24gjeuA05krtaF8GygUHD,MOx9AM3J6rnEQQJCSsWfT7wdOetSni3OV0mrNgho
G97yzpX8HPnbmrVEC0Aoz2si9mlAiCfZmduqw99n,DboXcHUzjiTnEyfVzMA8hgefX2B7suIPftuPWSyq,DboXcHUzjiTnEyfVzMA8hgefX2B7suIPftuPWSyq,0tSt4SUsOj8fKBL2OwFTAz878S85snjiNnAx7n8z,BR0isoSnDlgTmIqukAORkXTz6C9ABpEWp1Yw4Fx6,I9zyEumkNRxIzJ9lhMe24gjeuA05krtaF8GygUHD
MOx9AM3J6rnEQQJCSsWfT7wdOetSni3OV0mrNgho,neo9uYRJVawyUm1nyXvQrJxwVqapvXp6gVg6kwxr,G97yzpX8HPnbmrVEC0Aoz2si9mlAiCfZmduqw99n,hBG5vMBqkXoKVhe5nKFmfjAVyNoGHSr22VXcrkoN,0tSt4SUsOj8fKBL2OwFTAz878S85snjiNnAx7n8z,BR0isoSnDlgTmIqukAORkXTz6C9ABpEWp1Yw4Fx6
I9zyEumkNRxIzJ9lhMe24gjeuA05krtaF8GygUHD,nOgJEtffp9e3P1qN9pqUrIZB0WQ9VIdptmx5wtia,MOx9AM3J6rnEQQJCSsWfT7wdOetSni3OV0mrNgho,G0PLr6xT9E96wJTJXQDNB728J4rHnKFKya5jIcwT,hBG5vMBqkXoKVhe5nKFmfjAVyNoGHSr22VXcrkoN,0tSt4SUsOj8fKBL2OwFTAz878S85snjiNnAx7n8z
BR0isoSnDlgTmIqukAORkXTz6C9ABpEWp1Yw4Fx6,G97yzpX8HPnbmrVEC0Aoz2si9mlAiCfZmduqw99n,I9zyEumkNRxIzJ9lhMe24gjeuA05krtaF8GygUHD,G97yzpX8HPnbmrVEC0Aoz2si9mlAiCfZmduqw99n,G97yzpX8HPnbmrVEC0Aoz2si9mlAiCfZmduqw99n,G97yzpX8HPnbmrVEC0Aoz2si9mlAiCfZmduqw99n
0tSt4SUsOj8fKBL2OwFTAz878S85snjiNnAx7n8z,MOx9AM3J6rnEQQJCSsWfT7wdOetSni3OV0mrNgho,BR0isoSnDlgTmIqukAORkXTz6C9ABpEWp1Yw4Fx6,MOx9AM3J6rnEQQJCSsWfT7wdOetSni3OV0mrNgho,MOx9AM3J6rnEQQJCSsWfT7wdOetSni3OV0mrNgho,MOx9AM3J6rnEQQJCSsWfT7wdOetSni3OV0mrNgho
hBG5vMBqkXoKVhe5nKFmfjAVyNoGHSr22VXcrkoN,I9zyEumkNRxIzJ9lhMe24gjeuA05krtaF8GygUHD,0tSt4SUsOj8fKBL2OwFTAz878S85snjiNnAx7n8z,I9zyEumkNRxIzJ9lhMe24gjeuA05krtaF8GygUHD,I9zyEumkNRxIzJ9lhMe24gjeuA05krtaF8GygUHD,I9zyEumkNRxIzJ9lhMe24gjeuA05krtaF8GygUHD
G0PLr6xT9E96wJTJXQDNB728J4rHnKFKya5jIcwT,BR0isoSnDlgTmIqukAORkXTz6C9ABpEWp1Yw4Fx6,hBG5vMBqkXoKVhe5nKFmfjAVyNoGHSr22VXcrkoN,BR0isoSnDlgTmIqukAORkXTz6C9ABpEWp1Yw4Fx6,BR0isoSnDlgTmIqukAORkXTz6C9ABpEWp1Yw4Fx6,BR0isoSnDlgTmIqukAORkXTz6C9ABpEWp1Yw4Fx6
DboXcHUzjiTnEyfVzMA8hgefX2B7suIPftuPWSyq,0tSt4SUsOj8fKBL2OwFTAz878S85snjiNnAx7n8z,G0PLr6xT9E96wJTJXQDNB728J4rHnKFKya5jIcwT,0tSt4SUsOj8fKBL2OwFTAz878S85snjiNnAx7n8z,0tSt4SUsOj8fKBL2OwFTAz878S85snjiNnAx7n8z,0tSt4SUsOj8fKBL2OwFTAz878S85snjiNnAx7n8z
neo9uYRJVawyUm1nyXvQrJxwVqapvXp6gVg6kwxr,hBG5vMBqkXoKVhe5nKFmfjAVyNoGHSr22VXcrkoN,DboXcHUzjiTnEyfVzMA8hgefX2B7suIPftuPWSyq,hBG5vMBqkXoKVhe5nKFmfjAVyNoGHSr22VXcrkoN,hBG5vMBqkXoKVhe5nKFmfjAVyNoGHSr22VXcrkoN,G97yzpX8HPnbmrVEC0Aoz2si9mlAiCfZmduqw99n
G97yzpX8HPnbmrVEC0Aoz2si9mlAiCfZmduqw99n,G0PLr6xT9E96wJTJXQDNB728J4rHnKFKya5jIcwT,G97yzpX8HPnbmrVEC0Aoz2si9mlAiCfZmduqw99n,G0PLr6xT9E96wJTJXQDNB728J4rHnKFKya5jIcwT,G97yzpX8HPnbmrVEC0Aoz2si9mlAiCfZmduqw99n,MOx9AM3J6rnEQQJCSsWfT7wdOetSni3OV0mrNgho
MOx9AM3J6rnEQQJCSsWfT7wdOetSni3OV0mrNgho,DboXcHUzjiTnEyfVzMA8hgefX2B7suIPftuPWSyq,MOx9AM3J6rnEQQJCSsWfT7wdOetSni3OV0mrNgho,G97yzpX8HPnbmrVEC0Aoz2si9mlAiCfZmduqw99n,MOx9AM3J6rnEQQJCSsWfT7wdOetSni3OV0mrNgho,I9zyEumkNRxIzJ9lhMe24gjeuA05krtaF8GygUHD
I9zyEumkNRxIzJ9lhMe24gjeuA05krtaF8GygUHD,neo9uYRJVawyUm1nyXvQrJxwVqapvXp6gVg6kwxr,I9zyEumkNRxIzJ9lhMe24gjeuA05krtaF8GygUHD,MOx9AM3J6rnEQQJCSsWfT7wdOetSni3OV0mrNgho,I9zyEumkNRxIzJ9lhMe24gjeuA05krtaF8GygUHD,BR0isoSnDlgTmIqukAORkXTz6C9ABpEWp1Yw4Fx6
BR0isoSnDlgTmIqukAORkXTz6C9ABpEWp1Yw4Fx6,nOgJEtffp9e3P1qN9pqUrIZB0WQ9VIdptmx5wtia,BR0isoSnDlgTmIqukAORkXTz6C9ABpEWp1Yw4Fx6,I9zyEumkNRxIzJ9lhMe24gjeuA05krtaF8GygUHD,BR0isoSnDlgTmIqukAORkXTz6C9ABpEWp1Yw4Fx6,0tSt4SUsOj8fKBL2OwFTAz878S85snjiNnAx7n8z
0tSt4SUsOj8fKBL2OwFTAz878S85snjiNnAx7n8z,G97yzpX8HPnbmrVEC0Aoz2si9mlAiCfZmduqw99n,0tSt4SUsOj8fKBL2OwFTAz878S85snjiNnAx7n8z,BR0isoSnDlgTmIqukAORkXTz6C9ABpEWp1Yw4Fx6,0tSt4SUsOj8fKBL2OwFTAz878S85snjiNnAx7n8z,G97yzpX8HPnbmrVEC0Aoz2si9mlAiCfZmduqw99n
hBG5vMBqkXoKVhe5nKFmfjAVyNoGHSr22VXcrkoN,MOx9AM3J6rnEQQJCSsWfT7wdOetSni3OV0mrNgho,hBG5vMBqkXoKVhe5nKFmfjAVyNoGHSr22VXcrkoN,0tSt4SUsOj8fKBL2OwFTAz878S85snjiNnAx7n8z,hBG5vMBqkXoKVhe5nKFmfjAVyNoGHSr22VXcrkoN,MOx9AM3J6rnEQQJCSsWfT7wdOetSni3OV0mrNgho
G0PLr6xT9E96wJTJXQDNB728J4rHnKFKya5jIcwT,I9zyEumkNRxIzJ9lhMe24gjeuA05krtaF8GygUHD,G0PLr6xT9E96wJTJXQDNB728J4rHnKFKya5jIcwT,hBG5vMBqkXoKVhe5nKFmfjAVyNoGHSr22VXcrkoN,G97yzpX8HPnbmrVEC0Aoz2si9mlAiCfZmduqw99n,I9zyEumkNRxIzJ9lhMe24gjeuA05krtaF8GygUHD
DboXcHUzjiTnEyfVzMA8hgefX2B7suIPftuPWSyq,BR0isoSnDlgTmIqukAORkXTz6C9ABpEWp1Yw4Fx6,DboXcHUzjiTnEyfVzMA8hgefX2B7suIPftuPWSyq,G0PLr6xT9E96wJTJXQDNB728J4rHnKFKya5jIcwT,MOx9AM3J6rnEQQJCSsWfT7wdOetSni3OV0mrNgho,BR0isoSnDlgTmIqukAORkXTz6C9ABpEWp1Yw4Fx6
neo9uYRJVawyUm1nyXvQrJxwVqapvXp6gVg6kwxr,0tSt4SUsOj8fKBL2OwFTAz878S85snjiNnAx7n8z,G97yzpX8HPnbmrVEC0Aoz2si9mlAiCfZmduqw99n,G97yzpX8HPnbmrVEC0Aoz2si9mlAiCfZmduqw99n,I9zyEumkNRxIzJ9lhMe24gjeuA05krtaF8GygUHD,0tSt4SUsOj8fKBL2OwFTAz878S85snjiNnAx7n8z
G97yzpX8HPnbmrVEC0Aoz2si9mlAiCfZmduqw99n,hBG5vMBqkXoKVhe5nKFmfjAVyNoGHSr22VXcrkoN,MOx9AM3J6rnEQQJCSsWfT7wdOetSni3OV0mrNgho,MOx9AM3J6rnEQQJCSsWfT7wdOetSni3OV0mrNgho,BR0isoSnDlgTmIqukAORkXTz6C9ABpEWp1Yw4Fx6,G97yzpX8HPnbmrVEC0Aoz2si9mlAiCfZmduqw99n
MOx9AM3J6rnEQQJCSsWfT7wdOetSni3OV0mrNgho,G0PLr6xT9E96wJTJXQDNB728J4rHnKFKya5jIcwT,I9zyEumkNRxIzJ9lhMe24gjeuA05krtaF8GygUHD,I9zyEumkNRxIzJ9lhMe24gjeuA05krtaF8GygUHD,0tSt4SUsOj8fKBL2OwFTAz878S85snjiNnAx7n8z,MOx9AM3J6rnEQQJCSsWfT7wdOetSni3OV0mrNgho
I9zyEumkNRxIzJ9lhMe24gjeuA05krtaF8GygUHD,DboXcHUzjiTnEyfVzMA8hgefX2B7suIPftuPWSyq,BR0isoSnDlgTmIqukAORkXTz6C9ABpEWp1Yw4Fx6,BR0isoSnDlgTmIqukAORkXTz6C9ABpEWp1Yw4Fx6,hBG5vMBqkXoKVhe5nKFmfjAVyNoGHSr22VXcrkoN,I9zyEumkNRxIzJ9lhMe24gjeuA05krtaF8GygUHD
BR0isoSnDlgTmIqukAORkXTz6C9ABpEWp1Yw4Fx6,neo9uYRJVawyUm1nyXvQrJxwVqapvXp6gVg6kwxr,0tSt4SUsOj8fKBL2OwFTAz878S85snjiNnAx7n8z,0tSt4SUsOj8fKBL2OwFTAz878S85snjiNnAx7n8z,G97yzpX8HPnbmrVEC0Aoz2si9mlAiCfZmduqw99n,BR0isoSnDlgTmIqukAORkXTz6C9ABpEWp1Yw4Fx6
0tSt4SUsOj8fKBL2OwFTAz878S85snjiNnAx7n8z,nOgJEtffp9e3P1qN9pqUrIZB0WQ9VIdptmx5wtia,hBG5vMBqkXoKVhe5nKFmfjAVyNoGHSr22VXcrkoN,hBG5vMBqkXoKVhe5nKFmfjAVyNoGHSr22VXcrkoN,MOx9AM3J6rnEQQJCSsWfT7wdOetSni3OV0mrNgho,0tSt4SUsOj8fKBL2OwFTAz878S85snjiNnAx7n8z
hBG5vMBqkXoKVhe5nKFmfjAVyNoGHSr22VXcrkoN,G97yzpX8HPnbmrVEC0Aoz2si9mlAiCfZmduqw99n,G0PLr6xT9E96wJTJXQDNB728J4rHnKFKya5jIcwT,G0PLr6xT9E96wJTJXQDNB728J4rHnKFKya5jIcwT,I9zyEumkNRxIzJ9lhMe24gjeuA05krtaF8GygUHD,G97yzpX8HPnbmrVEC0Aoz2si9mlAiCfZmduqw99n
G0PLr6xT9E96wJTJXQDNB728J4rHnKFKya5jIcwT,MOx9AM3J6rnEQQJCSsWfT7wdOetSni3OV0mrNgho,DboXcHUzjiTnEyfVzMA8hgefX2B7suIPftuPWSyq,G97yzpX8HPnbmrVEC0Aoz2si9mlAiCfZmduqw99n,BR0isoSnDlgTmIqukAORkXTz6C9ABpEWp1Yw4Fx6,MOx9AM3J6rnEQQJCSsWfT7wdOetSni3OV0mrNgho
DboXcHUzjiTnEyfVzMA8hgefX2B7suIPftuPWSyq,I9zyEumkNRxIzJ9lhMe24gjeuA05krtaF8GygUHD,G97yzpX8HPnbmrVEC0Aoz2si9mlAiCfZmduqw99n,MOx9AM3J6rnEQQJCSsWfT7wdOetSni3OV0mrNgho,0tSt4SUsOj8fKBL2OwFTAz878S85snjiNnAx7n8z,I9zyEumkNRxIzJ9lhMe24gjeuA05krtaF8GygUHD
neo9uYRJVawyUm1nyXvQrJxwVqapvXp6gVg6kwxr,BR0isoSnDlgTmIqukAORkXTz6C9ABpEWp1Yw4Fx6,MOx9AM3J6rnEQQJCSsWfT7wdOetSni3OV0mrNgho,I9zyEumkNRxIzJ9lhMe24gjeuA05krtaF8GygUHD,hBG5vMBqkXoKVhe5nKFmfjAVyNoGHSr22VXcrkoN,BR0isoSnDlgTmIqukAORkXTz6C9ABpEWp1Yw4Fx6
G97yzpX8HPnbmrVEC0Aoz2si9mlAiCfZmduqw99n,0tSt4SUsOj8fKBL2OwFTAz878S85snjiNnAx7n8z,I9zyEumkNRxIzJ9lhMe24gjeuA05krtaF8GygUHD,BR0isoSnDlgTmIqukAORkXTz6C9ABpEWp1Yw4Fx6,G97yzpX8HPnbmrVEC0Aoz2si9mlAiCfZmduqw99n,0tSt4SUsOj8fKBL2OwFTAz878S85snjiNnAx7n8z
MOx9AM3J6rnEQQJCSsWfT7wdOetSni3OV0mrNgho,hBG5vMBqkXoKVhe5nKFmfjAVyNoGHSr22VXcrkoN,BR0isoSnDlgTmIqukAORkXTz6C9ABpEWp1Yw4Fx6,0tSt4SUsOj8fKBL2OwFTAz878S85snjiNnAx7n8z,MOx9AM3J6rnEQQJCSsWfT7wdOetSni3OV0mrNgho,G97yzpX8HPnbmrVEC0Aoz2si9mlAiCfZmduqw99n
I9zyEumkNRxIzJ9lhMe24gjeuA05krtaF8GygUHD,G0PLr6xT9E96wJTJXQDNB728J4rHnKFKya5jIcwT,0tSt4SUsOj8fKBL2OwFTAz878S85snjiNnAx7n8z,hBG5vMBqkXoKVhe5nKFmfjAVyNoGHSr22VXcrkoN,I9zyEumkNRxIzJ9lhMe24gjeuA05krtaF8GygUHD,MOx9AM3J6rnEQQJCSsWfT7wdOetSni3OV0mrNgho
BR0isoSnDlgTmIqukAORkXTz6C9ABpEWp1Yw4Fx6,DboXcHUzjiTnEyfVzMA8hgefX2B7suIPftuPWSyq,hBG5vMBqkXoKVhe5nKFmfjAVyNoGHSr22VXcrkoN,G0PLr6xT9E96wJTJXQDNB728J4rHnKFKya5jIcwT,BR0isoSnDlgTmIqukAORkXTz6C9ABpEWp1Yw4Fx6,I9zyEumkNRxIzJ9lhMe24gjeuA05krtaF8GygUHD
0tSt4SUsOj8fKBL2OwFTAz878S85snjiNnAx7n8z,neo9uYRJVawyUm1nyXvQrJxwVqapvXp6gVg6kwxr,G0PLr6xT9E96wJTJXQDNB728J4rHnKFKya5jIcwT,G97yzpX8HPnbmrVEC0Aoz2si9mlAiCfZmduqw99n,0tSt4SUsOj8fKBL2OwFTAz878S85snjiNnAx7n8z,BR0isoSnDlgTmIqukAORkXTz6C9ABpEWp1Yw4Fx6
hBG5vMBqkXoKVhe5nKFmfjAVyNoGHSr22VXcrkoN,nOgJEtffp9e3P1qN9pqUrIZB0WQ9VIdptmx5wtia,DboXcHUzjiTnEyfVzMA8hgefX2B7suIPftuPWSyq,MOx9AM3J6rnEQQJCSsWfT7wdOetSni3OV0mrNgho,hBG5vMBqkXoKVhe5nKFmfjAVyNoGHSr22VXcrkoN,0tSt4SUsOj8fKBL2OwFTAz878S85snjiNnAx7n8z
G0PLr6xT9E96wJTJXQDNB728J4rHnKFKya5jIcwT,G97yzpX8HPnbmrVEC0Aoz2si9mlAiCfZmduqw99n,G97yzpX8HPnbmrVEC0Aoz2si9mlAiCfZmduqw99n,I9zyEumkNRxIzJ9lhMe24gjeuA05krtaF8GygUHD,G97yzpX8HPnbmrVEC0Aoz2si9mlAiCfZmduqw99n,G97yzpX8HPnbmrVEC0Aoz2si9mlAiCfZmduqw99n
DboXcHUzjiTnEyfVzMA8hgefX2B7suIPftuPWSyq,MOx9AM3J6rnEQQJCSsWfT7wdOetSni3OV0mrNgho,MOx9AM3J6rnEQQJCSsWfT7wdOetSni3OV0mrNgho,BR0isoSnDlgTmIqukAORkXTz6C9ABpEWp1Yw4Fx6,MOx9AM3J6rnEQQJCSsWfT7wdOetSni3OV0mrNgho,MOx9AM3J6rnEQQJCSsWfT7wdOetSni3OV0mrNgho
neo9uYRJVawyUm1nyXvQrJxwVqapvXp6gVg6kwxr,I9zyEumkNRxIzJ9lhMe24gjeuA05krtaF8GygUHD,I9zyEumkNRxIzJ9lhMe24gjeuA05krtaF8GygUHD,0tSt4SUsOj8fKBL2OwFTAz878S85snjiNnAx7n8z,I9zyEumkNRxIzJ9lhMe24gjeuA05krtaF8GygUHD,I9zyEumkNRxIzJ9lhMe24gjeuA05krtaF8GygUHD
G97yzpX8HPnbmrVEC0Aoz2si9mlAiCfZmduqw99n,BR0isoSnDlgTmIqukAORkXTz6C9ABpEWp1Yw4Fx6,BR0isoSnDlgTmIqukAORkXTz6C9ABpEWp1Yw4Fx6,hBG5vMBqkXoKVhe5nKFmfjAVyNoGHSr22VXcrkoN,BR0isoSnDlgTmIqukAORkXTz6C9ABpEWp1Yw4Fx6,BR0isoSnDlgTmIqukAORkXTz6C9ABpEWp1Yw4Fx6
MOx9AM3J6rnEQQJCSsWfT7wdOetSni3OV0mrNgho,0tSt4SUsOj8fKBL2OwFTAz878S85snjiNnAx7n8z,0tSt4SUsOj8fKBL2OwFTAz878S85snjiNnAx7n8z,G0PLr6xT9E96wJTJXQDNB728J4rHnKFKya5jIcwT,0tSt4SUsOj8fKBL2OwFTAz878S85snjiNnAx7n8z,0tSt4SUsOj8fKBL2OwFTAz878S85snjiNnAx7n8z
I9zyEumkNRxIzJ9lhMe24gjeuA05krtaF8GygUHD,hBG5vMBqkXoKVhe5nKFmfjAVyNoGHSr22VXcrkoN,hBG5vMBqkXoKVhe5nKFmfjAVyNoGHSr22VXcrkoN,G97yzpX8HPnbmrVEC0Aoz2si9mlAiCfZmduqw99n,hBG5vMBqkXoKVhe5nKFmfjAVyNoGHSr22VXcrkoN,G97yzpX8HPnbmrVEC0Aoz2si9mlAiCfZmduqw99n
BR0isoSnDlgTmIqukAORkXTz6C9ABpEWp1Yw4Fx6,G0PLr6xT9E96wJTJXQDNB728J4rHnKFKya5jIcwT,G0PLr6xT9E96wJTJXQDNB728J4rHnKFKya5jIcwT,MOx9AM3J6rnEQQJCSsWfT7wdOetSni3OV0mrNgho,G97yzpX8HPnbmrVEC0Aoz2si9mlAiCfZmduqw99n,MOx9AM3J6rnEQQJCSsWfT7wdOetSni3OV0mrNgho
0tSt4SUsOj8fKBL2OwFTAz878S85snjiNnAx7n8z,DboXcHUzjiTnEyfVzMA8hgefX2B7suIPftuPWSyq,DboXcHUzjiTnEyfVzMA8hgefX2B7suIPftuPWSyq,I9zyEumkNRxIzJ9lhMe24gjeuA05krtaF8GygUHD,MOx9AM3J6rnEQQJCSsWfT7wdOetSni3OV0mrNgho,I9zyEumkNRxIzJ9lhMe24gjeuA05krtaF8GygUHD
hBG5vMBqkXoKVhe5nKFmfjAVyNoGHSr22VXcrkoN,neo9uYRJVawyUm1nyXvQrJxwVqapvXp6gVg6kwxr,G97yzpX8HPnbmrVEC0Aoz2si9mlAiCfZmduqw99n,BR0isoSnDlgTmIqukAORkXTz6C9ABpEWp1Yw4Fx6,I9zyEumkNRxIzJ9lhMe24gjeuA05krtaF8GygUHD,BR0isoSnDlgTmIqukAORkXTz6C9ABpEWp1Yw4Fx6
G0PLr6xT9E96wJTJXQDNB728J4rHnKFKya5jIcwT,nOgJEtffp9e3P1qN9pqUrIZB0WQ9VIdptmx5wtia,MOx9AM3J6rnEQQJCSsWfT7wdOetSni3OV0mrNgho,0tSt4SUsOj8fKBL2OwFTAz878S85snjiNnAx7n8z,BR0isoSnDlgTmIqukAORkXTz6C9ABpEWp1Yw4Fx6,0tSt4SUsOj8fKBL2OwFTAz878S85snjiNnAx7n8z
DboXcHUzjiTnEyfVzMA8hgefX2B7suIPftuPWSyq,G97yzpX8HPnbmrVEC0Aoz2si9mlAiCfZmduqw99n,I9zyEumkNRxIzJ9lhMe24gjeuA05krtaF8GygUHD,hBG5vMBqkXoKVhe5nKFmfjAVyNoGHSr22VXcrkoN,0tSt4SUsOj8fKBL2OwFTAz878S85snjiNnAx7n8z,G97yzpX8HPnbmrVEC0Aoz2si9mlAiCfZmduqw99n
neo9uYRJVawyUm1nyXvQrJxwVqapvXp6gVg6kwxr,MOx9AM3J6rnEQQJCSsWfT7wdOetSni3OV0mrNgho,BR0isoSnDlgTmIqukAORkXTz6C9ABpEWp1Yw4Fx6,G0PLr6xT9E96wJTJXQDNB728J4rHnKFKya5jIcwT,hBG5vMBqkXoKVhe5nKFmfjAVyNoGHSr22VXcrkoN,MOx9AM3J6rnEQQJCSsWfT7wdOetSni3OV0mrNgho
G97yzpX8HPnbmrVEC0Aoz2si9mlAiCfZmduqw99n,I9zyEumkNRxIzJ9lhMe24gjeuA05krtaF8GygUHD,0tSt4SUsOj8fKBL2OwFTAz878S85snjiNnAx7n8z,G97yzpX8HPnbmrVEC0Aoz2si9mlAiCfZmduqw99n,G97yzpX8HPnbmrVEC0Aoz2si9mlAiCfZmduqw99n,I9zyEumkNRxIzJ9lhMe24gjeuA05krtaF8GygUHD
MOx9AM3J6rnEQQJCSsWfT7wdOetSni3OV0mrNgho,BR0isoSnDlgTmIqukAORkXTz6C9ABpEWp1Yw4Fx6,hBG5vMBqkXoKVhe5nKFmfjAVyNoGHSr22VXcrkoN,MOx9AM3J6rnEQQJCSsWfT7wdOetSni3OV0mrNgho,MOx9AM3J6rnEQQJCSsWfT7wdOetSni3OV0mrNgho,BR0isoSnDlgTmIqukAORkXTz6C9ABpEWp1Yw4Fx6
I9zyEumkNRxIzJ9lhMe24gjeuA05krtaF8GygUHD,0tSt4SUsOj8fKBL2OwFTAz878S85snjiNnAx7n8z,G0PLr6xT9E96wJTJXQDNB728J4rHnKFKya5jIcwT,I9zyEumkNRxIzJ9lhMe24gjeuA05krtaF8GygUHD,I9zyEumkNRxIzJ9lhMe24gjeuA05krtaF8GygUHD,0tSt4SUsOj8fKBL2OwFTAz878S85snjiNnAx7n8z
BR0isoSnDlgTmIqukAORkXTz6C9ABpEWp1Yw4Fx6,hBG5vMBqkXoKVhe5nKFmfjAVyNoGHSr22VXcrkoN,DboXcHUzjiTnEyfVzMA8hgefX2B7suIPftuPWSyq,BR0isoSnDlgTmIqukAORkXTz6C9ABpEWp1Yw4Fx6,BR0isoSnDlgTmIqukAORkXTz6C9ABpEWp1Yw4Fx6,G97yzpX8HPnbmrVEC0Aoz2si9mlAiCfZmduqw99n
0tSt4SUsOj8fKBL2OwFTAz878S85snjiNnAx7n8z,G0PLr6xT9E96wJTJXQDNB728J4rHnKFKya5jIcwT,G97yzpX8HPnbmrVEC0Aoz2si9mlAiCfZmduqw99n,0tSt4SUsOj8fKBL2OwFTAz878S85snjiNnAx7n8z,0tSt4SUsOj8fKBL2OwFTAz878S85snjiNnAx7n8z,MOx9AM3J6rnEQQJCSsWfT7wdOetSni3OV0mrNgho
hBG5vMBqkXoKVhe5nKFmfjAVyNoGHSr22VXcrkoN,DboXcHUzjiTnEyfVzMA8hgefX2B7suIPftuPWSyq,MOx9AM3J6rnEQQJCSsWfT7wdOetSni3OV0mrNgho,hBG5vMBqkXoKVhe5nKFmfjAVyNoGHSr22VXcrkoN,hBG5vMBqkXoKVhe5nKFmfjAVyNoGHSr22VXcrkoN,I9zyEumkNRxIzJ9lhMe24gjeuA05krtaF8GygUHD
G0PLr6xT9E96wJTJXQDNB728J4rHnKFKya5jIcwT,neo9uYRJVawyUm1nyXvQrJxwVqapvXp6gVg6kwxr,I9zyEumkNRxIzJ9lhMe24gjeuA05krtaF8GygUHD,G0PLr6xT9E96wJTJXQDNB728J4rHnKFKya5jIcwT,G97yzpX8HPnbmrVEC0Aoz2si9mlAiCfZmduqw99n,BR0isoSnDlgTmIqukAORkXTz6C9ABpEWp1Yw4Fx6
DboXcHUzjiTnEyfVzMA8hgefX2B7suIPftuPWSyq,nOgJEtffp9e3P1qN9pqUrIZB0WQ9VIdptmx5wtia,BR0isoSnDlgTmIqukAORkXTz6C9ABpEWp1Yw4Fx6,G97yzpX8HPnbmrVEC0Aoz2si9mlAiCfZmduqw99n,MOx9AM3J6rnEQQJCSsWfT7wdOetSni3OV0mrNgho,0tSt4SUsOj8fKBL2OwFTAz878S85snjiNnAx7n8z
neo9uYRJVawyUm1nyXvQrJxwVqapvXp6gVg6kwxr,G97yzpX8HPnbmrVEC0Aoz2si9mlAiCfZmduqw99n,0tSt4SUsOj8fKBL2OwFTAz878S85snjiNnAx7n8z,MOx9AM3J6rnEQQJCSsWfT7wdOetSni3OV0mrNgho,I9zyEumkNRxIzJ9lhMe24gjeuA05krtaF8GygUHD,G97yzpX8HPnbmrVEC0Aoz2si9mlAiCfZmduqw99n
G97yzpX8HPnbmrVEC0Aoz2si9mlAiCfZmduqw99n,MOx9AM3J6rnEQQJCSsWfT7wdOetSni3OV0mrNgho,hBG5vMBqkXoKVhe5nKFmfjAVyNoGHSr22VXcrkoN,I9zyEumkNRxIzJ9lhMe24gjeuA05krtaF8GygUHD,BR0isoSnDlgTmIqukAORkXTz6C9ABpEWp1Yw4Fx6,MOx9AM3J6rnEQQJCSsWfT7wdOetSni3OV0mrNgho
MOx9AM3J6rnEQQJCSsWfT7wdOetSni3OV0mrNgho,I9zyEumkNRxIzJ9lhMe24gjeuA05krtaF8GygUHD,G0PLr6xT9E96wJTJXQDNB728J4rHnKFKya5jIcwT,BR0isoSnDlgTmIqukAORkXTz6C9ABpEWp1Yw4Fx6,0tSt4SUsOj8fKBL2OwFTAz878S85snjiNnAx7n8z,I9zyEumkNRxIzJ9lhMe24gjeuA05krtaF8GygUHD
I9zyEumkNRxIzJ9lhMe24gjeuA05krtaF8GygUHD,BR0isoSnDlgTmIqukAORkXTz6C9ABpEWp1Yw4Fx6,DboXcHUzjiTnEyfVzMA8hgefX2B7suIPftuPWSyq,0tSt4SUsOj8fKBL2OwFTAz878S85snjiNnAx7n8z,hBG5vMBqkXoKVhe5nKFmfjAVyNoGHSr22VXcrkoN,BR0isoSnDlgTmIqukAORkXTz6C9ABpEWp1Yw4Fx6
BR0isoSnDlgTmIqukAORkXTz6C9ABpEWp1Yw4Fx6,0tSt4SUsOj8fKBL2OwFTAz878S85snjiNnAx7n8z,G97yzpX8HPnbmrVEC0Aoz2si9mlAiCfZmduqw99n,hBG5vMBqkXoKVhe5nKFmfjAVyNoGHSr22VXcrkoN,G97yzpX8HPnbmrVEC0Aoz2si9mlAiCfZmduqw99n,0tSt4SUsOj8fKBL2OwFTAz878S85snjiNnAx7n8z
0tSt4SUsOj8fKBL2OwFTAz878S85snjiNnAx7n8z,hBG5vMBqkXoKVhe5nKFmfjAVyNoGHSr22VXcrkoN,MOx9AM3J6rnEQQJCSsWfT7wdOetSni3OV0mrNgho,G0PLr6xT9E96wJTJXQDNB728J4rHnKFKya5jIcwT,MOx9AM3J6rnEQQJCSsWfT7wdOetSni3OV0mrNgho,G97yzpX8HPnbmrVEC0Aoz2si9mlAiCfZmduqw99n
hBG5vMBqkXoKVhe5nKFmfjAVyNoGHSr22VXcrkoN,G0PLr6xT9E96wJTJXQDNB728J4rHnKFKya5jIcwT,I9zyEumkNRxIzJ9lhMe24gjeuA05krtaF8GygUHD,G97yzpX8HPnbmrVEC0Aoz2si9mlAiCfZmduqw99n,I9zyEumkNRxIzJ9lhMe24gjeuA05krtaF8GygUHD,MOx9AM3J6rnEQQJCSsWfT7wdOetSni3OV0mrNgho
G0PLr6xT9E96wJTJXQDNB728J4rHnKFKya5jIcwT,DboXcHUzjiTnEyfVzMA8hgefX2B7suIPftuPWSyq,BR0isoSnDlgTmIqukAORkXTz6C9ABpEWp1Yw4Fx6,MOx9AM3J6rnEQQJCSsWfT7wdOetSni3OV0mrNgho,BR0isoSnDlgTmIqukAORkXTz6C9ABpEWp1Yw4Fx6,I9zyEumkNRxIzJ9lhMe24gjeuA05krtaF8GygUHD
DboXcHUzjiTnEyfVzMA8hgefX2B7suIPftuPWSyq,neo9uYRJVawyUm1nyXvQrJxwVqapvXp6gVg6kwxr,0tSt4SUsOj8fKBL2OwFTAz878S85snjiNnAx7n8z,I9zyEumkNRxIzJ9lhMe24gjeuA05krtaF8GygUHD,0tSt4SUsOj8fKBL2OwFTAz878S85snjiNnAx7n8z,BR0isoSnDlgTmIqukAORkXTz6C9ABpEWp1Yw4Fx6
neo9uYRJVawyUm1nyXvQrJxwVqapvXp6gVg6kwxr,nOgJEtffp9e3P1qN9pqUrIZB0WQ9VIdptmx5wtia,hBG5vMBqkXoKVhe5nKFmfjAVyNoGHSr22VXcrkoN,BR0isoSnDlgTmIqukAORkXTz6C9ABpEWp1Yw4Fx6,hBG5vMBqkXoKVhe5nKFmfjAVyNoGHSr22VXcrkoN,0tSt4SUsOj8fKBL2OwFTAz878S85snjiNnAx7n8z
G97yzpX8HPnbmrVEC0Aoz2si9mlAiCfZmduqw99n,G97yzpX8HPnbmrVEC0Aoz2si9mlAiCfZmduqw99n,G0PLr6xT9E96wJTJXQDNB728J4rHnKFKya5jIcwT,0tSt4SUsOj8fKBL2OwFTAz878S85snjiNnAx7n8z,G97yzpX8HPnbmrVEC0Aoz2si9mlAiCfZmduqw99n,G97yzpX8HPnbmrVEC0Aoz2si9mlAiCfZmduqw99n
MOx9AM3J6rnEQQJCSsWfT7wdOetSni3OV0mrNgho,MOx9AM3J6rnEQQJCSsWfT7wdOetSni3OV0mrNgho,DboXcHUzjiTnEyfVzMA8hgefX2B7suIPftuPWSyq,hBG5vMBqkXoKVhe5nKFmfjAVyNoGHSr22VXcrkoN,MOx9AM3J6rnEQQJCSsWfT7wdOetSni3OV0mrNgho,MOx9AM3J6rnEQQJCSsWfT7wdOetSni3OV0mrNgho
I9zyEumkNRxIzJ9lhMe24gjeuA05krtaF8GygUHD,I9zyEumkNRxIzJ9lhMe24gjeuA05krtaF8GygUHD,G97yzpX8HPnbmrVEC0Aoz2si9mlAiCfZmduqw99n,G0PLr6xT9E96wJTJXQDNB728J4rHnKFKya5jIcwT,I9zyEumkNRxIzJ9lhMe24gjeuA05krtaF8GygUHD,I9zyEumkNRxIzJ9lhMe24gjeuA05krtaF8GygUHD
BR0isoSnDlgTmIqukAORkXTz6C9ABpEWp1Yw4Fx6,BR0isoSnDlgTmIqukAORkXTz6C9ABpEWp1Yw4Fx6,MOx9AM3J6rnEQQJCSsWfT7wdOetSni3OV0mrNgho,G97yzpX8HPnbmrVEC0Aoz2si9mlAiCfZmduqw99n,BR0isoSnDlgTmIqukAORkXTz6C9ABpEWp1Yw4Fx6,BR0isoSnDlgTmIqukAORkXTz6C9ABpEWp1Yw4Fx6
0tSt4SUsOj8fKBL2OwFTAz878S85snjiNnAx7n8z,0tSt4SUsOj8fKBL2OwFTAz878S85snjiNnAx7n8z,I9zyEumkNRxIzJ9lhMe24gjeuA05krtaF8GygUHD,MOx9AM3J6rnEQQJCSsWfT7wdOetSni3OV0mrNgho,0tSt4SUsOj8fKBL2OwFTAz878S85snjiNnAx7n8z,0tSt4SUsOj8fKBL2OwFTAz878S85snjiNnAx7n8z
hBG5vMBqkXoKVhe5nKFmfjAVyNoGHSr22VXcrkoN,hBG5vMBqkXoKVhe5nKFmfjAVyNoGHSr22VXcrkoN,BR0isoSnDlgTmIqukAORkXTz6C9ABpEWp1Yw4Fx6,I9zyEumkNRxIzJ9lhMe24gjeuA05krtaF8GygUHD,hBG5vMBqkXoKVhe5nKFmfjAVyNoGHSr22VXcrkoN,G97yzpX8HPnbmrVEC0Aoz2si9mlAiCfZmduqw99n
G0PLr6xT9E96wJTJXQDNB728J4rHnKFKya5jIcwT,G0PLr6xT9E96wJTJXQDNB728J4rHnKFKya5jIcwT,0tSt4SUsOj8fKBL2OwFTAz878S85snjiNnAx7n8z,BR0isoSnDlgTmIqukAORkXTz6C9ABpEWp1Yw4Fx6,G97yzpX8HPnbmrVEC0Aoz2si9mlAiCfZmduqw99n,MOx9AM3J6rnEQQJCSsWfT7wdOetSni3OV0mrNgho
DboXcHUzjiTnEyfVzMA8hgefX2B7suIPftuPWSyq,DboXcHUzjiTnEyfVzMA8hgefX2B7suIPftuPWSyq,hBG5vMBqkXoKVhe5nKFmfjAVyNoGHSr22VXcrkoN,0tSt4SUsOj8fKBL2OwFTAz878S85snjiNnAx7n8z,MOx9AM3J6rnEQQJCSsWfT7wdOetSni3OV0mrNgho,I9zyEumkNRxIzJ9lhMe24gjeuA05krtaF8GygUHD
neo9uYRJVawyUm1nyXvQrJxwVqapvXp6gVg6kwxr,neo9uYRJVawyUm1nyXvQrJxwVqapvXp6gVg6kwxr,G0PLr6xT9E96wJTJXQDNB728J4rHnKFKya5jIcwT,hBG5vMBqkXoKVhe5nKFmfjAVyNoGHSr22VXcrkoN,I9zyEumkNRxIzJ9lhMe24gjeuA05krtaF8GygUHD,BR0isoSnDlgTmIqukAORkXTz6C9ABpEWp1Yw4Fx6
G97yzpX8HPnbmrVEC0Aoz2si9mlAiCfZmduqw99n,nOgJEtffp9e3P1qN9pqUrIZB0WQ9VIdptmx5wtia,DboXcHUzjiTnEyfVzMA8hgefX2B7suIPftuPWSyq,G0PLr6xT9E96wJTJXQDNB728J4rHnKFKya5jIcwT,BR0isoSnDlgTmIqukAORkXTz6C9ABpEWp1Yw4Fx6,0tSt4SUsOj8fKBL2OwFTAz878S85snjiNnAx7n8z
MOx9AM3J6rnEQQJCSsWfT7wdOetSni3OV0mrNgho,G97yzpX8HPnbmrVEC0Aoz2si9mlAiCfZmduqw99n,G97yzpX8HPnbmrVEC0Aoz2si9mlAiCfZmduqw99n,G97yzpX8HPnbmrVEC0Aoz2si9mlAiCfZmduqw99n,0tSt4SUsOj8fKBL2OwFTAz878S85snjiNnAx7n8z,G97yzpX8HPnbmrVEC0Aoz2si9mlAiCfZmduqw99n
I9zyEumkNRxIzJ9lhMe24gjeuA05krtaF8GygUHD,MOx9AM3J6rnEQQJCSsWfT7wdOetSni3OV0mrNgho,MOx9AM3J6rnEQQJCSsWfT7wdOetSni3OV0mrNgho,MOx9AM3J6rnEQQJCSsWfT7wdOetSni3OV0mrNgho,hBG5vMBqkXoKVhe5nKFmfjAVyNoGHSr22VXcrkoN,MOx9AM3J6rnEQQJCSsWfT7wdOetSni3OV0mrNgho
BR0isoSnDlgTmIqukAORkXTz6C9ABpEWp1Yw4Fx6,I9zyEumkNRxIzJ9lhMe24gjeuA05krtaF8GygUHD,I9zyEumkNRxIzJ9lhMe24gjeuA05krtaF8GygUHD,I9zyEumkNRxIzJ9lhMe24gjeuA05krtaF8GygUHD,G97yzpX8HPnbmrVEC0Aoz2si9mlAiCfZmduqw99n,I9zyEumkNRxIzJ9lhMe24gjeuA05krtaF8GygUHD
0tSt4SUsOj8fKBL2OwFTAz878S85snjiNnAx7n8z,BR0isoSnDlgTmIqukAORkXTz6C9ABpEWp1Yw4Fx6,BR0isoSnDlgTmIqukAORkXTz6C9ABpEWp1Yw4Fx6,BR0isoSnDlgTmIqukAORkXTz6C9ABpEWp1Yw4Fx6,MOx9AM3J6rnEQQJCSsWfT7wdOetSni3OV0mrNgho,BR0isoSnDlgTmIqukAORkXTz6C9ABpEWp1Yw4Fx6
hBG5vMBqkXoKVhe5nKFmfjAVyNoGHSr22VXcrkoN,0tSt4SUsOj8fKBL2OwFTAz878S85snjiNnAx7n8z,0tSt4SUsOj8fKBL2OwFTAz878S85snjiNnAx7n8z,0tSt4SUsOj8fKBL2OwFTAz878S85snjiNnAx7n8z,I9zyEumkNRxIzJ9lhMe24gjeuA05krtaF8GygUHD,0tSt4SUsOj8fKBL2OwFTAz878S85snjiNnAx7n8z
G0PLr6xT9E96wJTJXQDNB728J4rHnKFKya5jIcwT,hBG5vMBqkXoKVhe5nKFmfjAVyNoGHSr22VXcrkoN,hBG5vMBqkXoKVhe5nKFmfjAVyNoGHSr22VXcrkoN,hBG5vMBqkXoKVhe5nKFmfjAVyNoGHSr22VXcrkoN,BR0isoSnDlgTmIqukAORkXTz6C9ABpEWp1Yw4Fx6,G97yzpX8HPnbmrVEC0Aoz2si9mlAiCfZmduqw99n
DboXcHUzjiTnEyfVzMA8hgefX2B7suIPftuPWSyq,G0PLr6xT9E96wJTJXQDNB728J4rHnKFKya5jIcwT,G0PLr6xT9E96wJTJXQDNB728J4rHnKFKya5jIcwT,G0PLr6xT9E96wJTJXQDNB728J4rHnKFKya5jIcwT,0tSt4SUsOj8fKBL2OwFTAz878S85snjiNnAx7n8z,MOx9AM3J6rnEQQJCSsWfT7wdOetSni3OV0mrNgho
neo9uYRJVawyUm1nyXvQrJxwVqapvXp6gVg6kwxr,DboXcHUzjiTnEyfVzMA8hgefX2B7suIPftuPWSyq,DboXcHUzjiTnEyfVzMA8hgefX2B7suIPftuPWSyq,G97yzpX8HPnbmrVEC0Aoz2si9mlAiCfZmduqw99n,hBG5vMBqkXoKVhe5nKFmfjAVyNoGHSr22VXcrkoN,I9zyEumkNRxIzJ9lhMe24gjeuA05krtaF8GygUHD
G97yzpX8HPnbmrVEC0Aoz2si9mlAiCfZmduqw99n,neo9uYRJVawyUm1nyXvQrJxwVqapvXp6gVg6kwxr,G97yzpX8HPnbmrVEC0Aoz2si9mlAiCfZmduqw99n,MOx9AM3J6rnEQQJCSsWfT7wdOetSni3OV0mrNgho,G97yzpX8HPnbmrVEC0Aoz2si9mlAiCfZmduqw99n,BR0isoSnDlgTmIqukAORkXTz6C9ABpEWp1Yw4Fx6
MOx9AM3J6rnEQQJCSsWfT7wdOetSni3OV0mrNgho,nOgJEtffp9e3P1qN9pqUrIZB0WQ9VIdptmx5wtia,MOx9AM3J6rnEQQJCSsWfT7wdOetSni3OV0mrNgho,I9zyEumkNRxIzJ9lhMe24gjeuA05krtaF8GygUHD,MOx9AM3J6rnEQQJCSsWfT7wdOetSni3OV0mrNgho,0tSt4SUsOj8fKBL2OwFTAz878S85snjiNnAx7n8z
I9zyEumkNRxIzJ9lhMe24gjeuA05krtaF8GygUHD,G97yzpX8HPnbmrVEC0Aoz2si9mlAiCfZmduqw99n,I9zyEumkNRxIzJ9lhMe24gjeuA05krtaF8GygUHD,BR0isoSnDlgTmIqukAORkXTz6C9ABpEWp1Yw4Fx6,I9zyEumkNRxIzJ9lhMe24gjeuA05krtaF8GygUHD,G97yzpX8HPnbmrVEC0Aoz2si9mlAiCfZmduqw99n
BR0isoSnDlgTmIqukAORkXTz6C9ABpEWp1Yw4Fx6,MOx9AM3J6rnEQQJCSsWfT7wdOetSni3OV0mrNgho,BR0isoSnDlgTmIqukAORkXTz6C9ABpEWp1Yw4Fx6,0tSt4SUsOj8fKBL2OwFTAz878S85snjiNnAx7n8z,BR0isoSnDlgTmIqukAORkXTz6C9ABpEWp1Yw4Fx6,MOx9AM3J6rnEQQJCSsWfT7wdOetSni3OV0mrNgho
0tSt4SUsOj8fKBL2OwFTAz878S85snjiNnAx7n8z,I9zyEumkNRxIzJ9lhMe24gjeuA05krtaF8GygUHD,0tSt4SUsOj8fKBL2OwFTAz878S85snjiNnAx7n8z,hBG5vMBqkXoKVhe5nKFmfjAVyNoGHSr22VXcrkoN,0tSt4SUsOj8fKBL2OwFTAz878S85snjiNnAx7n8z,I9zyEumkNRxIzJ9lhMe24gjeuA05krtaF8GygUHD
hBG5vMBqkXoKVhe5nKFmfjAVyNoGHSr22VXcrkoN,BR0isoSnDlgTmIqukAORkXTz6C9ABpEWp1Yw4Fx6,hBG5vMBqkXoKVhe5nKFmfjAVyNoGHSr22VXcrkoN,G0PLr6xT9E96wJTJXQDNB728J4rHnKFKya5jIcwT,hBG5vMBqkXoKVhe5nKFmfjAVyNoGHSr22VXcrkoN,BR0isoSnDlgTmIqukAORkXTz6C9ABpEWp1Yw4Fx6
G0PLr6xT9E96wJTJXQDNB728J4rHnKFKya5jIcwT,0tSt4SUsOj8fKBL2OwFTAz878S85snjiNnAx7n8z,G0PLr6xT9E96wJTJXQDNB728J4rHnKFKya5jIcwT,G97yzpX8HPnbmrVEC0Aoz2si9mlAiCfZmduqw99n,G97yzpX8HPnbmrVEC0Aoz2si9mlAiCfZmduqw99n,0tSt4SUsOj8fKBL2OwFTAz878S85snjiNnAx7n8z
DboXcHUzjiTnEyfVzMA8hgefX2B7suIPftuPWSyq,hBG5vMBqkXoKVhe5nKFmfjAVyNoGHSr22VXcrkoN,DboXcHUzjiTnEyfVzMA8hgefX2B7suIPftuPWSyq,MOx9AM3J6rnEQQJCSsWfT7wdOetSni3OV0mrNgho,MOx9AM3J6rnEQQJCSsWfT7wdOetSni3OV0mrNgho,G97yzpX8HPnbmrVEC0Aoz2si9mlAiCfZmduqw99n
neo9uYRJVawyUm1nyXvQrJxwVqapvXp6gVg6kwxr,G0PLr6xT9E96wJTJXQDNB728J4rHnKFKya5jIcwT,G97yzpX8HPnbmrVEC0Aoz2si9mlAiCfZmduqw99n,I9zyEumkNRxIzJ9lhMe24gjeuA05krtaF8GygUHD,I9zyEumkNRxIzJ9lhMe24gjeuA05krtaF8GygUHD,MOx9AM3J6rnEQQJCSsWfT7wdOetSni3OV0mrNgho
G97yzpX8HPnbmrVEC0Aoz2si9mlAiCfZmduqw99n,DboXcHUzjiTnEyfVzMA8hgefX2B7suIPftuPWSyq,MOx9AM3J6rnEQQJCSsWfT7wdOetSni3OV0mrNgho,BR0isoSnDlgTmIqukAORkXTz6C9ABpEWp1Yw4Fx6,BR0isoSnDlgTmIqukAORkXTz6C9ABpEWp1Yw4Fx6,I9zyEumkNRxIzJ9lhMe24gjeuA05krtaF8GygUHD
MOx9AM3J6rnEQQJCSsWfT7wdOetSni3OV0mrNgho,neo9uYRJVawyUm1nyXvQrJxwVqapvXp6gVg6kwxr,I9zyEumkNRxIzJ9lhMe24gjeuA05krtaF8GygUHD,0tSt4SUsOj8fKBL2OwFTAz878S85snjiNnAx7n8z,0tSt4SUsOj8fKBL2OwFTAz878S85snjiNnAx7n8z,BR0isoSnDlgTmIqukAORkXTz6C9ABpEWp1Yw4Fx6
I9zyEumkNRxIzJ9lhMe24gjeuA05krtaF8GygUHD,nOgJEtffp9e3P1qN9pqUrIZB0WQ9VIdptmx5wtia,BR0isoSnDlgTmIqukAORkXTz6C9ABpEWp1Yw4Fx6,hBG5vMBqkXoKVhe5nKFmfjAVyNoGHSr22VXcrkoN,hBG5vMBqkXoKVhe5nKFmfjAVyNoGHSr22VXcrkoN,0tSt4SUsOj8fKBL2OwFTAz878S85snjiNnAx7n8z
BR0isoSnDlgTmIqukAORkXTz6C9ABpEWp1Yw4Fx6,G97yzpX8HPnbmrVEC0Aoz2si9mlAiCfZmduqw99n,0tSt4SUsOj8fKBL2OwFTAz878S85snjiNnAx7n8z,G0PLr6xT9E96wJTJXQDNB728J4rHnKFKya5jIcwT,G97yzpX8HPnbmrVEC0Aoz2si9mlAiCfZmduqw99n,G97yzpX8HPnbmrVEC0Aoz2si9mlAiCfZmduqw99n
0tSt4SUsOj8fKBL2OwFTAz878S85snjiNnAx7n8z,MOx9AM3J6rnEQQJCSsWfT7wdOetSni3OV0mrNgho,hBG5vMBqkXoKVhe5nKFmfjAVyNoGHSr22VXcrkoN,G97yzpX8HPnbmrVEC0Aoz2si9mlAiCfZmduqw99n,MOx9AM3J6rnEQQJCSsWfT7wdOetSni3OV0mrNgho,MOx9AM3J6rnEQQJCSsWfT7wdOetSni3OV0mrNgho
hBG5vMBqkXoKVhe5nKFmfjAVyNoGHSr22VXcrkoN,I9zyEumkNRxIzJ9lhMe24gjeuA05krtaF8GygUHD,G0PLr6xT9E96wJTJXQDNB728J4rHnKFKya5jIcwT,MOx9AM3J6rnEQQJCSsWfT7wdOetSni3OV0mrNgho,I9zyEumkNRxIzJ9lhMe24gjeuA05krtaF8GygUHD,I9zyEumkNRxIzJ9lhMe24gjeuA05krtaF8GygUHD
G0PLr6xT9E96wJTJXQDNB728J4rHnKFKya5jIcwT,BR0isoSnDlgTmIqukAORkXTz6C9ABpEWp1Yw4Fx6,DboXcHUzjiTnEyfVzMA8hgefX2B7suIPftuPWSyq,I9zyEumkNRxIzJ9lhMe24gjeuA05krtaF8GygUHD,BR0isoSnDlgTmIqukAORkXTz6C9ABpEWp1Yw4Fx6,BR0isoSnDlgTmIqukAORkXTz6C9ABpEWp1Yw4Fx6
DboXcHUzjiTnEyfVzMA8hgefX2B7suIPftuPWSyq,0tSt4SUsOj8fKBL2OwFTAz878S85snjiNnAx7n8z,G97yzpX8HPnbmrVEC0Aoz2si9mlAiCfZmduqw99n,BR0isoSnDlgTmIqukAORkXTz6C9ABpEWp1Yw4Fx6,0tSt4SUsOj8fKBL2OwFTAz878S85snjiNnAx7n8z,0tSt4SUsOj8fKBL2OwFTAz878S85snjiNnAx7n8z
neo9uYRJVawyUm1nyXvQrJxwVqapvXp6gVg6kwxr,hBG5vMBqkXoKVhe5nKFmfjAVyNoGHSr22VXcrkoN,MOx9AM3J6rnEQQJCSsWfT7wdOetSni3OV0mrNgho,0tSt4SUsOj8fKBL2OwFTAz878S85snjiNnAx7n8z,hBG5vMBqkXoKVhe5nKFmfjAVyNoGHSr22VXcrkoN,G97yzpX8HPnbmrVEC0Aoz2si9mlAiCfZmduqw99n
G97yzpX8HPnbmrVEC0Aoz2si9mlAiCfZmduqw99n,G0PLr6xT9E96wJTJXQDNB728J4rHnKFKya5jIcwT,I9zyEumkNRxIzJ9lhMe24gjeuA05krtaF8GygUHD,hBG5vMBqkXoKVhe5nKFmfjAVyNoGHSr22VXcrkoN,G97yzpX8HPnbmrVEC0Aoz2si9mlAiCfZmduqw99n,MOx9AM3J6rnEQQJCSsWfT7wdOetSni3OV0mrNgho
MOx9AM3J6rnEQQJCSsWfT7wdOetSni3OV0mrNgho,DboXcHUzjiTnEyfVzMA8hgefX2B7suIPftuPWSyq,BR0isoSnDlgTmIqukAORkXTz6C9ABpEWp1Yw4Fx6,G0PLr6xT9E96wJTJXQDNB728J4rHnKFKya5jIcwT,MOx9AM3J6rnEQQJCSsWfT7wdOetSni3OV0mrNgho,I9zyEumkNRxIzJ9lhMe24gjeuA05krtaF8GygUHD
I9zyEumkNRxIzJ9lhMe24gjeuA05krtaF8GygUHD,neo9uYRJVawyUm1nyXvQrJxwVqapvXp6gVg6kwxr,0tSt4SUsOj8fKBL2OwFTAz878S85snjiNnAx7n8z,G97yzpX8HPnbmrVEC0Aoz2si9mlAiCfZmduqw99n,I9zyEumkNRxIzJ9lhMe24gjeuA05krtaF8GygUHD,BR0isoSnDlgTmIqukAORkXTz6C9ABpEWp1Yw4Fx6
BR0isoSnDlgTmIqukAORkXTz6C9ABpEWp1Yw4Fx6,nOgJEtffp9e3P1qN9pqUrIZB0WQ9VIdptmx5wtia,hBG5vMBqkXoKVhe5nKFmfjAVyNoGHSr22VXcrkoN,MOx9AM3J6rnEQQJCSsWfT7wdOetSni3OV0mrNgho,BR0isoSnDlgTmIqukAORkXTz6C9ABpEWp1Yw4Fx6,0tSt4SUsOj8fKBL2OwFTAz878S85snjiNnAx7n8z
0tSt4SUsOj8fKBL2OwFTAz878S85snjiNnAx7n8z,G97yzpX8HPnbmrVEC0Aoz2si9mlAiCfZmduqw99n,G0PLr6xT9E96wJTJXQDNB728J4rHnKFKya5jIcwT,I9zyEumkNRxIzJ9lhMe24gjeuA05krtaF8GygUHD,0tSt4SUsOj8fKBL2OwFTAz878S85snjiNnAx7n8z,G97yzpX8HPnbmrVEC0Aoz2si9mlAiCfZmduqw99n
hBG5vMBqkXoKVhe5nKFmfjAVyNoGHSr22VXcrkoN,MOx9AM3J6rnEQQJCSsWfT7wdOetSni3OV0mrNgho,DboXcHUzjiTnEyfVzMA8hgefX2B7suIPftuPWSyq,BR0isoSnDlgTmIqukAORkXTz6C9ABpEWp1Yw4Fx6,hBG5vMBqkXoKVhe5nKFmfjAVyNoGHSr22VXcrkoN,MOx9AM3J6rnEQQJCSsWfT7wdOetSni3OV0mrNgho
G0PLr6xT9E96wJTJXQDNB728J4rHnKFKya5jIcwT,I9zyEumkNRxIzJ9lhMe24gjeuA05krtaF8GygUHD,G97yzpX8HPnbmrVEC0Aoz2si9mlAiCfZmduqw99n,0tSt4SUsOj8fKBL2OwFTAz878S85snjiNnAx7n8z,G97yzpX8HPnbmrVEC0Aoz2si9mlAiCfZmduqw99n,I9zyEumkNRxIzJ9lhMe24gjeuA05krtaF8GygUHD
DboXcHUzjiTnEyfVzMA8hgefX2B7suIPftuPWSyq,BR0isoSnDlgTmIqukAORkXTz6C9ABpEWp1Yw4Fx6,MOx9AM3J6rnEQQJCSsWfT7wdOetSni3OV0mrNgho,hBG5vMBqkXoKVhe5nKFmfjAVyNoGHSr22VXcrkoN,MOx9AM3J6rnEQQJCSsWfT7wdOetSni3OV0mrNgho,BR0isoSnDlgTmIqukAORkXTz6C9ABpEWp1Yw4Fx6
neo9uYRJVawyUm1nyXvQrJxwVqapvXp6gVg6kwxr,0tSt4SUsOj8fKBL2OwFTAz878S85snjiNnAx7n8z,I9zyEumkNRxIzJ9lhMe24gjeuA05krtaF8GygUHD,G0PLr6xT9E96wJTJXQDNB728J4rHnKFKya5jIcwT,I9zyEumkNRxIzJ9lhMe24gjeuA05krtaF8GygUHD,0tSt4SUsOj8fKBL2OwFTAz878S85snjiNnAx7n8z
G97yzpX8HPnbmrVEC0Aoz2si9mlAiCfZmduqw99n,hBG5vMBqkXoKVhe5nKFmfjAVyNoGHSr22VXcrkoN,BR0isoSnDlgTmIqukAORkXTz6C9ABpEWp1Yw4Fx6,G97yzpX8HPnbmrVEC0Aoz2si9mlAiCfZmduqw99n,BR0isoSnDlgTmIqukAORkXTz6C9ABpEWp1Yw4Fx6,G97yzpX8HPnbmrVEC0Aoz2si9mlAiCfZmduqw99n
MOx9AM3J6rnEQQJCSsWfT7wdOetSni3OV0mrNgho,G0PLr6xT9E96wJTJXQDNB728J4rHnKFKya5jIcwT,0tSt4SUsOj8fKBL2OwFTAz878S85snjiNnAx7n8z,MOx9AM3J6rnEQQJCSsWfT7wdOetSni3OV0mrNgho,0tSt4SUsOj8fKBL2OwFTAz878S85snjiNnAx7n8z,MOx9AM3J6rnEQQJCSsWfT7wdOetSni3OV0mrNgho
I9zyEumkNRxIzJ9lhMe24gjeuA05krtaF8GygUHD,DboXcHUzjiTnEyfVzMA8hgefX2B7suIPftuPWSyq,hBG5vMBqkXoKVhe5nKFmfjAVyNoGHSr22VXcrkoN,I9zyEumkNRxIzJ9lhMe24gjeuA05krtaF8GygUHD,hBG5vMBqkXoKVhe5nKFmfjAVyNoGHSr22VXcrkoN,I9zyEumkNRxIzJ9lhMe24gjeuA05krtaF8GygUHD
BR0isoSnDlgTmIqukAORkXTz6C9ABpEWp1Yw4Fx6,neo9uYRJVawyUm1nyXvQrJxwVqapvXp6gVg6kwxr,G0PLr6xT9E96wJTJXQDNB728J4rHnKFKya5jIcwT,BR0isoSnDlgTmIqukAORkXTz6C9ABpEWp1Yw4Fx6,G97yzpX8HPnbmrVEC0Aoz2si9mlAiCfZmduqw99n,BR0isoSnDlgTmIqukAORkXTz6C9ABpEWp1Yw4Fx6
0tSt4SUsOj8fKBL2OwFTAz878S85snjiNnAx7n8z,nOgJEtffp9e3P1qN9pqUrIZB0WQ9VIdptmx5wtia,DboXcHUzjiTnEyfVzMA8hgefX2B7suIPftuPWSyq,0tSt4SUsOj8fKBL2OwFTAz878S85snjiNnAx7n8z,MOx9AM3J6rnEQQJCSsWfT7wdOetSni3OV0mrNgho,0tSt4SUsOj8fKBL2OwFTAz878S85snjiNnAx7n8z
hBG5vMBqkXoKVhe5nKFmfjAVyNoGHSr22VXcrkoN,G97yzpX8HPnbmrVEC0Aoz2si9mlAiCfZmduqw99n,G97yzpX8HPnbmrVEC0Aoz2si9mlAiCfZmduqw99n,hBG5vMBqkXoKVhe5nKFmfjAVyNoGHSr22VXcrkoN,I9zyEumkNRxIzJ9lhMe24gjeuA05krtaF8GygUHD,G97yzpX8HPnbmrVEC0Aoz2si9mlAiCfZmduqw99n
G0PLr6xT9E96wJTJXQDNB728J4rHnKFKya5jIcwT,MOx9AM3J6rnEQQJCSsWfT7wdOetSni3OV0mrNgho,MOx9AM3J6rnEQQJCSsWfT7wdOetSni3OV0mrNgho,G0PLr6xT9E96wJTJXQDNB728J4rHnKFKya5jIcwT,BR0isoSnDlgTmIqukAORkXTz6C9ABpEWp1Yw4Fx6,MOx9AM3J6rnEQQJCSsWfT7wdOetSni3OV0mrNgho
DboXcHUzjiTnEyfVzMA8hgefX2B7suIPftuPWSyq,I9zyEumkNRxIzJ9lhMe24gjeuA05krtaF8GygUHD,I9zyEumkNRxIzJ9lhMe24gjeuA05krtaF8GygUHD,G97yzpX8HPnbmrVEC0Aoz2si9mlAiCfZmduqw99n,0tSt4SUsOj8fKBL2OwFTAz878S85snjiNnAx7n8z,I9zyEumkNRxIzJ9lhMe24gjeuA05krtaF8GygUHD
neo9uYRJVawyUm1nyXvQrJxwVqapvXp6gVg6kwxr,BR0isoSnDlgTmIqukAORkXTz6C9ABpEWp1Yw4Fx6,BR0isoSnDlgTmIqukAORkXTz6C9ABpEWp1Yw4Fx6,MOx9AM3J6rnEQQJCSsWfT7wdOetSni3OV0mrNgho,hBG5vMBqkXoKVhe5nKFmfjAVyNoGHSr22VXcrkoN,BR0isoSnDlgTmIqukAORkXTz6C9ABpEWp1Yw4Fx6
G97yzpX8HPnbmrVEC0Aoz2si9mlAiCfZmduqw99n,0tSt4SUsOj8fKBL2OwFTAz878S85snjiNnAx7n8z,0tSt4SUsOj8fKBL2OwFTAz878S85snjiNnAx7n8z,I9zyEumkNRxIzJ9lhMe24gjeuA05krtaF8GygUHD,G97yzpX8HPnbmrVEC0Aoz2si9mlAiCfZmduqw99n,0tSt4SUsOj8fKBL2OwFTAz878S85snjiNnAx7n8z
MOx9AM3J6rnEQQJCSsWfT7wdOetSni3OV0mrNgho,hBG5vMBqkXoKVhe5nKFmfjAVyNoGHSr22VXcrkoN,hBG5vMBqkXoKVhe5nKFmfjAVyNoGHSr22VXcrkoN,BR0isoSnDlgTmIqukAORkXTz6C9ABpEWp1Yw4Fx6,MOx9AM3J6rnEQQJCSsWfT7wdOetSni3OV0mrNgho,G97yzpX8HPnbmrVEC0Aoz2si9mlAiCfZmduqw99n
I9zyEumkNRxIzJ9lhMe24gjeuA05krtaF8GygUHD,G0PLr6xT9E96wJTJXQDNB728J4rHnKFKya5jIcwT,G0PLr6xT9E96wJTJXQDNB728J4rHnKFKya5jIcwT,0tSt4SUsOj8fKBL2OwFTAz878S85snjiNnAx7n8z,I9zyEumkNRxIzJ9lhMe24gjeuA05krtaF8GygUHD,MOx9AM3J6rnEQQJCSsWfT7wdOetSni3OV0mrNgho
BR0isoSnDlgTmIqukAORkXTz6C9ABpEWp1Yw4Fx6,DboXcHUzjiTnEyfVzMA8hgefX2B7suIPftuPWSyq,DboXcHUzjiTnEyfVzMA8hgefX2B7suIPftuPWSyq,hBG5vMBqkXoKVhe5nKFmfjAVyNoGHSr22VXcrkoN,BR0isoSnDlgTmIqukAORkXTz6C9ABpEWp1Yw4Fx6,I9zyEumkNRxIzJ9lhMe24gjeuA05krtaF8GygUHD
0tSt4SUsOj8fKBL2OwFTAz878S85snjiNnAx7n8z,neo9uYRJVawyUm1nyXvQrJxwVqapvXp6gVg6kwxr,G97yzpX8HPnbmrVEC0Aoz2si9mlAiCfZmduqw99n,G0PLr6xT9E96wJTJXQDNB728J4rHnKFKya5jIcwT,0tSt4SUsOj8fKBL2OwFTAz878S85snjiNnAx7n8z,BR0isoSnDlgTmIqukAORkXTz6C9ABpEWp1Yw4Fx6
hBG5vMBqkXoKVhe5nKFmfjAVyNoGHSr22VXcrkoN,nOgJEtffp9e3P1qN9pqUrIZB0WQ9VIdptmx5wtia,MOx9AM3J6rnEQQJCSsWfT7wdOetSni3OV0mrNgho,G97yzpX8HPnbmrVEC0Aoz2si9mlAiCfZmduqw99n,hBG5vMBqkXoKVhe5nKFmfjAVyNoGHSr22VXcrkoN,0tSt4SUsOj8fKBL2OwFTAz878S85snjiNnAx7n8z
G0PLr6xT9E96wJTJXQDNB728J4rHnKFKya5jIcwT,G97yzpX8HPnbmrVEC0Aoz2si9mlAiCfZmduqw99n,I9zyEumkNRxIzJ9lhMe24gjeuA05krtaF8GygUHD,MOx9AM3J6rnEQQJCSsWfT7wdOetSni3OV0mrNgho,G97yzpX8HPnbmrVEC0Aoz2si9mlAiCfZmduqw99n,G97yzpX8HPnbmrVEC0Aoz2si9mlAiCfZmduqw99n
DboXcHUzjiTnEyfVzMA8hgefX2B7suIPftuPWSyq,MOx9AM3J6rnEQQJCSsWfT7wdOetSni3OV0mrNgho,BR0isoSnDlgTmIqukAORkXTz6C9ABpEWp1Yw4Fx6,I9zyEumkNRxIzJ9lhMe24gjeuA05krtaF8GygUHD,MOx9AM3J6rnEQQJCSsWfT7wdOetSni3OV0mrNgho,MOx9AM3J6rnEQQJCSsWfT7wdOetSni3OV0mrNgho
neo9uYRJVawyUm1nyXvQrJxwVqapvXp6gVg6kwxr,I9zyEumkNRxIzJ9lhMe24gjeuA05krtaF8GygUHD,0tSt4SUsOj8fKBL2OwFTAz878S85snjiNnAx7n8z,BR0isoSnDlgTmIqukAORkXTz6C9ABpEWp1Yw4Fx6,I9zyEumkNRxIzJ9lhMe24gjeuA05krtaF8GygUHD,I9zyEumkNRxIzJ9lhMe24gjeuA05krtaF8GygUHD
G97yzpX8HPnbmrVEC0Aoz2si9mlAiCfZmduqw99n,BR0isoSnDlgTmIqukAORkXTz6C9ABpEWp1Yw4Fx6,hBG5vMBqkXoKVhe5nKFmfjAVyNoGHSr22VXcrkoN,0tSt4SUsOj8fKBL2OwFTAz878S85snjiNnAx7n8z,BR0isoSnDlgTmIqukAORkXTz6C9ABpEWp1Yw4Fx6,BR0isoSnDlgTmIqukAORkXTz6C9ABpEWp1Yw4Fx6
MOx9AM3J6rnEQQJCSsWfT7wdOetSni3OV0mrNgho,0tSt4SUsOj8fKBL2OwFTAz878S85snjiNnAx7n8z,G0PLr6xT9E96wJTJXQDNB728J4rHnKFKya5jIcwT,hBG5vMBqkXoKVhe5nKFmfjAVyNoGHSr22VXcrkoN,0tSt4SUsOj8fKBL2OwFTAz878S85snjiNnAx7n8z,0tSt4SUsOj8fKBL2OwFTAz878S85snjiNnAx7n8z
I9zyEumkNRxIzJ9lhMe24gjeuA05krtaF8GygUHD,hBG5vMBqkXoKVhe5nKFmfjAVyNoGHSr22VXcrkoN,DboXcHUzjiTnEyfVzMA8hgefX2B7suIPftuPWSyq,G0PLr6xT9E96wJTJXQDNB728J4rHnKFKya5jIcwT,hBG5vMBqkXoKVhe5nKFmfjAVyNoGHSr22VXcrkoN,G97yzpX8HPnbmrVEC0Aoz2si9mlAiCfZmduqw99n
BR0isoSnDlgTmIqukAORkXTz6C9ABpEWp1Yw4Fx6,G0PLr6xT9E96wJTJXQDNB728J4rHnKFKya5jIcwT,G97yzpX8HPnbmrVEC0Aoz2si9mlAiCfZmduqw99n,G97yzpX8HPnbmrVEC0Aoz2si9mlAiCfZmduqw99n,G97yzpX8HPnbmrVEC0Aoz2si9mlAiCfZmduqw99n,MOx9AM3J6rnEQQJCSsWfT7wdOetSni3OV0mrNgho
0tSt4SUsOj8fKBL2OwFTAz878S85snjiNnAx7n8z,DboXcHUzjiTnEyfVzMA8hgefX2B7suIPftuPWSyq,MOx9AM3J6rnEQQJCSsWfT7wdOetSni3OV0mrNgho,MOx9AM3J6rnEQQJCSsWfT7wdOetSni3OV0mrNgho,MOx9AM3J6rnEQQJCSsWfT7wdOetSni3OV0mrNgho,I9zyEumkNRxIzJ9lhMe24gjeuA05krtaF8GygUHD
hBG5vMBqkXoKVhe5nKFmfjAVyNoGHSr22VXcrkoN,neo9uYRJVawyUm1nyXvQrJxwVqapvXp6gVg6kwxr,I9zyEumkNRxIzJ9lhMe24gjeuA05krtaF8GygUHD,I9zyEumkNRxIzJ9lhMe24gjeuA05krtaF8GygUHD,I9zyEumkNRxIzJ9lhMe24gjeuA05krtaF8GygUHD,BR0isoSnDlgTmIqukAORkXTz6C9ABpEWp1Yw4Fx6
G0PLr6xT9E96wJTJXQDNB728J4rHnKFKya5jIcwT,nOgJEtffp9e3P1qN9pqUrIZB0WQ9VIdptmx5wtia,BR0isoSnDlgTmIqukAORkXTz6C9ABpEWp1Yw4Fx6,BR0isoSnDlgTmIqukAORkXTz6C9ABpEWp1Yw4Fx6,BR0isoSnDlgTmIqukAORkXTz6C9ABpEWp1Yw4Fx6,0tSt4SUsOj8fKBL2OwFTAz878S85snjiNnAx7n8z
DboXcHUzjiTnEyfVzMA8hgefX2B7suIPftuPWSyq,G97yzpX8HPnbmrVEC0Aoz2si9mlAiCfZmduqw99n,0tSt4SUsOj8fKBL2OwFTAz878S85snjiNnAx7n8z,0tSt4SUsOj8fKBL2OwFTAz878S85snjiNnAx7n8z,0tSt4SUsOj8fKBL2OwFTAz878S85snjiNnAx7n8z,G97yzpX8HPnbmrVEC0Aoz2si9mlAiCfZmduqw99n
neo9uYRJVawyUm1nyXvQrJxwVqapvXp6gVg6kwxr,MOx9AM3J6rnEQQJCSsWfT7wdOetSni3OV0mrNgho,hBG5vMBqkXoKVhe5nKFmfjAVyNoGHSr22VXcrkoN,hBG5vMBqkXoKVhe5nKFmfjAVyNoGHSr22VXcrkoN,hBG5vMBqkXoKVhe5nKFmfjAVyNoGHSr22VXcrkoN,MOx9AM3J6rnEQQJCSsWfT7wdOetSni3OV0mrNgho
G97yzpX8HPnbmrVEC0Aoz2si9mlAiCfZmduqw99n,I9zyEumkNRxIzJ9lhMe24gjeuA05krtaF8GygUHD,G0PLr6xT9E96wJTJXQDNB728J4rHnKFKya5jIcwT,G0PLr6xT9E96wJTJXQDNB728J4rHnKFKya5jIcwT,G97yzpX8HPnbmrVEC0Aoz2si9mlAiCfZmduqw99n,I9zyEumkNRxIzJ9lhMe24gjeuA05krtaF8GygUHD
MOx9AM3J6rnEQQJCSsWfT7wdOetSni3OV0mrNgho,BR0isoSnDlgTmIqukAORkXTz6C9ABpEWp1Yw4Fx6,DboXcHUzjiTnEyfVzMA8hgefX2B7suIPftuPWSyq,G97yzpX8HPnbmrVEC0Aoz2si9mlAiCfZmduqw99n,MOx9AM3J6rnEQQJCSsWfT7wdOetSni3OV0mrNgho,BR0isoSnDlgTmIqukAORkXTz6C9ABpEWp1Yw4Fx6
I9zyEumkNRxIzJ9lhMe24gjeuA05krtaF8GygUHD,0tSt4SUsOj8fKBL2OwFTAz878S85snjiNnAx7n8z,G97yzpX8HPnbmrVEC0Aoz2si9mlAiCfZmduqw99n,MOx9AM3J6rnEQQJCSsWfT7wdOetSni3OV0mrNgho,I9zyEumkNRxIzJ9lhMe24gjeuA05krtaF8GygUHD,0tSt4SUsOj8fKBL2OwFTAz878S85snjiNnAx7n8z
BR0isoSnDlgTmIqukAORkXTz6C9ABpEWp1Yw4Fx6,hBG5vMBqkXoKVhe5nKFmfjAVyNoGHSr22VXcrkoN,MOx9AM3J6rnEQQJCSsWfT7wdOetSni3OV0mrNgho,I9zyEumkNRxIzJ9lhMe24gjeuA05krtaF8GygUHD,BR0isoSnDlgTmIqukAORkXTz6C9ABpEWp1Yw4Fx6,G97yzpX8HPnbmrVEC0Aoz2si9mlAiCfZmduqw99n
0tSt4SUsOj8fKBL2OwFTAz878S85snjiNnAx7n8z,G0PLr6xT9E96wJTJXQDNB728J4rHnKFKya5jIcwT,I9zyEumkNRxIzJ9lhMe24gjeuA05krtaF8GygUHD,BR0isoSnDlgTmIqukAORkXTz6C9ABpEWp1Yw4Fx6,0tSt4SUsOj8fKBL2OwFTAz878S85snjiNnAx7n8z,MOx9AM3J6rnEQQJCSsWfT7wdOetSni3OV0mrNgho
hBG5vMBqkXoKVhe5nKFmfjAVyNoGHSr22VXcrkoN,DboXcHUzjiTnEyfVzMA8hgefX2B7suIPftuPWSyq,BR0isoSnDlgTmIqukAORkXTz6C9ABpEWp1Yw4Fx6,0tSt4SUsOj8fKBL2OwFTAz878S85snjiNnAx7n8z,hBG5vMBqkXoKVhe5nKFmfjAVyNoGHSr22VXcrkoN,I9zyEumkNRxIzJ9lhMe24gjeuA05krtaF8GygUHD
G0PLr6xT9E96wJTJXQDNB728J4rHnKFKya5jIcwT,neo9uYRJVawyUm1nyXvQrJxwVqapvXp6gVg6kwxr,0tSt4SUsOj8fKBL2OwFTAz878S85snjiNnAx7n8z,hBG5vMBqkXoKVhe5nKFmfjAVyNoGHSr22VXcrkoN,G97yzpX8HPnbmrVEC0Aoz2si9mlAiCfZmduqw99n,BR0isoSnDlgTmIqukAORkXTz6C9ABpEWp1Yw4Fx6
DboXcHUzjiTnEyfVzMA8hgefX2B7suIPftuPWSyq,nOgJEtffp9e3P1qN9pqUrIZB0WQ9VIdptmx5wtia,hBG5vMBqkXoKVhe5nKFmfjAVyNoGHSr22VXcrkoN,G0PLr6xT9E96wJTJXQDNB728J4rHnKFKya5jIcwT,MOx9AM3J6rnEQQJCSsWfT7wdOetSni3OV0mrNgho,0tSt4SUsOj8fKBL2OwFTAz878S85snjiNnAx7n8z
neo9uYRJVawyUm1nyXvQrJxwVqapvXp6gVg6kwxr,G97yzpX8HPnbmrVEC0Aoz2si9mlAiCfZmduqw99n,G0PLr6xT9E96wJTJXQDNB728J4rHnKFKya5jIcwT,G97yzpX8HPnbmrVEC0Aoz2si9mlAiCfZmduqw99n,I9zyEumkNRxIzJ9lhMe24gjeuA05krtaF8GygUHD,G97yzpX8HPnbmrVEC0Aoz2si9mlAiCfZmduqw99n
G97yzpX8HPnbmrVEC0Aoz2si9mlAiCfZmduqw99n,MOx9AM3J6rnEQQJCSsWfT7wdOetSni3OV0mrNgho,DboXcHUzjiTnEyfVzMA8hgefX2B7suIPftuPWSyq,MOx9AM3J6rnEQQJCSsWfT7wdOetSni3OV0mrNgho,BR0isoSnDlgTmIqukAORkXTz6C9ABpEWp1Yw4Fx6,MOx9AM3J6rnEQQJCSsWfT7wdOetSni3OV0mrNgho
MOx9AM3J6rnEQQJCSsWfT7wdOetSni3OV0mrNgho,I9zyEumkNRxIzJ9lhMe24gjeuA05krtaF8GygUHD,G97yzpX8HPnbmrVEC0Aoz2si9mlAiCfZmduqw99n,I9zyEumkNRxIzJ9lhMe24gjeuA05krtaF8GygUHD,0tSt4SUsOj8fKBL2OwFTAz878S85snjiNnAx7n8z,I9zyEumkNRxIzJ9lhMe24gjeuA05krtaF8GygUHD
I9zyEumkNRxIzJ9lhMe24gjeuA05krtaF8GygUHD,BR0isoSnDlgTmIqukAORkXTz6C9ABpEWp1Yw4Fx6,MOx9AM3J6rnEQQJCSsWfT7wdOetSni3OV0mrNgho,BR0isoSnDlgTmIqukAORkXTz6C9ABpEWp1Yw4Fx6,hBG5vMBqkXoKVhe5nKFmfjAVyNoGHSr22VXcrkoN,BR0isoSnDlgTmIqukAORkXTz6C9ABpEWp1Yw4Fx6
BR0isoSnDlgTmIqukAORkXTz6C9ABpEWp1Yw4Fx6,0tSt4SUsOj8fKBL2OwFTAz878S85snjiNnAx7n8z,I9zyEumkNRxIzJ9lhMe24gjeuA05krtaF8GygUHD,0tSt4SUsOj8fKBL2OwFTAz878S85snjiNnAx7n8z,G97yzpX8HPnbmrVEC0Aoz2si9mlAiCfZmduqw99n,0tSt4SUsOj8fKBL2OwFTAz878S85snjiNnAx7n8z
0tSt4SUsOj8fKBL2OwFTAz878S85snjiNnAx7n8z,hBG5vMBqkXoKVhe5nKFmfjAVyNoGHSr22VXcrkoN,BR0isoSnDlgTmIqukAORkXTz6C9ABpEWp1Yw4Fx6,hBG5vMBqkXoKVhe5nKFmfjAVyNoGHSr22VXcrkoN,MOx9AM3J6rnEQQJCSsWfT7wdOetSni3OV0mrNgho,G97yzpX8HPnbmrVEC0Aoz2si9mlAiCfZmduqw99n
hBG5vMBqkXoKVhe5nKFmfjAVyNoGHSr22VXcrkoN,G0PLr6xT9E96wJTJXQDNB728J4rHnKFKya5jIcwT,0tSt4SUsOj8fKBL2OwFTAz878S85snjiNnAx7n8z,G0PLr6xT9E96wJTJXQDNB728J4rHnKFKya5jIcwT,I9zyEumkNRxIzJ9lhMe24gjeuA05krtaF8GygUHD,MOx9AM3J6rnEQQJCSsWfT7wdOetSni3OV0mrNgho
G0PLr6xT9E96wJTJXQDNB728J4rHnKFKya5jIcwT,DboXcHUzjiTnEyfVzMA8hgefX2B7suIPftuPWSyq,hBG5vMBqkXoKVhe5nKFmfjAVyNoGHSr22VXcrkoN,G97yzpX8HPnbmrVEC0Aoz2si9mlAiCfZmduqw99n,BR0isoSnDlgTmIqukAORkXTz6C9ABpEWp1Yw4Fx6,I9zyEumkNRxIzJ9lhMe24gjeuA05krtaF8GygUHD
DboXcHUzjiTnEyfVzMA8hgefX2B7suIPftuPWSyq,neo9uYRJVawyUm1nyXvQrJxwVqapvXp6gVg6kwxr,G0PLr6xT9E96wJTJXQDNB728J4rHnKFKya5jIcwT,MOx9AM3J6rnEQQJCSsWfT7wdOetSni3OV0mrNgho,0tSt4SUsOj8fKBL2OwFTAz878S85snjiNnAx7n8z,BR0isoSnDlgTmIqukAORkXTz6C9ABpEWp1Yw4Fx6
neo9uYRJVawyUm1nyXvQrJxwVqapvXp6gVg6kwxr,nOgJEtffp9e3P1qN9pqUrIZB0WQ9VIdptmx5wtia,DboXcHUzjiTnEyfVzMA8hgefX2B7suIPftuPWSyq,I9zyEumkNRxIzJ9lhMe24gjeuA05krtaF8GygUHD,hBG5vMBqkXoKVhe5nKFmfjAVyNoGHSr22VXcrkoN,0tSt4SUsOj8fKBL2OwFTAz878S85snjiNnAx7n8z
G97yzpX8HPnbmrVEC0Aoz2si9mlAiCfZmduqw99n,G97yzpX8HPnbmrVEC0Aoz2si9mlAiCfZmduqw99n,G97yzpX8HPnbmrVEC0Aoz2si9mlAiCfZmduqw99n,BR0isoSnDlgTmIqukAORkXTz6C9ABpEWp1Yw4Fx6,G97yzpX8HPnbmrVEC0Aoz2si9mlAiCfZmduqw99n,G97yzpX8HPnbmrVEC0Aoz2si9mlAiCfZmduqw99n
MOx9AM3J6rnEQQJCSsWfT7wdOetSni3OV0mrNgho,MOx9AM3J6rnEQQJCSsWfT7wdOetSni3OV0mrNgho,MOx9AM3J6rnEQQJCSsWfT7wdOetSni3OV0mrNgho,0tSt4SUsOj8fKBL2OwFTAz878S85snjiNnAx7n8z,MOx9AM3J6rnEQQJCSsWfT7wdOetSni3OV0mrNgho,MOx9AM3J6rnEQQJCSsWfT7wdOetSni3OV0mrNgho
I9zyEumkNRxIzJ9lhMe24gjeuA05krtaF8GygUHD,I9zyEumkNRxIzJ9lhMe24gjeuA05krtaF8GygUHD,I9zyEumkNRxIzJ9lhMe24gjeuA05krtaF8GygUHD,hBG5vMBqkXoKVhe5nKFmfjAVyNoGHSr22VXcrkoN,I9zyEumkNRxIzJ9lhMe24gjeuA05krtaF8GygUHD,I9zyEumkNRxIzJ9lhMe24gjeuA05krtaF8GygUHD
BR0isoSnDlgTmIqukAORkXTz6C9ABpEWp1Yw4Fx6,BR0isoSnDlgTmIqukAORkXTz6C9ABpEWp1Yw4Fx6,BR0isoSnDlgTmIqukAORkXTz6C9ABpEWp1Yw4Fx6,G0PLr6xT9E96wJTJXQDNB728J4rHnKFKya5jIcwT,BR0isoSnDlgTmIqukAORkXTz6C9ABpEWp1Yw4Fx6,BR0isoSnDlgTmIqukAORkXTz6C9ABpEWp1Yw4Fx6
0tSt4SUsOj8fKBL2OwFTAz878S85snjiNnAx7n8z,0tSt4SUsOj8fKBL2OwFTAz878S85snjiNnAx7n8z,0tSt4SUsOj8fKBL2OwFTAz878S85snjiNnAx7n8z,G97yzpX8HPnbmrVEC0Aoz2si9mlAiCfZmduqw99n,0tSt4SUsOj8fKBL2OwFTAz878S85snjiNnAx7n8z,0tSt4SUsOj8fKBL2OwFTAz878S85snjiNnAx7n8z
hBG5vMBqkXoKVhe5nKFmfjAVyNoGHSr22VXcrkoN,hBG5vMBqkXoKVhe5nKFmfjAVyNoGHSr22VXcrkoN,hBG5vMBqkXoKVhe5nKFmfjAVyNoGHSr22VXcrkoN,MOx9AM3J6rnEQQJCSsWfT7wdOetSni3OV0mrNgho,hBG5vMBqkXoKVhe5nKFmfjAVyNoGHSr22VXcrkoN,G97yzpX8HPnbmrVEC0Aoz2si9mlAiCfZmduqw99n
G0PLr6xT9E96wJTJXQDNB728J4rHnKFKya5jIcwT,G0PLr6xT9E96wJTJXQDNB728J4rHnKFKya5jIcwT,G0PLr6xT9E96wJTJXQDNB728J4rHnKFKya5jIcwT,I9zyEumkNRxIzJ9lhMe24gjeuA05krtaF8GygUHD,G97yzpX8HPnbmrVEC0Aoz2si9mlAiCfZmduqw99n,MOx9AM3J6rnEQQJCSsWfT7wdOetSni3OV0mrNgho
DboXcHUzjiTnEyfVzMA8hgefX2B7suIPftuPWSyq,DboXcHUzjiTnEyfVzMA8hgefX2B7suIPftuPWSyq,DboXcHUzjiTnEyfVzMA8hgefX2B7suIPftuPWSyq,BR0isoSnDlgTmIqukAORkXTz6C9ABpEWp1Yw4Fx6,MOx9AM3J6rnEQQJCSsWfT7wdOetSni3OV0mrNgho,I9zyEumkNRxIzJ9lhMe24gjeuA05krtaF8GygUHD
neo9uYRJVawyUm1nyXvQrJxwVqapvXp6gVg6kwxr,neo9uYRJVawyUm1nyXvQrJxwVqapvXp6gVg6kwxr,G97yzpX8HPnbmrVEC0Aoz2si9mlAiCfZmduqw99n,0tSt4SUsOj8fKBL2OwFTAz878S85snjiNnAx7n8z,I9zyEumkNRxIzJ9lhMe24gjeuA05krtaF8GygUHD,BR0isoSnDlgTmIqukAORkXTz6C9ABpEWp1Yw4Fx6
G97yzpX8HPnbmrVEC0Aoz2si9mlAiCfZmduqw99n,nOgJEtffp9e3P1qN9pqUrIZB0WQ9VIdptmx5wtia,MOx9AM3J6rnEQQJCSsWfT7wdOetSni3OV0mrNgho,hBG5vMBqkXoKVhe5nKFmfjAVyNoGHSr22VXcrkoN,BR0isoSnDlgTmIqukAORkXTz6C9ABpEWp1Yw4Fx6,0tSt4SUsOj8fKBL2OwFTAz878S85snjiNnAx7n8z
MOx9AM3J6rnEQQJCSsWfT7wdOetSni3OV0mrNgho,G97yzpX8HPnbmrVEC0Aoz2si9mlAiCfZmduqw99n,I9zyEumkNRxIzJ9lhMe24gjeuA05krtaF8GygUHD,G0PLr6xT9E96wJTJXQDNB728J4rHnKFKya5jIcwT,0tSt4SUsOj8fKBL2OwFTAz878S85snjiNnAx7n8z,G97yzpX8HPnbmrVEC0Aoz2si9mlAiCfZmduqw99n
I9zyEumkNRxIzJ9lhMe24gjeuA05krtaF8GygUHD,MOx9AM3J6rnEQQJCSsWfT7wdOetSni3OV0mrNgho,BR0isoSnDlgTmIqukAORkXTz6C9ABpEWp1Yw4Fx6,G97yzpX8HPnbmrVEC0Aoz2si9mlAiCfZmduqw99n,hBG5vMBqkXoKVhe5nKFmfjAVyNoGHSr22VXcrkoN,MOx9AM3J6rnEQQJCSsWfT7wdOetSni3OV0mrNgho
BR0isoSnDlgTmIqukAORkXTz6C9ABpEWp1Yw4Fx6,I9zyEumkNRxIzJ9lhMe24gjeuA05krtaF8GygUHD,0tSt4SUsOj8fKBL2OwFTAz878S85snjiNnAx7n8z,MOx9AM3J6rnEQQJCSsWfT7wdOetSni3OV0mrNgho,G97yzpX8HPnbmrVEC0Aoz2si9mlAiCfZmduqw99n,I9zyEumkNRxIzJ9lhMe24gjeuA05krtaF8GygUHD
0tSt4SUsOj8fKBL2OwFTAz878S85snjiNnAx7n8z,BR0isoSnDlgTmIqukAORkXTz6C9ABpEWp1Yw4Fx6,hBG5vMBqkXoKVhe5nKFmfjAVyNoGHSr22VXcrkoN,I9zyEumkNRxIzJ9lhMe24gjeuA05krtaF8GygUHD,MOx9AM3J6rnEQQJCSsWfT7wdOetSni3OV0mrNgho,BR0isoSnDlgTmIqukAORkXTz6C9ABpEWp1Yw4Fx6
hBG5vMBqkXoKVhe5nKFmfjAVyNoGHSr22VXcrkoN,0tSt4SUsOj8fKBL2OwFTAz878S85snjiNnAx7n8z,G0PLr6xT9E96wJTJXQDNB728J4rHnKFKya5jIcwT,BR0isoSnDlgTmIqukAORkXTz6C9ABpEWp1Yw4Fx6,I9zyEumkNRxIzJ9lhMe24gjeuA05krtaF8GygUHD,0tSt4SUsOj8fKBL2OwFTAz878S85snjiNnAx7n8z
G0PLr6xT9E96wJTJXQDNB728J4rHnKFKya5jIcwT,hBG5vMBqkXoKVhe5nKFmfjAVyNoGHSr22VXcrkoN,DboXcHUzjiTnEyfVzMA8hgefX2B7suIPftuPWSyq,0tSt4SUsOj8fKBL2OwFTAz878S85snjiNnAx7n8z,BR0isoSnDlgTmIqukAORkXTz6C9ABpEWp1Yw4Fx6,G97yzpX8HPnbmrVEC0Aoz2si9mlAiCfZmduqw99n
DboXcHUzjiTnEyfVzMA8hgefX2B7suIPftuPWSyq,G0PLr6xT9E96wJTJXQDNB728J4rHnKFKya5jIcwT,G97yzpX8HPnbmrVEC0Aoz2si9mlAiCfZmduqw99n,hBG5vMBqkXoKVhe5nKFmfjAVyNoGHSr22VXcrkoN,0tSt4SUsOj8fKBL2OwFTAz878S85snjiNnAx7n8z,MOx9AM3J6rnEQQJCSsWfT7wdOetSni3OV0mrNgho
neo9uYRJVawyUm1nyXvQrJxwVqapvXp6gVg6kwxr,DboXcHUzjiTnEyfVzMA8hgefX2B7suIPftuPWSyq,MOx9AM3J6rnEQQJCSsWfT7wdOetSni3OV0mrNgho,G0PLr6xT9E96wJTJXQDNB728J4rHnKFKya5jIcwT,hBG5vMBqkXoKVhe5nKFmfjAVyNoGHSr22VXcrkoN,I9zyEumkNRxIzJ9lhMe24gjeuA05krtaF8GygUHD
G97yzpX8HPnbmrVEC0Aoz2si9mlAiCfZmduqw99n,neo9uYRJVawyUm1nyXvQrJxwVqapvXp6gVg6kwxr,I9zyEumkNRxIzJ9lhMe24gjeuA05krtaF8GygUHD,G97yzpX8HPnbmrVEC0Aoz2si9mlAiCfZmduqw99n,G97yzpX8HPnbmrVEC0Aoz2si9mlAiCfZmduqw99n,BR0isoSnDlgTmIqukAORkXTz6C9ABpEWp1Yw4Fx6
MOx9AM3J6rnEQQJCSsWfT7wdOetSni3OV0mrNgho,nOgJEtffp9e3P1qN9pqUrIZB0WQ9VIdptmx5wtia,BR0isoSnDlgTmIqukAORkXTz6C9ABpEWp1Yw4Fx6,MOx9AM3J6rnEQQJCSsWfT7wdOetSni3OV0mrNgho,MOx9AM3J6rnEQQJCSsWfT7wdOetSni3OV0mrNgho,0tSt4SUsOj8fKBL2OwFTAz878S85snjiNnAx7n8z
I9zyEumkNRxIzJ9lhMe24gjeuA05krtaF8GygUHD,G97yzpX8HPnbmrVEC0Aoz2si9mlAiCfZmduqw99n,0tSt4SUsOj8fKBL2OwFTAz878S85snjiNnAx7n8z,I9zyEumkNRxIzJ9lhMe24gjeuA05krtaF8GygUHD,I9zyEumkNRxIzJ9lhMe24gjeuA05krtaF8GygUHD,G97yzpX8HPnbmrVEC0Aoz2si9mlAiCfZmduqw99n
BR0isoSnDlgTmIqukAORkXTz6C9ABpEWp1Yw4Fx6,MOx9AM3J6rnEQQJCSsWfT7wdOetSni3OV0mrNgho,hBG5vMBqkXoKVhe5nKFmfjAVyNoGHSr22VXcrkoN,BR0isoSnDlgTmIqukAORkXTz6C9ABpEWp1Yw4Fx6,BR0isoSnDlgTmIqukAORkXTz6C9ABpEWp1Yw4Fx6,MOx9AM3J6rnEQQJCSsWfT7wdOetSni3OV0mrNgho
0tSt4SUsOj8fKBL2OwFTAz878S85snjiNnAx7n8z,I9zyEumkNRxIzJ9lhMe24gjeuA05krtaF8GygUHD,G0PLr6xT9E96wJTJXQDNB728J4rHnKFKya5jIcwT,0tSt4SUsOj8fKBL2OwFTAz878S85snjiNnAx7n8z,0tSt4SUsOj8fKBL2OwFTAz878S85snjiNnAx7n8z,I9zyEumkNRxIzJ9lhMe24gjeuA05krtaF8GygUHD
hBG5vMBqkXoKVhe5nKFmfjAVyNoGHSr22VXcrkoN,BR0isoSnDlgTmIqukAORkXTz6C9ABpEWp1Yw4Fx6,DboXcHUzjiTnEyfVzMA8hgefX2B7suIPftuPWSyq,hBG5vMBqkXoKVhe5nKFmfjAVyNoGHSr22VXcrkoN,hBG5vMBqkXoKVhe5nKFmfjAVyNoGHSr22VXcrkoN,BR0isoSnDlgTmIqukAORkXTz6C9ABpEWp1Yw4Fx6
G0PLr6xT9E96wJTJXQDNB728J4rHnKFKya5jIcwT,0tSt4SUsOj8fKBL2OwFTAz878S85snjiNnAx7n8z,G97yzpX8HPnbmrVEC0Aoz2si9mlAiCfZmduqw99n,G0PLr6xT9E96wJTJXQDNB728J4rHnKFKya5jIcwT,G97yzpX8HPnbmrVEC0Aoz2si9mlAiCfZmduqw99n,0tSt4SUsOj8fKBL2OwFTAz878S85snjiNnAx7n8z
DboXcHUzjiTnEyfVzMA8hgefX2B7suIPftuPWSyq,hBG5vMBqkXoKVhe5nKFmfjAVyNoGHSr22VXcrkoN,MOx9AM3J6rnEQQJCSsWfT7wdOetSni3OV0mrNgho,G97yzpX8HPnbmrVEC0Aoz2si9mlAiCfZmduqw99n,MOx9AM3J6rnEQQJCSsWfT7wdOetSni3OV0mrNgho,G97yzpX8HPnbmrVEC0Aoz2si9mlAiCfZmduqw99n
neo9uYRJVawyUm1nyXvQrJxwVqapvXp6gVg6kwxr,G0PLr6xT9E96wJTJXQDNB728J4rHnKFKya5jIcwT,I9zyEumkNRxIzJ9lhMe24gjeuA05krtaF8GygUHD,MOx9AM3J6rnEQQJCSsWfT7wdOetSni3OV0mrNgho,I9zyEumkNRxIzJ9lhMe24gjeuA05krtaF8GygUHD,MOx9AM3J6rnEQQJCSsWfT7wdOetSni3OV0mrNgho
G97yzpX8HPnbmrVEC0Aoz2si9mlAiCfZmduqw99n,DboXcHUzjiTnEyfVzMA8hgefX2B7suIPftuPWSyq,BR0isoSnDlgTmIqukAORkXTz6C9ABpEWp1Yw4Fx6,I9zyEumkNRxIzJ9lhMe24gjeuA05krtaF8GygUHD,BR0isoSnDlgTmIqukAORkXTz6C9ABpEWp1Yw4Fx6,I9zyEumkNRxIzJ9lhMe24gjeuA05krtaF8GygUHD
MOx9AM3J6rnEQQJCSsWfT7wdOetSni3OV0mrNgho,neo9uYRJVawyUm1nyXvQrJxwVqapvXp6gVg6kwxr,0tSt4SUsOj8fKBL2OwFTAz878S85snjiNnAx7n8z,BR0isoSnDlgTmIqukAORkXTz6C9ABpEWp1Yw4Fx6,0tSt4SUsOj8fKBL2OwFTAz878S85snjiNnAx7n8z,BR0isoSnDlgTmIqukAORkXTz6C9ABpEWp1Yw4Fx6
I9zyEumkNRxIzJ9lhMe24gjeuA05krtaF8GygUHD,nOgJEtffp9e3P1qN9pqUrIZB0WQ9VIdptmx5wtia,hBG5vMBqkXoKVhe5nKFmfjAVyNoGHSr22VXcrkoN,0tSt4SUsOj8fKBL2OwFTAz878S85snjiNnAx7n8z,hBG5vMBqkXoKVhe5nKFmfjAVyNoGHSr22VXcrkoN,0tSt4SUsOj8fKBL2OwFTAz878S85snjiNnAx7n8z
BR0isoSnDlgTmIqukAORkXTz6C9ABpEWp1Yw4Fx6,G97yzpX8HPnbmrVEC0Aoz2si9mlAiCfZmduqw99n,G0PLr6xT9E96wJTJXQDNB728J4rHnKFKya5jIcwT,hBG5vMBqkXoKVhe5nKFmfjAVyNoGHSr22VXcrkoN,G97yzpX8HPnbmrVEC0Aoz2si9mlAiCfZmduqw99n,G97yzpX8HPnbmrVEC0Aoz2si9mlAiCfZmduqw99n
0tSt4SUsOj8fKBL2OwFTAz878S85snjiNnAx7n8z,MOx9AM3J6rnEQQJCSsWfT7wdOetSni3OV0mrNgho,DboXcHUzjiTnEyfVzMA8hgefX2B7suIPftuPWSyq,G0PLr6xT9E96wJTJXQDNB728J4rHnKFKya5jIcwT,MOx9AM3J6rnEQQJCSsWfT7wdOetSni3OV0mrNgho,MOx9AM3J6rnEQQJCSsWfT7wdOetSni3OV0mrNgho
hBG5vMBqkXoKVhe5nKFmfjAVyNoGHSr22VXcrkoN,I9zyEumkNRxIzJ9lhMe24gjeuA05krtaF8GygUHD,G97yzpX8HPnbmrVEC0Aoz2si9mlAiCfZmduqw99n,G97yzpX8HPnbmrVEC0Aoz2si9mlAiCfZmduqw99n,I9zyEumkNRxIzJ9lhMe24gjeuA05krtaF8GygUHD,I9zyEumkNRxIzJ9lhMe24gjeuA05krtaF8GygUHD
G0PLr6xT9E96wJTJXQDNB728J4rHnKFKya5jIcwT,BR0isoSnDlgTmIqukAORkXTz6C9ABpEWp1Yw4Fx6,MOx9AM3J6rnEQQJCSsWfT7wdOetSni3OV0mrNgho,MOx9AM3J6rnEQQJCSsWfT7wdOetSni3OV0mrNgho,BR0isoSnDlgTmIqukAORkXTz6C9ABpEWp1Yw4Fx6,BR0isoSnDlgTmIqukAORkXTz6C9ABpEWp1Yw4Fx6
DboXcHUzjiTnEyfVzMA8hgefX2B7suIPftuPWSyq,0tSt4SUsOj8fKBL2OwFTAz878S85snjiNnAx7n8z,I9zyEumkNRxIzJ9lhMe24gjeuA05krtaF8GygUHD,I9zyEumkNRxIzJ9lhMe24gjeuA05krtaF8GygUHD,0tSt4SUsOj8fKBL2OwFTAz878S85snjiNnAx7n8z,0tSt4SUsOj8fKBL2OwFTAz878S85snjiNnAx7n8z
neo9uYRJVawyUm1nyXvQrJxwVqapvXp6gVg6kwxr,hBG5vMBqkXoKVhe5nKFmfjAVyNoGHSr22VXcrkoN,BR0isoSnDlgTmIqukAORkXTz6C9ABpEWp1Yw4Fx6,BR0isoSnDlgTmIqukAORkXTz6C9ABpEWp1Yw4Fx6,hBG5vMBqkXoKVhe5nKFmfjAVyNoGHSr22VXcrkoN,G97yzpX8HPnbmrVEC0Aoz2si9mlAiCfZmduqw99n
G97yzpX8HPnbmrVEC0Aoz2si9mlAiCfZmduqw99n,G0PLr6xT9E96wJTJXQDNB728J4rHnKFKya5jIcwT,0tSt4SUsOj8fKBL2OwFTAz878S85snjiNnAx7n8z,0tSt4SUsOj8fKBL2OwFTAz878S85snjiNnAx7n8z,G97yzpX8HPnbmrVEC0Aoz2si9mlAiCfZmduqw99n,MOx9AM3J6rnEQQJCSsWfT7wdOetSni3OV0mrNgho
MOx9AM3J6rnEQQJCSsWfT7wdOetSni3OV0mrNgho,DboXcHUzjiTnEyfVzMA8hgefX2B7suIPftuPWSyq,hBG5vMBqkXoKVhe5nKFmfjAVyNoGHSr22VXcrkoN,hBG5vMBqkXoKVhe5nKFmfjAVyNoGHSr22VXcrkoN,MOx9AM3J6rnEQQJCSsWfT7wdOetSni3OV0mrNgho,I9zyEumkNRxIzJ9lhMe24gjeuA05krtaF8GygUHD
I9zyEumkNRxIzJ9lhMe24gjeuA05krtaF8GygUHD,neo9uYRJVawyUm1nyXvQrJxwVqapvXp6gVg6kwxr,G0PLr6xT9E96wJTJXQDNB728J4rHnKFKya5jIcwT,G0PLr6xT9E96wJTJXQDNB728J4rHnKFKya5jIcwT,I9zyEumkNRxIzJ9lhMe24gjeuA05krtaF8GygUHD,BR0isoSnDlgTmIqukAORkXTz6C9ABpEWp1Yw4Fx6
BR0isoSnDlgTmIqukAORkXTz6C9ABpEWp1Yw4Fx6,nOgJEtffp9e3P1qN9pqUrIZB0WQ9VIdptmx5wtia,DboXcHUzjiTnEyfVzMA8hgefX2B7suIPftuPWSyq,G97yzpX8HPnbmrVEC0Aoz2si9mlAiCfZmduqw99n,BR0isoSnDlgTmIqukAORkXTz6C9ABpEWp1Yw4Fx6,0tSt4SUsOj8fKBL2OwFTAz878S85snjiNnAx7n8z
0tSt4SUsOj8fKBL2OwFTAz878S85snjiNnAx7n8z,G97yzpX8HPnbmrVEC0Aoz2si9mlAiCfZmduqw99n,G97yzpX8HPnbmrVEC0Aoz2si9mlAiCfZmduqw99n,MOx9AM3J6rnEQQJCSsWfT7wdOetSni3OV0mrNgho,0tSt4SUsOj8fKBL2OwFTAz878S85snjiNnAx7n8z,G97yzpX8HPnbmrVEC0Aoz2si9mlAiCfZmduqw99n
hBG5vMBqkXoKVhe5nKFmfjAVyNoGHSr22VXcrkoN,MOx9AM3J6rnEQQJCSsWfT7wdOetSni3OV0mrNgho,MOx9AM3J6rnEQQJCSsWfT7wdOetSni3OV0mrNgho,I9zyEumkNRxIzJ9lhMe24gjeuA05krtaF8GygUHD,hBG5vMBqkXoKVhe5nKFmfjAVyNoGHSr22VXcrkoN,MOx9AM3J6rnEQQJCSsWfT7wdOetSni3OV0mrNgho
G0PLr6xT9E96wJTJXQDNB728J4rHnKFKya5jIcwT,I9zyEumkNRxIzJ9lhMe24gjeuA05krtaF8GygUHD,I9zyEumkNRxIzJ9lhMe24gjeuA05krtaF8GygUHD,BR0isoSnDlgTmIqukAORkXTz6C9ABpEWp1Yw4Fx6,G97yzpX8HPnbmrVEC0Aoz2si9mlAiCfZmduqw99n,I9zyEumkNRxIzJ9lhMe24gjeuA05krtaF8GygUHD
DboXcHUzjiTnEyfVzMA8hgefX2B7suIPftuPWSyq,BR0isoSnDlgTmIqukAORkXTz6C9ABpEWp1Yw4Fx6,BR0isoSnDlgTmIqukAORkXTz6C9ABpEWp1Yw4Fx6,0tSt4SUsOj8fKBL2OwFTAz878S85snjiNnAx7n8z,MOx9AM3J6rnEQQJCSsWfT7wdOetSni3OV0mrNgho,BR0isoSnDlgTmIqukAORkXTz6C9ABpEWp1Yw4Fx6
neo9uYRJVawyUm1nyXvQrJxwVqapvXp6gVg6kwxr,0tSt4SUsOj8fKBL2OwFTAz878S85snjiNnAx7n8z,0tSt4SUsOj8fKBL2OwFTAz878S85snjiNnAx7n8z,hBG5vMBqkXoKVhe5nKFmfjAVyNoGHSr22VXcrkoN,I9zyEumkNRxIzJ9lhMe24gjeuA05krtaF8GygUHD,0tSt4SUsOj8fKBL2OwFTAz878S85snjiNnAx7n8z
G97yzpX8HPnbmrVEC0Aoz2si9mlAiCfZmduqw99n,hBG5vMBqkXoKVhe5nKFmfjAVyNoGHSr22VXcrkoN,hBG5vMBqkXoKVhe5nKFmfjAVyNoGHSr22VXcrkoN,G0PLr6xT9E96wJTJXQDNB728J4rHnKFKya5jIcwT,BR0isoSnDlgTmIqukAORkXTz6C9ABpEWp1Yw4Fx6,G97yzpX8HPnbmrVEC0Aoz2si9mlAiCfZmduqw99n
MOx9AM3J6rnEQQJCSsWfT7wdOetSni3OV0mrNgho,G0PLr6xT9E96wJTJXQDNB728J4rHnKFKya5jIcwT,G0PLr6xT9E96wJTJXQDNB728J4rHnKFKya5jIcwT,G97yzpX8HPnbmrVEC0Aoz2si9mlAiCfZmduqw99n,0tSt4SUsOj8fKBL2OwFTAz878S85snjiNnAx7n8z,MOx9AM3J6rnEQQJCSsWfT7wdOetSni3OV0mrNgho
I9zyEumkNRxIzJ9lhMe24gjeuA05krtaF8GygUHD,DboXcHUzjiTnEyfVzMA8hgefX2B7suIPftuPWSyq,DboXcHUzjiTnEyfVzMA8hgefX2B7suIPftuPWSyq,MOx9AM3J6rnEQQJCSsWfT7wdOetSni3OV0mrNgho,hBG5vMBqkXoKVhe5nKFmfjAVyNoGHSr22VXcrkoN,I9zyEumkNRxIzJ9lhMe24gjeuA05krtaF8GygUHD
BR0isoSnDlgTmIqukAORkXTz6C9ABpEWp1Yw4Fx6,neo9uYRJVawyUm1nyXvQrJxwVqapvXp6gVg6kwxr,G97yzpX8HPnbmrVEC0Aoz2si9mlAiCfZmduqw99n,I9zyEumkNRxIzJ9lhMe24gjeuA05krtaF8GygUHD,G97yzpX8HPnbmrVEC0Aoz2si9mlAiCfZmduqw99n,BR0isoSnDlgTmIqukAORkXTz6C9ABpEWp1Yw4Fx6
0tSt4SUsOj8fKBL2OwFTAz878S85snjiNnAx7n8z,nOgJEtffp9e3P1qN9pqUrIZB0WQ9VIdptmx5wtia,MOx9AM3J6rnEQQJCSsWfT7wdOetSni3OV0mrNgho,BR0isoSnDlgTmIqukAORkXTz6C9ABpEWp1Yw4Fx6,MOx9AM3J6rnEQQJCSsWfT7wdOetSni3OV0mrNgho,0tSt4SUsOj8fKBL2OwFTAz878S85snjiNnAx7n8z
hBG5vMBqkXoKVhe5nKFmfjAVyNoGHSr22VXcrkoN,G97yzpX8HPnbmrVEC0Aoz2si9mlAiCfZmduqw99n,I9zyEumkNRxIzJ9lhMe24gjeuA05krtaF8GygUHD,0tSt4SUsOj8fKBL2OwFTAz878S85snjiNnAx7n8z,I9zyEumkNRxIzJ9lhMe24gjeuA05krtaF8GygUHD,G97yzpX8HPnbmrVEC0Aoz2si9mlAiCfZmduqw99n
G0PLr6xT9E96wJTJXQDNB728J4rHnKFKya5jIcwT,MOx9AM3J6rnEQQJCSsWfT7wdOetSni3OV0mrNgho,BR0isoSnDlgTmIqukAORkXTz6C9ABpEWp1Yw4Fx6,hBG5vMBqkXoKVhe5nKFmfjAVyNoGHSr22VXcrkoN,BR0isoSnDlgTmIqukAORkXTz6C9ABpEWp1Yw4Fx6,MOx9AM3J6rnEQQJCSsWfT7wdOetSni3OV0mrNgho
DboXcHUzjiTnEyfVzMA8hgefX2B7suIPftuPWSyq,I9zyEumkNRxIzJ9lhMe24gjeuA05krtaF8GygUHD,0tSt4SUsOj8fKBL2OwFTAz878S85snjiNnAx7n8z,G0PLr6xT9E96wJTJXQDNB728J4rHnKFKya5jIcwT,0tSt4SUsOj8fKBL2OwFTAz878S85snjiNnAx7n8z,I9zyEumkNRxIzJ9lhMe24gjeuA05krtaF8GygUHD
neo9uYRJVawyUm1nyXvQrJxwVqapvXp6gVg6kwxr,BR0isoSnDlgTmIqukAORkXTz6C9ABpEWp1Yw4Fx6,hBG5vMBqkXoKVhe5nKFmfjAVyNoGHSr22VXcrkoN,G97yzpX8HPnbmrVEC0Aoz2si9mlAiCfZmduqw99n,hBG5vMBqkXoKVhe5nKFmfjAVyNoGHSr22VXcrkoN,BR0isoSnDlgTmIqukAORkXTz6C9ABpEWp1Yw4Fx6
G97yzpX8HPnbmrVEC0Aoz2si9mlAiCfZmduqw99n,0tSt4SUsOj8fKBL2OwFTAz878S85snjiNnAx7n8z,G0PLr6xT9E96wJTJXQDNB728J4rHnKFKya5jIcwT,MOx9AM3J6rnEQQJCSsWfT7wdOetSni3OV0mrNgho,G97yzpX8HPnbmrVEC0Aoz2si9mlAiCfZmduqw99n,0tSt4SUsOj8fKBL2OwFTAz878S85snjiNnAx7n8z
MOx9AM3J6rnEQQJCSsWfT7wdOetSni3OV0mrNgho,hBG5vMBqkXoKVhe5nKFmfjAVyNoGHSr22VXcrkoN,DboXcHUzjiTnEyfVzMA8hgefX2B7suIPftuPWSyq,I9zyEumkNRxIzJ9lhMe24gjeuA05krtaF8GygUHD,MOx9AM3J6rnEQQJCSsWfT7wdOetSni3OV0mrNgho,G97yzpX8HPnbmrVEC0Aoz2si9mlAiCfZmduqw99n
I9zyEumkNRxIzJ9lhMe24gjeuA05krtaF8GygUHD,G0PLr6xT9E96wJTJXQDNB728J4rHnKFKya5jIcwT,G97yzpX8HPnbmrVEC0Aoz2si9mlAiCfZmduqw99n,BR0isoSnDlgTmIqukAORkXTz6C9ABpEWp1Yw4Fx6,I9zyEumkNRxIzJ9lhMe24gjeuA05krtaF8GygUHD,MOx9AM3J6rnEQQJCSsWfT7wdOetSni3OV0mrNgho
BR0isoSnDlgTmIqukAORkXTz6C9ABpEWp1Yw4Fx6,DboXcHUzjiTnEyfVzMA8hgefX2B7suIPftuPWSyq,MOx9AM3J6rnEQQJCSsWfT7wdOetSni3OV0mrNgho,0tSt4SUsOj8fKBL2OwFTAz878S85snjiNnAx7n8z,BR0isoSnDlgTmIqukAORkXTz6C9ABpEWp1Yw4Fx6,I9zyEumkNRxIzJ9lhMe24gjeuA05krtaF8GygUHD
0tSt4SUsOj8fKBL2OwFTAz878S85snjiNnAx7n8z,neo9uYRJVawyUm1nyXvQrJxwVqapvXp6gVg6kwxr,I9zyEumkNRxIzJ9lhMe24gjeuA05krtaF8GygUHD,hBG5vMBqkXoKVhe5nKFmfjAVyNoGHSr22VXcrkoN,0tSt4SUsOj8fKBL2OwFTAz878S85snjiNnAx7n8z,BR0isoSnDlgTmIqukAORkXTz6C9ABpEWp1Yw4Fx6
hBG5vMBqkXoKVhe5nKFmfjAVyNoGHSr22VXcrkoN,nOgJEtffp9e3P1qN9pqUrIZB0WQ9VIdptmx5wtia,BR0isoSnDlgTmIqukAORkXTz6C9ABpEWp1Yw4Fx6,G0PLr6xT9E96wJTJXQDNB728J4rHnKFKya5jIcwT,hBG5vMBqkXoKVhe5nKFmfjAVyNoGHSr22VXcrkoN,0tSt4SUsOj8fKBL2OwFTAz878S85snjiNnAx7n8z
G0PLr6xT9E96wJTJXQDNB728J4rHnKFKya5jIcwT,G97yzpX8HPnbmrVEC0Aoz2si9mlAiCfZmduqw99n,0tSt4SUsOj8fKBL2OwFTAz878S85snjiNnAx7n8z,G97yzpX8HPnbmrVEC0Aoz2si9mlAiCfZmduqw99n,G97yzpX8HPnbmrVEC0Aoz2si9mlAiCfZmduqw99n,G97yzpX8HPnbmrVEC0Aoz2si9mlAiCfZmduqw99n
DboXcHUzjiTnEyfVzMA8hgefX2B7suIPftuPWSyq,MOx9AM3J6rnEQQJCSsWfT7wdOetSni3OV0mrNgho,hBG5vMBqkXoKVhe5nKFmfjAVyNoGHSr22VXcrkoN,MOx9AM3J6rnEQQJCSsWfT7wdOetSni3OV0mrNgho,MOx9AM3J6rnEQQJCSsWfT7wdOetSni3OV0mrNgho,MOx9AM3J6rnEQQJCSsWfT7wdOetSni3OV0mrNgho
neo9uYRJVawyUm1nyXvQrJxwVqapvXp6gVg6kwxr,I9zyEumkNRxIzJ9lhMe24gjeuA05krtaF8GygUHD,G0PLr6xT9E96wJTJXQDNB728J4rHnKFKya5jIcwT,I9zyEumkNRxIzJ9lhMe24gjeuA05krtaF8GygUHD,I9zyEumkNRxIzJ9lhMe24gjeuA05krtaF8GygUHD,I9zyEumkNRxIzJ9lhMe24gjeuA05krtaF8GygUHD
G97yzpX8HPnbmrVEC0Aoz2si9mlAiCfZmduqw99n,BR0isoSnDlgTmIqukAORkXTz6C9ABpEWp1Yw4Fx6,DboXcHUzjiTnEyfVzMA8hgefX2B7suIPftuPWSyq,BR0isoSnDlgTmIqukAORkXTz6C9ABpEWp1Yw4Fx6,BR0isoSnDlgTmIqukAORkXTz6C9ABpEWp1Yw4Fx6,BR0isoSnDlgTmIqukAORkXTz6C9ABpEWp1Yw4Fx6
MOx9AM3J6rnEQQJCSsWfT7wdOetSni3OV0mrNgho,0tSt4SUsOj8fKBL2OwFTAz878S85snjiNnAx7n8z,G97yzpX8HPnbmrVEC0Aoz2si9mlAiCfZmduqw99n,0tSt4SUsOj8fKBL2OwFTAz878S85snjiNnAx7n8z,0tSt4SUsOj8fKBL2OwFTAz878S85snjiNnAx7n8z,0tSt4SUsOj8fKBL2OwFTAz878S85snjiNnAx7n8z
I9zyEumkNRxIzJ9lhMe24gjeuA05krtaF8GygUHD,hBG5vMBqkXoKVhe5nKFmfjAVyNoGHSr22VXcrkoN,MOx9AM3J6rnEQQJCSsWfT7wdOetSni3OV0mrNgho,hBG5vMBqkXoKVhe5nKFmfjAVyNoGHSr22VXcrkoN,hBG5vMBqkXoKVhe5nKFmfjAVyNoGHSr22VXcrkoN,G97yzpX8HPnbmrVEC0Aoz2si9mlAiCfZmduqw99n
BR0isoSnDlgTmIqukAORkXTz6C9ABpEWp1Yw4Fx6,G0PLr6xT9E96wJTJXQDNB728J4rHnKFKya5jIcwT,I9zyEumkNRxIzJ9lhMe24gjeuA05krtaF8GygUHD,G0PLr6xT9E96wJTJXQDNB728J4rHnKFKya5jIcwT,G97yzpX8HPnbmrVEC0Aoz2si9mlAiCfZmduqw99n,MOx9AM3J6rnEQQJCSsWfT7wdOetSni3OV0mrNgho
0tSt4SUsOj8fKBL2OwFTAz878S85snjiNnAx7n8z,DboXcHUzjiTnEyfVzMA8hgefX2B7suIPftuPWSyq,BR0isoSnDlgTmIqukAORkXTz6C9ABpEWp1Yw4Fx6,G97yzpX8HPnbmrVEC0Aoz2si9mlAiCfZmduqw99n,MOx9AM3J6rnEQQJCSsWfT7wdOetSni3OV0mrNgho,I9zyEumkNRxIzJ9lhMe24gjeuA05krtaF8GygUHD
hBG5vMBqkXoKVhe5nKFmfjAVyNoGHSr22VXcrkoN,neo9uYRJVawyUm1nyXvQrJxwVqapvXp6gVg6kwxr,0tSt4SUsOj8fKBL2OwFTAz878S85snjiNnAx7n8z,MOx9AM3J6rnEQQJCSsWfT7wdOetSni3OV0mrNgho,I9zyEumkNRxIzJ9lhMe24gjeuA05krtaF8GygUHD,BR0isoSnDlgTmIqukAORkXTz6C9ABpEWp1Yw4Fx6
G0PLr6xT9E96wJTJXQDNB728J4rHnKFKya5jIcwT,nOgJEtffp9e3P1qN9pqUrIZB0WQ9VIdptmx5wtia,hBG5vMBqkXoKVhe5nKFmfjAVyNoGHSr22VXcrkoN,I9zyEumkNRxIzJ9lhMe24gjeuA05krtaF8GygUHD,BR0isoSnDlgTmIqukAORkXTz6C9ABpEWp1Yw4Fx6,0tSt4SUsOj8fKBL2OwFTAz878S85snjiNnAx7n8z
DboXcHUzjiTnEyfVzMA8hgefX2B7suIPftuPWSyq,G97yzpX8HPnbmrVEC0Aoz2si9mlAiCfZmduqw99n,G0PLr6xT9E96wJTJXQDNB728J4rHnKFKya5jIcwT,BR0isoSnDlgTmIqukAORkXTz6C9ABpEWp1Yw4Fx6,0tSt4SUsOj8fKBL2OwFTAz878S85snjiNnAx7n8z,G97yzpX8HPnbmrVEC0Aoz2si9mlAiCfZmduqw99n
neo9uYRJVawyUm1nyXvQrJxwVqapvXp6gVg6kwxr,MOx9AM3J6rnEQQJCSsWfT7wdOetSni3OV0mrNgho,DboXcHUzjiTnEyfVzMA8hgefX2B7suIPftuPWSyq,0tSt4SUsOj8fKBL2OwFTAz878S85snjiNnAx7n8z,hBG5vMBqkXoKVhe5nKFmfjAVyNoGHSr22VXcrkoN,MOx9AM3J6rnEQQJCSsWfT7wdOetSni3OV0mrNgho
G97yzpX8HPnbmrVEC0Aoz2si9mlAiCfZmduqw99n,I9zyEumkNRxIzJ9lhMe24gjeuA05krtaF8GygUHD,G97yzpX8HPnbmrVEC0Aoz2si9mlAiCfZmduqw99n,hBG5vMBqkXoKVhe5nKFmfjAVyNoGHSr22VXcrkoN,G97yzpX8HPnbmrVEC0Aoz2si9mlAiCfZmduqw99n,I9zyEumkNRxIzJ9lhMe24gjeuA05krtaF8GygUHD
MOx9AM3J6rnEQQJCSsWfT7wdOetSni3OV0mrNgho,BR0isoSnDlgTmIqukAORkXTz6C9ABpEWp1Yw4Fx6,MOx9AM3J6rnEQQJCSsWfT7wdOetSni3OV0mrNgho,G0PLr6xT9E96wJTJXQDNB728J4rHnKFKya5jIcwT,MOx9AM3J6rnEQQJCSsWfT7wdOetSni3OV0mrNgho,BR0isoSnDlgTmIqukAORkXTz6C9ABpEWp1Yw4Fx6
I9zyEumkNRxIzJ9lhMe24gjeuA05krtaF8GygUHD,0tSt4SUsOj8fKBL2OwFTAz878S85snjiNnAx7n8z,I9zyEumkNRxIzJ9lhMe24gjeuA05krtaF8GygUHD,G97yzpX8HPnbmrVEC0Aoz2si9mlAiCfZmduqw99n,I9zyEumkNRxIzJ9lhMe24gjeuA05krtaF8GygUHD,0tSt4SUsOj8fKBL2OwFTAz878S85snjiNnAx7n8z
BR0isoSnDlgTmIqukAORkXTz6C9ABpEWp1Yw4Fx6,hBG5vMBqkXoKVhe5nKFmfjAVyNoGHSr22VXcrkoN,BR0isoSnDlgTmIqukAORkXTz6C9ABpEWp1Yw4Fx6,MOx9AM3J6rnEQQJCSsWfT7wdOetSni3OV0mrNgho,BR0isoSnDlgTmIqukAORkXTz6C9ABpEWp1Yw4Fx6,G97yzpX8HPnbmrVEC0Aoz2si9mlAiCfZmduqw99n
0tSt4SUsOj8fKBL2OwFTAz878S85snjiNnAx7n8z,G0PLr6xT9E96wJTJXQDNB728J4rHnKFKya5jIcwT,0tSt4SUsOj8fKBL2OwFTAz878S85snjiNnAx7n8z,I9zyEumkNRxIzJ9lhMe24gjeuA05krtaF8GygUHD,0tSt4SUsOj8fKBL2OwFTAz878S85snjiNnAx7n8z,MOx9AM3J6rnEQQJCSsWfT7wdOetSni3OV0mrNgho
hBG5vMBqkXoKVhe5nKFmfjAVyNoGHSr22VXcrkoN,DboXcHUzjiTnEyfVzMA8hgefX2B7suIPftuPWSyq,hBG5vMBqkXoKVhe5nKFmfjAVyNoGHSr22VXcrkoN,BR0isoSnDlgTmIqukAORkXTz6C9ABpEWp1Yw4Fx6,hBG5vMBqkXoKVhe5nKFmfjAVyNoGHSr22VXcrkoN,I9zyEumkNRxIzJ9lhMe24gjeuA05krtaF8GygUHD
G0PLr6xT9E96wJTJXQDNB728J4rHnKFKya5jIcwT,neo9uYRJVawyUm1nyXvQrJxwVqapvXp6gVg6kwxr,G0PLr6xT9E96wJTJXQDNB728J4rHnKFKya5jIcwT,0tSt4SUsOj8fKBL2OwFTAz878S85snjiNnAx7n8z,G97yzpX8HPnbmrVEC0Aoz2si9mlAiCfZmduqw99n,BR0isoSnDlgTmIqukAORkXTz6C9ABpEWp1Yw4Fx6
DboXcHUzjiTnEyfVzMA8hgefX2B7suIPftuPWSyq,nOgJEtffp9e3P1qN9pqUrIZB0WQ9VIdptmx5wtia,DboXcHUzjiTnEyfVzMA8hgefX2B7suIPftuPWSyq,hBG5vMBqkXoKVhe5nKFmfjAVyNoGHSr22VXcrkoN,MOx9AM3J6rnEQQJCSsWfT7wdOetSni3OV0mrNgho,0tSt4SUsOj8fKBL2OwFTAz878S85snjiNnAx7n8z
neo9uYRJVawyUm1nyXvQrJxwVqapvXp6gVg6kwxr,G97yzpX8HPnbmrVEC0Aoz2si9mlAiCfZmduqw99n,G97yzpX8HPnbmrVEC0Aoz2si9mlAiCfZmduqw99n,G0PLr6xT9E96wJTJXQDNB728J4rHnKFKya5jIcwT,I9zyEumkNRxIzJ9lhMe24gjeuA05krtaF8GygUHD,G97yzpX8HPnbmrVEC0Aoz2si9mlAiCfZmduqw99n
G97yzpX8HPnbmrVEC0Aoz2si9mlAiCfZmduqw99n,MOx9AM3J6rnEQQJCSsWfT7wdOetSni3OV0mrNgho,MOx9AM3J6rnEQQJCSsWfT7wdOetSni3OV0mrNgho,G97yzpX8HPnbmrVEC0Aoz2si9mlAiCfZmduqw99n,BR0isoSnDlgTmIqukAORkXTz6C9ABpEWp1Yw4Fx6,MOx9AM3J6rnEQQJCSsWfT7wdOetSni3OV0mrNgho
MOx9AM3J6rnEQQJCSsWfT7wdOetSni3OV0mrNgho,I9zyEumkNRxIzJ9lhMe24gjeuA05krtaF8GygUHD,I9zyEumkNRxIzJ9lhMe24gjeuA05krtaF8GygUHD,MOx9AM3J6rnEQQJCSsWfT7wdOetSni3OV0mrNgho,0tSt4SUsOj8fKBL2OwFTAz878S85snjiNnAx7n8z,I9zyEumkNRxIzJ9lhMe24gjeuA05krtaF8GygUHD
I9zyEumkNRxIzJ9lhMe24gjeuA05krtaF8GygUHD,BR0isoSnDlgTmIqukAORkXTz6C9ABpEWp1Yw4Fx6,BR0isoSnDlgTmIqukAORkXTz6C9ABpEWp1Yw4Fx6,I9zyEumkNRxIzJ9lhMe24gjeuA05krtaF8GygUHD,hBG5vMBqkXoKVhe5nKFmfjAVyNoGHSr22VXcrkoN,BR0isoSnDlgTmIqukAORkXTz6C9ABpEWp1Yw4Fx6
BR0isoSnDlgTmIqukAORkXTz6C9ABpEWp1Yw4Fx6,0tSt4SUsOj8fKBL2OwFTAz878S85snjiNnAx7n8z,0tSt4SUsOj8fKBL2OwFTAz878S85snjiNnAx7n8z,BR0isoSnDlgTmIqukAORkXTz6C9ABpEWp1Yw4Fx6,G97yzpX8HPnbmrVEC0Aoz2si9mlAiCfZmduqw99n,0tSt4SUsOj8fKBL2OwFTAz878S85snjiNnAx7n8z
0tSt4SUsOj8fKBL2OwFTAz878S85snjiNnAx7n8z,hBG5vMBqkXoKVhe5nKFmfjAVyNoGHSr22VXcrkoN,hBG5vMBqkXoKVhe5nKFmfjAVyNoGHSr22VXcrkoN,0tSt4SUsOj8fKBL2OwFTAz878S85snjiNnAx7n8z,MOx9AM3J6rnEQQJCSsWfT7wdOetSni3OV0mrNgho,G97yzpX8HPnbmrVEC0Aoz2si9mlAiCfZmduqw99n
hBG5vMBqkXoKVhe5nKFmfjAVyNoGHSr22VXcrkoN,G0PLr6xT9E96wJTJXQDNB728J4rHnKFKya5jIcwT,G0PLr6xT9E96wJTJXQDNB728J4rHnKFKya5jIcwT,hBG5vMBqkXoKVhe5nKFmfjAVyNoGHSr22VXcrkoN,I9zyEumkNRxIzJ9lhMe24gjeuA05krtaF8GygUHD,MOx9AM3J6rnEQQJCSsWfT7wdOetSni3OV0mrNgho
G0PLr6xT9E96wJTJXQDNB728J4rHnKFKya5jIcwT,DboXcHUzjiTnEyfVzMA8hgefX2B7suIPftuPWSyq,DboXcHUzjiTnEyfVzMA8hgefX2B7suIPftuPWSyq,G0PLr6xT9E96wJTJXQDNB728J4rHnKFKya5jIcwT,BR0isoSnDlgTmIqukAORkXTz6C9ABpEWp1Yw4Fx6,I9zyEumkNRxIzJ9lhMe24gjeuA05krtaF8GygUHD
DboXcHUzjiTnEyfVzMA8hgefX2B7suIPftuPWSyq,neo9uYRJVawyUm1nyXvQrJxwVqapvXp6gVg6kwxr,G97yzpX8HPnbmrVEC0Aoz2si9mlAiCfZmduqw99n,G97yzpX8HPnbmrVEC0Aoz2si9mlAiCfZmduqw99n,0tSt4SUsOj8fKBL2OwFTAz878S85snjiNnAx7n8z,BR0isoSnDlgTmIqukAORkXTz6C9ABpEWp1Yw4Fx6
neo9uYRJVawyUm1nyXvQrJxwVqapvXp6gVg6kwxr,nOgJEtffp9e3P1qN9pqUrIZB0WQ9VIdptmx5wtia,MOx9AM3J6rnEQQJCSsWfT7wdOetSni3OV0mrNgho,MOx9AM3J6rnEQQJCSsWfT7wdOetSni3OV0mrNgho,hBG5vMBqkXoKVhe5nKFmfjAVyNoGHSr22VXcrkoN,0tSt4SUsOj8fKBL2OwFTAz878S85snjiNnAx7n8z
G97yzpX8HPnbmrVEC0Aoz2si9mlAiCfZmduqw99n,G97yzpX8HPnbmrVEC0Aoz2si9mlAiCfZmduqw99n,I9zyEumkNRxIzJ9lhMe24gjeuA05krtaF8GygUHD,I9zyEumkNRxIzJ9lhMe24gjeuA05krtaF8GygUHD,G97yzpX8HPnbmrVEC0Aoz2si9mlAiCfZmduqw99n,G97yzpX8HPnbmrVEC0Aoz2si9mlAiCfZmduqw99n
MOx9AM3J6rnEQQJCSsWfT7wdOetSni3OV0mrNgho,MOx9AM3J6rnEQQJCSsWfT7wdOetSni3OV0mrNgho,BR0isoSnDlgTmIqukAORkXTz6C9ABpEWp1Yw4Fx6,BR0isoSnDlgTmIqukAORkXTz6C9ABpEWp1Yw4Fx6,MOx9AM3J6rnEQQJCSsWfT7wdOetSni3OV0mrNgho,MOx9AM3J6rnEQQJCSsWfT7wdOetSni3OV0mrNgho
I9zyEumkNRxIzJ9lhMe24gjeuA05krtaF8GygUHD,I9zyEumkNRxIzJ9lhMe24gjeuA05krtaF8GygUHD,0tSt4SUsOj8fKBL2OwFTAz878S85snjiNnAx7n8z,0tSt4SUsOj8fKBL2OwFTAz878S85snjiNnAx7n8z,I9zyEumkNRxIzJ9lhMe24gjeuA05krtaF8GygUHD,I9zyEumkNRxIzJ9lhMe24gjeuA05krtaF8GygUHD
BR0isoSnDlgTmIqukAORkXTz6C9ABpEWp1Yw4Fx6,BR0isoSnDlgTmIqukAORkXTz6C9ABpEWp1Yw4Fx6,hBG5vMBqkXoKVhe5nKFmfjAVyNoGHSr22VXcrkoN,hBG5vMBqkXoKVhe5nKFmfjAVyNoGHSr22VXcrkoN,BR0isoSnDlgTmIqukAORkXTz6C9ABpEWp1Yw4Fx6,BR0isoSnDlgTmIqukAORkXTz6C9ABpEWp1Yw4Fx6
0tSt4SUsOj8fKBL2OwFTAz878S85snjiNnAx7n8z,0tSt4SUsOj8fKBL2OwFTAz878S85snjiNnAx7n8z,G0PLr6xT9E96wJTJXQDNB728J4rHnKFKya5jIcwT,G0PLr6xT9E96wJTJXQDNB728J4rHnKFKya5jIcwT,0tSt4SUsOj8fKBL2OwFTAz878S85snjiNnAx7n8z,0tSt4SUsOj8fKBL2OwFTAz878S85snjiNnAx7n8z
hBG5vMBqkXoKVhe5nKFmfjAVyNoGHSr22VXcrkoN,hBG5vMBqkXoKVhe5nKFmfjAVyNoGHSr22VXcrkoN,DboXcHUzjiTnEyfVzMA8hgefX2B7suIPftuPWSyq,G97yzpX8HPnbmrVEC0Aoz2si9mlAiCfZmduqw99n,hBG5vMBqkXoKVhe5nKFmfjAVyNoGHSr22VXcrkoN,G97yzpX8HPnbmrVEC0Aoz2si9mlAiCfZmduqw99n
G0PLr6xT9E96wJTJXQDNB728J4rHnKFKya5jIcwT,G0PLr6xT9E96wJTJXQDNB728J4rHnKFKya5jIcwT,G97yzpX8HPnbmrVEC0Aoz2si9mlAiCfZmduqw99n,MOx9AM3J6rnEQQJCSsWfT7wdOetSni3OV0mrNgho,G97yzpX8HPnbmrVEC0Aoz2si9mlAiCfZmduqw99n,MOx9AM3J6rnEQQJCSsWfT7wdOetSni3OV0mrNgho
DboXcHUzjiTnEyfVzMA8hgefX2B7suIPftuPWSyq,DboXcHUzjiTnEyfVzMA8hgefX2B7suIPftuPWSyq,MOx9AM3J6rnEQQJCSsWfT7wdOetSni3OV0mrNgho,I9zyEumkNRxIzJ9lhMe24gjeuA05krtaF8GygUHD,MOx9AM3J6rnEQQJCSsWfT7wdOetSni3OV0mrNgho,I9zyEumkNRxIzJ9lhMe24gjeuA05krtaF8GygUHD
neo9uYRJVawyUm1nyXvQrJxwVqapvXp6gVg6kwxr,neo9uYRJVawyUm1nyXvQrJxwVqapvXp6gVg6kwxr,I9zyEumkNRxIzJ9lhMe24gjeuA05krtaF8GygUHD,BR0isoSnDlgTmIqukAORkXTz6C9ABpEWp1Yw4Fx6,I9zyEumkNRxIzJ9lhMe24gjeuA05krtaF8GygUHD,BR0isoSnDlgTmIqukAORkXTz6C9ABpEWp1Yw4Fx6
G97yzpX8HPnbmrVEC0Aoz2si9mlAiCfZmduqw99n,nOgJEtffp9e3P1qN9pqUrIZB0WQ9VIdptmx5wtia,BR0isoSnDlgTmIqukAORkXTz6C9ABpEWp1Yw4Fx6,0tSt4SUsOj8fKBL2OwFTAz878S85snjiNnAx7n8z,BR0isoSnDlgTmIqukAORkXTz6C9ABpEWp1Yw4Fx6,0tSt4SUsOj8fKBL2OwFTAz878S85snjiNnAx7n8z
MOx9AM3J6rnEQQJCSsWfT7wdOetSni3OV0mrNgho,G97yzpX8HPnbmrVEC0Aoz2si9mlAiCfZmduqw99n,0tSt4SUsOj8fKBL2OwFTAz878S85snjiNnAx7n8z,hBG5vMBqkXoKVhe5nKFmfjAVyNoGHSr22VXcrkoN,0tSt4SUsOj8fKBL2OwFTAz878S85snjiNnAx7n8z,G97yzpX8HPnbmrVEC0Aoz2si9mlAiCfZmduqw99n
I9zyEumkNRxIzJ9lhMe24gjeuA05krtaF8GygUHD,MOx9AM3J6rnEQQJCSsWfT7wdOetSni3OV0mrNgho,hBG5vMBqkXoKVhe5nKFmfjAVyNoGHSr22VXcrkoN,G0PLr6xT9E96wJTJXQDNB728J4rHnKFKya5jIcwT,hBG5vMBqkXoKVhe5nKFmfjAVyNoGHSr22VXcrkoN,MOx9AM3J6rnEQQJCSsWfT7wdOetSni3OV0mrNgho
BR0isoSnDlgTmIqukAORkXTz6C9ABpEWp1Yw4Fx6,I9zyEumkNRxIzJ9lhMe24gjeuA05krtaF8GygUHD,G0PLr6xT9E96wJTJXQDNB728J4rHnKFKya5jIcwT,G97yzpX8HPnbmrVEC0Aoz2si9mlAiCfZmduqw99n,G97yzpX8HPnbmrVEC0Aoz2si9mlAiCfZmduqw99n,I9zyEumkNRxIzJ9lhMe24gjeuA05krtaF8GygUHD
0tSt4SUsOj8fKBL2OwFTAz878S85snjiNnAx7n8z,BR0isoSnDlgTmIqukAORkXTz6C9ABpEWp1Yw4Fx6,DboXcHUzjiTnEyfVzMA8hgefX2B7suIPftuPWSyq,MOx9AM3J6rnEQQJCSsWfT7wdOetSni3OV0mrNgho,MOx9AM3J6rnEQQJCSsWfT7wdOetSni3OV0mrNgho,BR0isoSnDlgTmIqukAORkXTz6C9ABpEWp1Yw4Fx6
hBG5vMBqkXoKVhe5nKFmfjAVyNoGHSr22VXcrkoN,0tSt4SUsOj8fKBL2OwFTAz878S85snjiNnAx7n8z,G97yzpX8HPnbmrVEC0Aoz2si9mlAiCfZmduqw99n,I9zyEumkNRxIzJ9lhMe24gjeuA05krtaF8GygUHD,I9zyEumkNRxIzJ9lhMe24gjeuA05krtaF8GygUHD,0tSt4SUsOj8fKBL2OwFTAz878S85snjiNnAx7n8z
G0PLr6xT9E96wJTJXQDNB728J4rHnKFKya5jIcwT,hBG5vMBqkXoKVhe5nKFmfjAVyNoGHSr22VXcrkoN,MOx9AM3J6rnEQQJCSsWfT7wdOetSni3OV0mrNgho,BR0isoSnDlgTmIqukAORkXTz6C9ABpEWp1Yw4Fx6,BR0isoSnDlgTmIqukAORkXTz6C9ABpEWp1Yw4Fx6,G97yzpX8HPnbmrVEC0Aoz2si9mlAiCfZmduqw99n
DboXcHUzjiTnEyfVzMA8hgefX2B7suIPftuPWSyq,G0PLr6xT9E96wJTJXQDNB728J4rHnKFKya5jIcwT,I9zyEumkNRxIzJ9lhMe24gjeuA05krtaF8GygUHD,0tSt4SUsOj8fKBL2OwFTAz878S85snjiNnAx7n8z,0tSt4SUsOj8fKBL2OwFTAz878S85snjiNnAx7n8z,MOx9AM3J6rnEQQJCSsWfT7wdOetSni3OV0mrNgho
neo9uYRJVawyUm1nyXvQrJxwVqapvXp6gVg6kwxr,DboXcHUzjiTnEyfVzMA8hgefX2B7suIPftuPWSyq,BR0isoSnDlgTmIqukAORkXTz6C9ABpEWp1Yw4Fx6,hBG5vMBqkXoKVhe5nKFmfjAVyNoGHSr22VXcrkoN,hBG5vMBqkXoKVhe5nKFmfjAVyNoGHSr22VXcrkoN,I9zyEumkNRxIzJ9lhMe24gjeuA05krtaF8GygUHD
G97yzpX8HPnbmrVEC0Aoz2si9mlAiCfZmduqw99n,neo9uYRJVawyUm1nyXvQrJxwVqapvXp6gVg6kwxr,0tSt4SUsOj8fKBL2OwFTAz878S85snjiNnAx7n8z,G0PLr6xT9E96wJTJXQDNB728J4rHnKFKya5jIcwT,G97yzpX8HPnbmrVEC0Aoz2si9mlAiCfZmduqw99n,BR0isoSnDlgTmIqukAORkXTz6C9ABpEWp1Yw4Fx6
MOx9AM3J6rnEQQJCSsWfT7wdOetSni3OV0mrNgho,nOgJEtffp9e3P1qN9pqUrIZB0WQ9VIdptmx5wtia,hBG5vMBqkXoKVhe5nKFmfjAVyNoGHSr22VXcrkoN,G97yzpX8HPnbmrVEC0Aoz2si9mlAiCfZmduqw99n,MOx9AM3J6rnEQQJCSsWfT7wdOetSni3OV0mrNgho,0tSt4SUsOj8fKBL2OwFTAz878S85snjiNnAx7n8z
I9zyEumkNRxIzJ9lhMe24gjeuA05krtaF8GygUHD,G97yzpX8HPnbmrVEC0Aoz2si9mlAiCfZmduqw99n,G0PLr6xT9E96wJTJXQDNB728J4rHnKFKya5jIcwT,MOx9AM3J6rnEQQJCSsWfT7wdOetSni3OV0mrNgho,I9zyEumkNRxIzJ9lhMe24gjeuA05krtaF8GygUHD,G97yzpX8HPnbmrVEC0Aoz2si9mlAiCfZmduqw99n
BR0isoSnDlgTmIqukAORkXTz6C9ABpEWp1Yw4Fx6,MOx9AM3J6rnEQQJCSsWfT7wdOetSni3OV0mrNgho,DboXcHUzjiTnEyfVzMA8hgefX2B7suIPftuPWSyq,I9zyEumkNRxIzJ9lhMe24gjeuA05krtaF8GygUHD,BR0isoSnDlgTmIqukAORkXTz6C9ABpEWp1Yw4Fx6,MOx9AM3J6rnEQQJCSsWfT7wdOetSni3OV0mrNgho
0tSt4SUsOj8fKBL2OwFTAz878S85snjiNnAx7n8z,I9zyEumkNRxIzJ9lhMe24gjeuA05krtaF8GygUHD,G97yzpX8HPnbmrVEC0Aoz2si9mlAiCfZmduqw99n,BR0isoSnDlgTmIqukAORkXTz6C9ABpEWp1Yw4Fx6,0tSt4SUsOj8fKBL2OwFTAz878S85snjiNnAx7n8z,I9zyEumkNRxIzJ9lhMe24gjeuA05krtaF8GygUHD
hBG5vMBqkXoKVhe5nKFmfjAVyNoGHSr22VXcrkoN,BR0isoSnDlgTmIqukAORkXTz6C9ABpEWp1Yw4Fx6,MOx9AM3J6rnEQQJCSsWfT7wdOetSni3OV0mrNgho,0tSt4SUsOj8fKBL2OwFTAz878S85snjiNnAx7n8z,hBG5vMBqkXoKVhe5nKFmfjAVyNoGHSr22VXcrkoN,BR0isoSnDlgTmIqukAORkXTz6C9ABpEWp1Yw4Fx6
G0PLr6xT9E96wJTJXQDNB728J4rHnKFKya5jIcwT,0tSt4SUsOj8fKBL2OwFTAz878S85snjiNnAx7n8z,I9zyEumkNRxIzJ9lhMe24gjeuA05krtaF8GygUHD,hBG5vMBqkXoKVhe5nKFmfjAVyNoGHSr22VXcrkoN,G97yzpX8HPnbmrVEC0Aoz2si9mlAiCfZmduqw99n,0tSt4SUsOj8fKBL2OwFTAz878S85snjiNnAx7n8z
DboXcHUzjiTnEyfVzMA8hgefX2B7suIPftuPWSyq,hBG5vMBqkXoKVhe5nKFmfjAVyNoGHSr22VXcrkoN,BR0isoSnDlgTmIqukAORkXTz6C9ABpEWp1Yw4Fx6,G0PLr6xT9E96wJTJXQDNB728J4rHnKFKya5jIcwT,MOx9AM3J6rnEQQJCSsWfT7wdOetSni3OV0mrNgho,G97yzpX8HPnbmrVEC0Aoz2si9mlAiCfZmduqw99n
neo9uYRJVawyUm1nyXvQrJxwVqapvXp6gVg6kwxr,G0PLr6xT9E96wJTJXQDNB728J4rHnKFKya5jIcwT,0tSt4SUsOj8fKBL2OwFTAz878S85snjiNnAx7n8z,G97yzpX8HPnbmrVEC0Aoz2si9mlAiCfZmduqw99n,I9zyEumkNRxIzJ9lhMe24gjeuA05krtaF8GygUHD,MOx9AM3J6rnEQQJCSsWfT7wdOetSni3OV0mrNgho
G97yzpX8HPnbmrVEC0Aoz2si9mlAiCfZmduqw99n,DboXcHUzjiTnEyfVzMA8hgefX2B7suIPftuPWSyq,hBG5vMBqkXoKVhe5nKFmfjAVyNoGHSr22VXcrkoN,MOx9AM3J6rnEQQJCSsWfT7wdOetSni3OV0mrNgho,BR0isoSnDlgTmIqukAORkXTz6C9ABpEWp1Yw4Fx6,I9zyEumkNRxIzJ9lhMe24gjeuA05krtaF8GygUHD
MOx9AM3J6rnEQQJCSsWfT7wdOetSni3OV0mrNgho,neo9uYRJVawyUm1nyXvQrJxwVqapvXp6gVg6kwxr,G0PLr6xT9E96wJTJXQDNB728J4rHnKFKya5jIcwT,I9zyEumkNRxIzJ9lhMe24gjeuA05krtaF8GygUHD,0tSt4SUsOj8fKBL2OwFTAz878S85snjiNnAx7n8z,BR0isoSnDlgTmIqukAORkXTz6C9ABpEWp1Yw4Fx6
I9zyEumkNRxIzJ9lhMe24gjeuA05krtaF8GygUHD,nOgJEtffp9e3P1qN9pqUrIZB0WQ9VIdptmx5wtia,DboXcHUzjiTnEyfVzMA8hgefX2B7suIPftuPWSyq,BR0isoSnDlgTmIqukAORkXTz6C9ABpEWp1Yw4Fx6,hBG5vMBqkXoKVhe5nKFmfjAVyNoGHSr22VXcrkoN,0tSt4SUsOj8fKBL2OwFTAz878S85snjiNnAx7n8z
BR0isoSnDlgTmIqukAORkXTz6C9ABpEWp1Yw4Fx6,G97yzpX8HPnbmrVEC0Aoz2si9mlAiCfZmduqw99n,G97yzpX8HPnbmrVEC0Aoz2si9mlAiCfZmduqw99n,0tSt4SUsOj8fKBL2OwFTAz878S85snjiNnAx7n8z,G97yzpX8HPnbmrVEC0Aoz2si9mlAiCfZmduqw99n,G97yzpX8HPnbmrVEC0Aoz2si9mlAiCfZmduqw99n
0tSt4SUsOj8fKBL2OwFTAz878S85snjiNnAx7n8z,MOx9AM3J6rnEQQJCSsWfT7wdOetSni3OV0mrNgho,MOx9AM3J6rnEQQJCSsWfT7wdOetSni3OV0mrNgho,hBG5vMBqkXoKVhe5nKFmfjAVyNoGHSr22VXcrkoN,MOx9AM3J6rnEQQJCSsWfT7wdOetSni3OV0mrNgho,MOx9AM3J6rnEQQJCSsWfT7wdOetSni3OV0mrNgho
hBG5vMBqkXoKVhe5nKFmfjAVyNoGHSr22VXcrkoN,I9zyEumkNRxIzJ9lhMe24gjeuA05krtaF8GygUHD,I9zyEumkNRxIzJ9lhMe24gjeuA05krtaF8GygUHD,G0PLr6xT9E96wJTJXQDNB728J4rHnKFKya5jIcwT,I9zyEumkNRxIzJ9lhMe24gjeuA05krtaF8GygUHD,I9zyEumkNRxIzJ9lhMe24gjeuA05krtaF8GygUHD
G0PLr6xT9E96wJTJXQDNB728J4rHnKFKya5jIcwT,BR0isoSnDlgTmIqukAORkXTz6C9ABpEWp1Yw4Fx6,BR0isoSnDlgTmIqukAORkXTz6C9ABpEWp1Yw4Fx6,G97yzpX8HPnbmrVEC0Aoz2si9mlAiCfZmduqw99n,BR0isoSnDlgTmIqukAORkXTz6C9ABpEWp1Yw4Fx6,BR0isoSnDlgTmIqukAORkXTz6C9ABpEWp1Yw4Fx6
DboXcHUzjiTnEyfVzMA8hgefX2B7suIPftuPWSyq,0tSt4SUsOj8fKBL2OwFTAz878S85snjiNnAx7n8z,0tSt4SUsOj8fKBL2OwFTAz878S85snjiNnAx7n8z,MOx9AM3J6rnEQQJCSsWfT7wdOetSni3OV0mrNgho,0tSt4SUsOj8fKBL2OwFTAz878S85snjiNnAx7n8z,0tSt4SUsOj8fKBL2OwFTAz878S85snjiNnAx7n8z
neo9uYRJVawyUm1nyXvQrJxwVqapvXp6gVg6kwxr,hBG5vMBqkXoKVhe5nKFmfjAVyNoGHSr22VXcrkoN,hBG5vMBqkXoKVhe5nKFmfjAVyNoGHSr22VXcrkoN,I9zyEumkNRxIzJ9lhMe24gjeuA05krtaF8GygUHD,hBG5vMBqkXoKVhe5nKFmfjAVyNoGHSr22VXcrkoN,G97yzpX8HPnbmrVEC0Aoz2si9mlAiCfZmduqw99n
G97yzpX8HPnbmrVEC0Aoz2si9mlAiCfZmduqw99n,G0PLr6xT9E96wJTJXQDNB728J4rHnKFKya5jIcwT,G0PLr6xT9E96wJTJXQDNB728J4rHnKFKya5jIcwT,BR0isoSnDlgTmIqukAORkXTz6C9ABpEWp1Yw4Fx6,G97yzpX8HPnbmrVEC0Aoz2si9mlAiCfZmduqw99n,MOx9AM3J6rnEQQJCSsWfT7wdOetSni3OV0mrNgho
MOx9AM3J6rnEQQJCSsWfT7wdOetSni3OV0mrNgho,DboXcHUzjiTnEyfVzMA8hgefX2B7suIPftuPWSyq,DboXcHUzjiTnEyfVzMA8hgefX2B7suIPftuPWSyq,0tSt4SUsOj8fKBL2OwFTAz878S85snjiNnAx7n8z,MOx9AM3J6rnEQQJCSsWfT7wdOetSni3OV0mrNgho,I9zyEumkNRxIzJ9lhMe24gjeuA05krtaF8GygUHD
I9zyEumkNRxIzJ9lhMe24gjeuA05krtaF8GygUHD,neo9uYRJVawyUm1nyXvQrJxwVqapvXp6gVg6kwxr,G97yzpX8HPnbmrVEC0Aoz2si9mlAiCfZmduqw99n,hBG5vMBqkXoKVhe5nKFmfjAVyNoGHSr22VXcrkoN,I9zyEumkNRxIzJ9lhMe24gjeuA05krtaF8GygUHD,BR0isoSnDlgTmIqukAORkXTz6C9ABpEWp1Yw4Fx6
BR0isoSnDlgTmIqukAORkXTz6C9ABpEWp1Yw4Fx6,nOgJEtffp9e3P1qN9pqUrIZB0WQ9VIdptmx5wtia,MOx9AM3J6rnEQQJCSsWfT7wdOetSni3OV0mrNgho,G0PLr6xT9E96wJTJXQDNB728J4rHnKFKya5jIcwT,BR0isoSnDlgTmIqukAORkXTz6C9ABpEWp1Yw4Fx6,0tSt4SUsOj8fKBL2OwFTAz878S85snjiNnAx7n8z
0tSt4SUsOj8fKBL2OwFTAz878S85snjiNnAx7n8z,G97yzpX8HPnbmrVEC0Aoz2si9mlAiCfZmduqw99n,I9zyEumkNRxIzJ9lhMe24gjeuA05krtaF8GygUHD,G97yzpX8HPnbmrVEC0Aoz2si9mlAiCfZmduqw99n,0tSt4SUsOj8fKBL2OwFTAz878S85snjiNnAx7n8z,G97yzpX8HPnbmrVEC0Aoz2si9mlAiCfZmduqw99n
hBG5vMBqkXoKVhe5nKFmfjAVyNoGHSr22VXcrkoN,MOx9AM3J6rnEQQJCSsWfT7wdOetSni3OV0mrNgho,BR0isoSnDlgTmIqukAORkXTz6C9ABpEWp1Yw4Fx6,MOx9AM3J6rnEQQJCSsWfT7wdOetSni3OV0mrNgho,hBG5vMBqkXoKVhe5nKFmfjAVyNoGHSr22VXcrkoN,MOx9AM3J6rnEQQJCSsWfT7wdOetSni3OV0mrNgho
G0PLr6xT9E96wJTJXQDNB728J4rHnKFKya5jIcwT,I9zyEumkNRxIzJ9lhMe24gjeuA05krtaF8GygUHD,0tSt4SUsOj8fKBL2OwFTAz878S85snjiNnAx7n8z,I9zyEumkNRxIzJ9lhMe24gjeuA05krtaF8GygUHD,G97yzpX8HPnbmrVEC0Aoz2si9mlAiCfZmduqw99n,I9zyEumkNRxIzJ9lhMe24gjeuA05krtaF8GygUHD
DboXcHUzjiTnEyfVzMA8hgefX2B7suIPftuPWSyq,BR0isoSnDlgTmIqukAORkXTz6C9ABpEWp1Yw4Fx6,hBG5vMBqkXoKVhe5nKFmfjAVyNoGHSr22VXcrkoN,BR0isoSnDlgTmIqukAORkXTz6C9ABpEWp1Yw4Fx6,MOx9AM3J6rnEQQJCSsWfT7wdOetSni3OV0mrNgho,BR0isoSnDlgTmIqukAORkXTz6C9ABpEWp1Yw4Fx6
neo9uYRJVawyUm1nyXvQrJxwVqapvXp6gVg6kwxr,0tSt4SUsOj8fKBL2OwFTAz878S85snjiNnAx7n8z,G0PLr6xT9E96wJTJXQDNB728J4rHnKFKya5jIcwT,0tSt4SUsOj8fKBL2OwFTAz878S85snjiNnAx7n8z,I9zyEumkNRxIzJ9lhMe24gjeuA05krtaF8GygUHD,0tSt4SUsOj8fKBL2OwFTAz878S85snjiNnAx7n8z
G97yzpX8HPnbmrVEC0Aoz2si9mlAiCfZmduqw99n,hBG5vMBqkXoKVhe5nKFmfjAVyNoGHSr22VXcrkoN,DboXcHUzjiTnEyfVzMA8hgefX2B7suIPftuPWSyq,hBG5vMBqkXoKVhe5nKFmfjAVyNoGHSr22VXcrkoN,BR0isoSnDlgTmIqukAORkXTz6C9ABpEWp1Yw4Fx6,G97yzpX8HPnbmrVEC0Aoz2si9mlAiCfZmduqw99n
MOx9AM3J6rnEQQJCSsWfT7wdOetSni3OV0mrNgho,G0PLr6xT9E96wJTJXQDNB728J4rHnKFKya5jIcwT,G97yzpX8HPnbmrVEC0Aoz2si9mlAiCfZmduqw99n,G0PLr6xT9E96wJTJXQDNB728J4rHnKFKya5jIcwT,0tSt4SUsOj8fKBL2OwFTAz878S85snjiNnAx7n8z,MOx9AM3J6rnEQQJCSsWfT7wdOetSni3OV0mrNgho
I9zyEumkNRxIzJ9lhMe24gjeuA05krtaF8GygUHD,DboXcHUzjiTnEyfVzMA8hgefX2B7suIPftuPWSyq,MOx9AM3J6rnEQQJCSsWfT7wdOetSni3OV0mrNgho,G97yzpX8HPnbmrVEC0Aoz2si9mlAiCfZmduqw99n,hBG5vMBqkXoKVhe5nKFmfjAVyNoGHSr22VXcrkoN,I9zyEumkNRxIzJ9lhMe24gjeuA05krtaF8GygUHD
BR0isoSnDlgTmIqukAORkXTz6C9ABpEWp1Yw4Fx6,neo9uYRJVawyUm1nyXvQrJxwVqapvXp6gVg6kwxr,I9zyEumkNRxIzJ9lhMe24gjeuA05krtaF8GygUHD,MOx9AM3J6rnEQQJCSsWfT7wdOetSni3OV0mrNgho,G97yzpX8HPnbmrVEC0Aoz2si9mlAiCfZmduqw99n,BR0isoSnDlgTmIqukAORkXTz6C9ABpEWp1Yw4Fx6
0tSt4SUsOj8fKBL2OwFTAz878S85snjiNnAx7n8z,nOgJEtffp9e3P1qN9pqUrIZB0WQ9VIdptmx5wtia,BR0isoSnDlgTmIqukAORkXTz6C9ABpEWp1Yw4Fx6,I9zyEumkNRxIzJ9lhMe24gjeuA05krtaF8GygUHD,MOx9AM3J6rnEQQJCSsWfT7wdOetSni3OV0mrNgho,0tSt4SUsOj8fKBL2OwFTAz878S85snjiNnAx7n8z
hBG5vMBqkXoKVhe5nKFmfjAVyNoGHSr22VXcrkoN,G97yzpX8HPnbmrVEC0Aoz2si9mlAiCfZmduqw99n,0tSt4SUsOj8fKBL2OwFTAz878S85snjiNnAx7n8z,BR0isoSnDlgTmIqukAORkXTz6C9ABpEWp1Yw4Fx6,I9zyEumkNRxIzJ9lhMe24gjeuA05krtaF8GygUHD,G97yzpX8HPnbmrVEC0Aoz2si9mlAiCfZmduqw99n
G0PLr6xT9E96wJTJXQDNB728J4rHnKFKya5jIcwT,MOx9AM3J6rnEQQJCSsWfT7wdOetSni3OV0mrNgho,hBG5vMBqkXoKVhe5nKFmfjAVyNoGHSr22VXcrkoN,0tSt4SUsOj8fKBL2OwFTAz878S85snjiNnAx7n8z,BR0isoSnDlgTmIqukAORkXTz6C9ABpEWp1Yw4Fx6,MOx9AM3J6rnEQQJCSsWfT7wdOetSni3OV0mrNgho
DboXcHUzjiTnEyfVzMA8hgefX2B7suIPftuPWSyq,I9zyEumkNRxIzJ9lhMe24gjeuA05krtaF8GygUHD,G0PLr6xT9E96wJTJXQDNB728J4rHnKFKya5jIcwT,hBG5vMBqkXoKVhe5nKFmfjAVyNoGHSr22VXcrkoN,0tSt4SUsOj8fKBL2OwFTAz878S85snjiNnAx7n8z,I9zyEumkNRxIzJ9lhMe24gjeuA05krtaF8GygUHD
neo9uYRJVawyUm1nyXvQrJxwVqapvXp6gVg6kwxr,BR0isoSnDlgTmIqukAORkXTz6C9ABpEWp1Yw4Fx6,DboXcHUzjiTnEyfVzMA8hgefX2B7suIPftuPWSyq,G0PLr6xT9E96wJTJXQDNB728J4rHnKFKya5jIcwT,hBG5vMBqkXoKVhe5nKFmfjAVyNoGHSr22VXcrkoN,BR0isoSnDlgTmIqukAORkXTz6C9ABpEWp1Yw4Fx6
G97yzpX8HPnbmrVEC0Aoz2si9mlAiCfZmduqw99n,0tSt4SUsOj8fKBL2OwFTAz878S85snjiNnAx7n8z,G97yzpX8HPnbmrVEC0Aoz2si9mlAiCfZmduqw99n,G97yzpX8HPnbmrVEC0Aoz2si9mlAiCfZmduqw99n,G97yzpX8HPnbmrVEC0Aoz2si9mlAiCfZmduqw99n,0tSt4SUsOj8fKBL2OwFTAz878S85snjiNnAx7n8z
MOx9AM3J6rnEQQJCSsWfT7wdOetSni3OV0mrNgho,hBG5vMBqkXoKVhe5nKFmfjAVyNoGHSr22VXcrkoN,MOx9AM3J6rnEQQJCSsWfT7wdOetSni3OV0mrNgho,MOx9AM3J6rnEQQJCSsWfT7wdOetSni3OV0mrNgho,MOx9AM3J6rnEQQJCSsWfT7wdOetSni3OV0mrNgho,G97yzpX8HPnbmrVEC0Aoz2si9mlAiCfZmduqw99n
I9zyEumkNRxIzJ9lhMe24gjeuA05krtaF8GygUHD,G0PLr6xT9E96wJTJXQDNB728J4rHnKFKya5jIcwT,I9zyEumkNRxIzJ9lhMe24gjeuA05krtaF8GygUHD,I9zyEumkNRxIzJ9lhMe24gjeuA05krtaF8GygUHD,I9zyEumkNRxIzJ9lhMe24gjeuA05krtaF8GygUHD,MOx9AM3J6rnEQQJCSsWfT7wdOetSni3OV0mrNgho
BR0isoSnDlgTmIqukAORkXTz6C9ABpEWp1Yw4Fx6,DboXcHUzjiTnEyfVzMA8hgefX2B7suIPftuPWSyq,BR0isoSnDlgTmIqukAORkXTz6C9ABpEWp1Yw4Fx6,BR0isoSnDlgTmIqukAORkXTz6C9ABpEWp1Yw4Fx6,BR0isoSnDlgTmIqukAORkXTz6C9ABpEWp1Yw4Fx6,I9zyEumkNRxIzJ9lhMe24gjeuA05krtaF8GygUHD
0tSt4SUsOj8fKBL2OwFTAz878S85snjiNnAx7n8z,neo9uYRJVawyUm1nyXvQrJxwVqapvXp6gVg6kwxr,0tSt4SUsOj8fKBL2OwFTAz878S85snjiNnAx7n8z,0tSt4SUsOj8fKBL2OwFTAz878S85snjiNnAx7n8z,0tSt4SUsOj8fKBL2OwFTAz878S85snjiNnAx7n8z,BR0isoSnDlgTmIqukAORkXTz6C9ABpEWp1Yw4Fx6
hBG5vMBqkXoKVhe5nKFmfjAVyNoGHSr22VXcrkoN,nOgJEtffp9e3P1qN9pqUrIZB0WQ9VIdptmx5wtia,hBG5vMBqkXoKVhe5nKFmfjAVyNoGHSr22VXcrkoN,hBG5vMBqkXoKVhe5nKFmfjAVyNoGHSr22VXcrkoN,hBG5vMBqkXoKVhe5nKFmfjAVyNoGHSr22VXcrkoN,0tSt4SUsOj8fKBL2OwFTAz878S85snjiNnAx7n8z
G0PLr6xT9E96wJTJXQDNB728J4rHnKFKya5jIcwT,G97yzpX8HPnbmrVEC0Aoz2si9mlAiCfZmduqw99n,G0PLr6xT9E96wJTJXQDNB728J4rHnKFKya5jIcwT,G0PLr6xT9E96wJTJXQDNB728J4rHnKFKya5jIcwT,G97yzpX8HPnbmrVEC0Aoz2si9mlAiCfZmduqw99n,G97yzpX8HPnbmrVEC0Aoz2si9mlAiCfZmduqw99n
DboXcHUzjiTnEyfVzMA8hgefX2B7suIPftuPWSyq,MOx9AM3J6rnEQQJCSsWfT7wdOetSni3OV0mrNgho,DboXcHUzjiTnEyfVzMA8hgefX2B7suIPftuPWSyq,G97yzpX8HPnbmrVEC0Aoz2si9mlAiCfZmduqw99n,MOx9AM3J6rnEQQJCSsWfT7wdOetSni3OV0mrNgho,MOx9AM3J6rnEQQJCSsWfT7wdOetSni3OV0mrNgho
neo9uYRJVawyUm1nyXvQrJxwVqapvXp6gVg6kwxr,I9zyEumkNRxIzJ9lhMe24gjeuA05krtaF8GygUHD,G97yzpX8HPnbmrVEC0Aoz2si9mlAiCfZmduqw99n,MOx9AM3J6rnEQQJCSsWfT7wdOetSni3OV0mrNgho,I9zyEumkNRxIzJ9lhMe24gjeuA05krtaF8GygUHD,I9zyEumkNRxIzJ9lhMe24gjeuA05krtaF8GygUHD
G97yzpX8HPnbmrVEC0Aoz2si9mlAiCfZmduqw99n,BR0isoSnDlgTmIqukAORkXTz6C9ABpEWp1Yw4Fx6,MOx9AM3J6rnEQQJCSsWfT7wdOetSni3OV0mrNgho,I9zyEumkNRxIzJ9lhMe24gjeuA05krtaF8GygUHD,BR0isoSnDlgTmIqukAORkXTz6C9ABpEWp1Yw4Fx6,BR0isoSnDlgTmIqukAORkXTz6C9ABpEWp1Yw4Fx6
MOx9AM3J6rnEQQJCSsWfT7wdOetSni3OV0mrNgho,0tSt4SUsOj8fKBL2OwFTAz878S85snjiNnAx7n8z,I9zyEumkNRxIzJ9lhMe24gjeuA05krtaF8GygUHD,BR0isoSnDlgTmIqukAORkXTz6C9ABpEWp1Yw4Fx6,0tSt4SUsOj8fKBL2OwFTAz878S85snjiNnAx7n8z,0tSt4SUsOj8fKBL2OwFTAz878S85snjiNnAx7n8z
I9zyEumkNRxIzJ9lhMe24gjeuA05krtaF8GygUHD,hBG5vMBqkXoKVhe5nKFmfjAVyNoGHSr22VXcrkoN,BR0isoSnDlgTmIqukAORkXTz6C9ABpEWp1Yw4Fx6,0tSt4SUsOj8fKBL2OwFTAz878S85snjiNnAx7n8z,hBG5vMBqkXoKVhe5nKFmfjAVyNoGHSr22VXcrkoN,G97yzpX8HPnbmrVEC0Aoz2si9mlAiCfZmduqw99n
BR0isoSnDlgTmIqukAORkXTz6C9ABpEWp1Yw4Fx6,G0PLr6xT9E96wJTJXQDNB728J4rHnKFKya5jIcwT,0tSt4SUsOj8fKBL2OwFTAz878S85snjiNnAx7n8z,hBG5vMBqkXoKVhe5nKFmfjAVyNoGHSr22VXcrkoN,G97yzpX8HPnbmrVEC0Aoz2si9mlAiCfZmduqw99n,MOx9AM3J6rnEQQJCSsWfT7wdOetSni3OV0mrNgho
0tSt4SUsOj8fKBL2OwFTAz878S85snjiNnAx7n8z,DboXcHUzjiTnEyfVzMA8hgefX2B7suIPftuPWSyq,hBG5vMBqkXoKVhe5nKFmfjAVyNoGHSr22VXcrkoN,G0PLr6xT9E96wJTJXQDNB728J4rHnKFKya5jIcwT,MOx9AM3J6rnEQQJCSsWfT7wdOetSni3OV0mrNgho,I9zyEumkNRxIzJ9lhMe24gjeuA05krtaF8GygUHD
hBG5vMBqkXoKVhe5nKFmfjAVyNoGHSr22VXcrkoN,neo9uYRJVawyUm1nyXvQrJxwVqapvXp6gVg6kwxr,G0PLr6xT9E96wJTJXQDNB728J4rHnKFKya5jIcwT,G97yzpX8HPnbmrVEC0Aoz2si9mlAiCfZmduqw99n,I9zyEumkNRxIzJ9lhMe24gjeuA05krtaF8GygUHD,BR0isoSnDlgTmIqukAORkXTz6C9ABpEWp1Yw4Fx6
G0PLr6xT9E96wJTJXQDNB728J4rHnKFKya5jIcwT,nOgJEtffp9e3P1qN9pqUrIZB0WQ9VIdptmx5wtia,DboXcHUzjiTnEyfVzMA8hgefX2B7suIPftuPWSyq,MOx9AM3J6rnEQQJCSsWfT7wdOetSni3OV0mrNgho,BR0isoSnDlgTmIqukAORkXTz6C9ABpEWp1Yw4Fx6,0tSt4SUsOj8fKBL2OwFTAz878S85snjiNnAx7n8z
DboXcHUzjiTnEyfVzMA8hgefX2B7suIPftuPWSyq,G97yzpX8HPnbmrVEC0Aoz2si9mlAiCfZmduqw99n,G97yzpX8HPnbmrVEC0Aoz2si9mlAiCfZmduqw99n,I9zyEumkNRxIzJ9lhMe24gjeuA05krtaF8GygUHD,0tSt4SUsOj8fKBL2OwFTAz878S85snjiNnAx7n8z,G97yzpX8HPnbmrVEC0Aoz2si9mlAiCfZmduqw99n
neo9uYRJVawyUm1nyXvQrJxwVqapvXp6gVg6kwxr,MOx9AM3J6rnEQQJCSsWfT7wdOetSni3OV0mrNgho,MOx9AM3J6rnEQQJCSsWfT7wdOetSni3OV0mrNgho,BR0isoSnDlgTmIqukAORkXTz6C9ABpEWp1Yw4Fx6,hBG5vMBqkXoKVhe5nKFmfjAVyNoGHSr22VXcrkoN,MOx9AM3J6rnEQQJCSsWfT7wdOetSni3OV0mrNgho
G97yzpX8HPnbmrVEC0Aoz2si9mlAiCfZmduqw99n,I9zyEumkNRxIzJ9lhMe24gjeuA05krtaF8GygUHD,I9zyEumkNRxIzJ9lhMe24gjeuA05krtaF8GygUHD,0tSt4SUsOj8fKBL2OwFTAz878S85snjiNnAx7n8z,G97yzpX8HPnbmrVEC0Aoz2si9mlAiCfZmduqw99n,I9zyEumkNRxIzJ9lhMe24gjeuA05krtaF8GygUHD
MOx9AM3J6rnEQQJCSsWfT7wdOetSni3OV0mrNgho,BR0isoSnDlgTmIqukAORkXTz6C9ABpEWp1Yw4Fx6,BR0isoSnDlgTmIqukAORkXTz6C9ABpEWp1Yw4Fx6,hBG5vMBqkXoKVhe5nKFmfjAVyNoGHSr22VXcrkoN,MOx9AM3J6rnEQQJCSsWfT7wdOetSni3OV0mrNgho,BR0isoSnDlgTmIqukAORkXTz6C9ABpEWp1Yw4Fx6
I9zyEumkNRxIzJ9lhMe24gjeuA05krtaF8GygUHD,0tSt4SUsOj8fKBL2OwFTAz878S85snjiNnAx7n8z,0tSt4SUsOj8fKBL2OwFTAz878S85snjiNnAx7n8z,G0PLr6xT9E96wJTJXQDNB728J4rHnKFKya5jIcwT,I9zyEumkNRxIzJ9lhMe24gjeuA05krtaF8GygUHD,0tSt4SUsOj8fKBL2OwFTAz878S85snjiNnAx7n8z
BR0isoSnDlgTmIqukAORkXTz6C9ABpEWp1Yw4Fx6,hBG5vMBqkXoKVhe5nKFmfjAVyNoGHSr22VXcrkoN,hBG5vMBqkXoKVhe5nKFmfjAVyNoGHSr22VXcrkoN,G97yzpX8HPnbmrVEC0Aoz2si9mlAiCfZmduqw99n,BR0isoSnDlgTmIqukAORkXTz6C9ABpEWp1Yw4Fx6,G97yzpX8HPnbmrVEC0Aoz2si9mlAiCfZmduqw99n
0tSt4SUsOj8fKBL2OwFTAz878S85snjiNnAx7n8z,G0PLr6xT9E96wJTJXQDNB728J4rHnKFKya5jIcwT,G0PLr6xT9E96wJTJXQDNB728J4rHnKFKya5jIcwT,MOx9AM3J6rnEQQJCSsWfT7wdOetSni3OV0mrNgho,0tSt4SUsOj8fKBL2OwFTAz878S85snjiNnAx7n8z,MOx9AM3J6rnEQQJCSsWfT7wdOetSni3OV0mrNgho
hBG5vMBqkXoKVhe5nKFmfjAVyNoGHSr22VXcrkoN,DboXcHUzjiTnEyfVzMA8hgefX2B7suIPftuPWSyq,DboXcHUzjiTnEyfVzMA8hgefX2B7suIPftuPWSyq,I9zyEumkNRxIzJ9lhMe24gjeuA05krtaF8GygUHD,hBG5vMBqkXoKVhe5nKFmfjAVyNoGHSr22VXcrkoN,I9zyEumkNRxIzJ9lhMe24gjeuA05krtaF8GygUHD
G0PLr6xT9E96wJTJXQDNB728J4rHnKFKya5jIcwT,neo9uYRJVawyUm1nyXvQrJxwVqapvXp6gVg6kwxr,G97yzpX8HPnbmrVEC0Aoz2si9mlAiCfZmduqw99n,BR0isoSnDlgTmIqukAORkXTz6C9ABpEWp1Yw4Fx6,G97yzpX8HPnbmrVEC0Aoz2si9mlAiCfZmduqw99n,BR0isoSnDlgTmIqukAORkXTz6C9ABpEWp1Yw4Fx6
DboXcHUzjiTnEyfVzMA8hgefX2B7suIPftuPWSyq,nOgJEtffp9e3P1qN9pqUrIZB0WQ9VIdptmx5wtia,MOx9AM3J6rnEQQJCSsWfT7wdOetSni3OV0mrNgho,0tSt4SUsOj8fKBL2OwFTAz878S85snjiNnAx7n8z,MOx9AM3J6rnEQQJCSsWfT7wdOetSni3OV0mrNgho,0tSt4SUsOj8fKBL2OwFTAz878S85snjiNnAx7n8z
neo9uYRJVawyUm1nyXvQrJxwVqapvXp6gVg6kwxr,G97yzpX8HPnbmrVEC0Aoz2si9mlAiCfZmduqw99n,I9zyEumkNRxIzJ9lhMe24gjeuA05krtaF8GygUHD,hBG5vMBqkXoKVhe5nKFmfjAVyNoGHSr22VXcrkoN,I9zyEumkNRxIzJ9lhMe24gjeuA05krtaF8GygUHD,G97yzpX8HPnbmrVEC0Aoz2si9mlAiCfZmduqw99n
G97yzpX8HPnbmrVEC0Aoz2si9mlAiCfZmduqw99n,MOx9AM3J6rnEQQJCSsWfT7wdOetSni3OV0mrNgho,BR0isoSnDlgTmIqukAORkXTz6C9ABpEWp1Yw4Fx6,G0PLr6xT9E96wJTJXQDNB728J4rHnKFKya5jIcwT,BR0isoSnDlgTmIqukAORkXTz6C9ABpEWp1Yw4Fx6,MOx9AM3J6rnEQQJCSsWfT7wdOetSni3OV0mrNgho
MOx9AM3J6rnEQQJCSsWfT7wdOetSni3OV0mrNgho,I9zyEumkNRxIzJ9lhMe24gjeuA05krtaF8GygUHD,0tSt4SUsOj8fKBL2OwFTAz878S85snjiNnAx7n8z,G97yzpX8HPnbmrVEC0Aoz2si9mlAiCfZmduqw99n,0tSt4SUsOj8fKBL2OwFTAz878S85snjiNnAx7n8z,I9zyEumkNRxIzJ9lhMe24gjeuA05krtaF8GygUHD
I9zyEumkNRxIzJ9lhMe24gjeuA05krtaF8GygUHD,BR0isoSnDlgTmIqukAORkXTz6C9ABpEWp1Yw4Fx6,hBG5vMBqkXoKVhe5nKFmfjAVyNoGHSr22VXcrkoN,MOx9AM3J6rnEQQJCSsWfT7wdOetSni3OV0mrNgho,hBG5vMBqkXoKVhe5nKFmfjAVyNoGHSr22VXcrkoN,BR0isoSnDlgTmIqukAORkXTz6C9ABpEWp1Yw4Fx6
BR0isoSnDlgTmIqukAORkXTz6C9ABpEWp1Yw4Fx6,0tSt4SUsOj8fKBL2OwFTAz878S85snjiNnAx7n8z,G0PLr6xT9E96wJTJXQDNB728J4rHnKFKya5jIcwT,I9zyEumkNRxIzJ9lhMe24gjeuA05krtaF8GygUHD,G97yzpX8HPnbmrVEC0Aoz2si9mlAiCfZmduqw99n,0tSt4SUsOj8fKBL2OwFTAz878S85snjiNnAx7n8z
0tSt4SUsOj8fKBL2OwFTAz878S85snjiNnAx7n8z,hBG5vMBqkXoKVhe5nKFmfjAVyNoGHSr22VXcrkoN,DboXcHUzjiTnEyfVzMA8hgefX2B7suIPftuPWSyq,BR0isoSnDlgTmIqukAORkXTz6C9ABpEWp1Yw4Fx6,MOx9AM3J6rnEQQJCSsWfT7wdOetSni3OV0mrNgho,G97yzpX8HPnbmrVEC0Aoz2si9mlAiCfZmduqw99n
hBG5vMBqkXoKVhe5nKFmfjAVyNoGHSr22VXcrkoN,G0PLr6xT9E96wJTJXQDNB728J4rHnKFKya5jIcwT,G97yzpX8HPnbmrVEC0Aoz2si9mlAiCfZmduqw99n,0tSt4SUsOj8fKBL2OwFTAz878S85snjiNnAx7n8z,I9zyEumkNRxIzJ9lhMe24gjeuA05krtaF8GygUHD,MOx9AM3J6rnEQQJCSsWfT7wdOetSni3OV0mrNgho
G0PLr6xT9E96wJTJXQDNB728J4rHnKFKya5jIcwT,DboXcHUzjiTnEyfVzMA8hgefX2B7suIPftuPWSyq,MOx9AM3J6rnEQQJCSsWfT7wdOetSni3OV0mrNgho,hBG5vMBqkXoKVhe5nKFmfjAVyNoGHSr22VXcrkoN,BR0isoSnDlgTmIqukAORkXTz6C9ABpEWp1Yw4Fx6,I9zyEumkNRxIzJ9lhMe24gjeuA05krtaF8GygUHD
DboXcHUzjiTnEyfVzMA8hgefX2B7suIPftuPWSyq,neo9uYRJVawyUm1nyXvQrJxwVqapvXp6gVg6kwxr,I9zyEumkNRxIzJ9lhMe24gjeuA05krtaF8GygUHD,G0PLr6xT9E96wJTJXQDNB728J4rHnKFKya5jIcwT,0tSt4SUsOj8fKBL2OwFTAz878S85snjiNnAx7n8z,BR0isoSnDlgTmIqukAORkXTz6C9ABpEWp1Yw4Fx6
neo9uYRJVawyUm1nyXvQrJxwVqapvXp6gVg6kwxr,nOgJEtffp9e3P1qN9pqUrIZB0WQ9VIdptmx5wtia,BR0isoSnDlgTmIqukAORkXTz6C9ABpEWp1Yw4Fx6,G97yzpX8HPnbmrVEC0Aoz2si9mlAiCfZmduqw99n,hBG5vMBqkXoKVhe5nKFmfjAVyNoGHSr22VXcrkoN,0tSt4SUsOj8fKBL2OwFTAz878S85snjiNnAx7n8z
G97yzpX8HPnbmrVEC0Aoz2si9mlAiCfZmduqw99n,G97yzpX8HPnbmrVEC0Aoz2si9mlAiCfZmduqw99n,0tSt4SUsOj8fKBL2OwFTAz878S85snjiNnAx7n8z,MOx9AM3J6rnEQQJCSsWfT7wdOetSni3OV0mrNgho,G97yzpX8HPnbmrVEC0Aoz2si9mlAiCfZmduqw99n,G97yzpX8HPnbmrVEC0Aoz2si9mlAiCfZmduqw99n
MOx9AM3J6rnEQQJCSsWfT7wdOetSni3OV0mrNgho,MOx9AM3J6rnEQQJCSsWfT7wdOetSni3OV0mrNgho,hBG5vMBqkXoKVhe5nKFmfjAVyNoGHSr22VXcrkoN,I9zyEumkNRxIzJ9lhMe24gjeuA05krtaF8GygUHD,MOx9AM3J6rnEQQJCSsWfT7wdOetSni3OV0mrNgho,MOx9AM3J6rnEQQJCSsWfT7wdOetSni3OV0mrNgho
I9zyEumkNRxIzJ9lhMe24gjeuA05krtaF8GygUHD,I9zyEumkNRxIzJ9lhMe24gjeuA05krtaF8GygUHD,G0PLr6xT9E96wJTJXQDNB728J4rHnKFKya5jIcwT,BR0isoSnDlgTmIqukAORkXTz6C9ABpEWp1Yw4Fx6,I9zyEumkNRxIzJ9lhMe24gjeuA05krtaF8GygUHD,I9zyEumkNRxIzJ9lhMe24gjeuA05krtaF8GygUHD
BR0isoSnDlgTmIqukAORkXTz6C9ABpEWp1Yw4Fx6,BR0isoSnDlgTmIqukAORkXTz6C9ABpEWp1Yw4Fx6,DboXcHUzjiTnEyfVzMA8hgefX2B7suIPftuPWSyq,0tSt4SUsOj8fKBL2OwFTAz878S85snjiNnAx7n8z,BR0isoSnDlgTmIqukAORkXTz6C9ABpEWp1Yw4Fx6,BR0isoSnDlgTmIqukAORkXTz6C9ABpEWp1Yw4Fx6
0tSt4SUsOj8fKBL2OwFTAz878S85snjiNnAx7n8z,0tSt4SUsOj8fKBL2OwFTAz878S85snjiNnAx7n8z,G97yzpX8HPnbmrVEC0Aoz2si9mlAiCfZmduqw99n,hBG5vMBqkXoKVhe5nKFmfjAVyNoGHSr22VXcrkoN,0tSt4SUsOj8fKBL2OwFTAz878S85snjiNnAx7n8z,0tSt4SUsOj8fKBL2OwFTAz878S85snjiNnAx7n8z
hBG5vMBqkXoKVhe5nKFmfjAVyNoGHSr22VXcrkoN,hBG5vMBqkXoKVhe5nKFmfjAVyNoGHSr22VXcrkoN,MOx9AM3J6rnEQQJCSsWfT7wdOetSni3OV0mrNgho,G0PLr6xT9E96wJTJXQDNB728J4rHnKFKya5jIcwT,hBG5vMBqkXoKVhe5nKFmfjAVyNoGHSr22VXcrkoN,G97yzpX8HPnbmrVEC0Aoz2si9mlAiCfZmduqw99n
G0PLr6xT9E96wJTJXQDNB728J4rHnKFKya5jIcwT,G0PLr6xT9E96wJTJXQDNB728J4rHnKFKya5jIcwT,I9zyEumkNRxIzJ9lhMe24gjeuA05krtaF8GygUHD,G97yzpX8HPnbmrVEC0Aoz2si9mlAiCfZmduqw99n,G97yzpX8HPnbmrVEC0Aoz2si9mlAiCfZmduqw99n,MOx9AM3J6rnEQQJCSsWfT7wdOetSni3OV0mrNgho
DboXcHUzjiTnEyfVzMA8hgefX2B7suIPftuPWSyq,DboXcHUzjiTnEyfVzMA8hgefX2B7suIPftuPWSyq,BR0isoSnDlgTmIqukAORkXTz6C9ABpEWp1Yw4Fx6,MOx9AM3J6rnEQQJCSsWfT7wdOetSni3OV0mrNgho,MOx9AM3J6rnEQQJCSsWfT7wdOetSni3OV0mrNgho,I9zyEumkNRxIzJ9lhMe24gjeuA05krtaF8GygUHD
neo9uYRJVawyUm1nyXvQrJxwVqapvXp6gVg6kwxr,neo9uYRJVawyUm1nyXvQrJxwVqapvXp6gVg6kwxr,0tSt4SUsOj8fKBL2OwFTAz878S85snjiNnAx7n8z,I9zyEumkNRxIzJ9lhMe24gjeuA05krtaF8GygUHD,I9zyEumkNRxIzJ9lhMe24gjeuA05krtaF8GygUHD,BR0isoSnDlgTmIqukAORkXTz6C9ABpEWp1Yw4Fx6
G97yzpX8HPnbmrVEC0Aoz2si9mlAiCfZmduqw99n,nOgJEtffp9e3P1qN9pqUrIZB0WQ9VIdptmx5wtia,hBG5vMBqkXoKVhe5nKFmfjAVyNoGHSr22VXcrkoN,BR0isoSnDlgTmIqukAORkXTz6C9ABpEWp1Yw4Fx6,BR0isoSnDlgTmIqukAORkXTz6C9ABpEWp1Yw4Fx6,0tSt4SUsOj8fKBL2OwFTAz878S85snjiNnAx7n8z
MOx9AM3J6rnEQQJCSsWfT7wdOetSni3OV0mrNgho,G97yzpX8HPnbmrVEC0Aoz2si9mlAiCfZmduqw99n,G0PLr6xT9E96wJTJXQDNB728J4rHnKFKya5jIcwT,0tSt4SUsOj8fKBL2OwFTAz878S85snjiNnAx7n8z,0tSt4SUsOj8fKBL2OwFTAz878S85snjiNnAx7n8z,G97yzpX8HPnbmrVEC0Aoz2si9mlAiCfZmduqw99n
I9zyEumkNRxIzJ9lhMe24gjeuA05krtaF8GygUHD,MOx9AM3J6rnEQQJCSsWfT7wdOetSni3OV0mrNgho,DboXcHUzjiTnEyfVzMA8hgefX2B7suIPftuPWSyq,hBG5vMBqkXoKVhe5nKFmfjAVyNoGHSr22VXcrkoN,hBG5vMBqkXoKVhe5nKFmfjAVyNoGHSr22VXcrkoN,MOx9AM3J6rnEQQJCSsWfT7wdOetSni3OV0mrNgho
BR0isoSnDlgTmIqukAORkXTz6C9ABpEWp1Yw4Fx6,I9zyEumkNRxIzJ9lhMe24gjeuA05krtaF8GygUHD,G97yzpX8HPnbmrVEC0Aoz2si9mlAiCfZmduqw99n,G0PLr6xT9E96wJTJXQDNB728J4rHnKFKya5jIcwT,G97yzpX8HPnbmrVEC0Aoz2si9mlAiCfZmduqw99n,I9zyEumkNRxIzJ9lhMe24gjeuA05krtaF8GygUHD
0tSt4SUsOj8fKBL2OwFTAz878S85snjiNnAx7n8z,BR0isoSnDlgTmIqukAORkXTz6C9ABpEWp1Yw4Fx6,MOx9AM3J6rnEQQJCSsWfT7wdOetSni3OV0mrNgho,G97yzpX8HPnbmrVEC0Aoz2si9mlAiCfZmduqw99n,MOx9AM3J6rnEQQJCSsWfT7wdOetSni3OV0mrNgho,BR0isoSnDlgTmIqukAORkXTz6C9ABpEWp1Yw4Fx6
hBG5vMBqkXoKVhe5nKFmfjAVyNoGHSr22VXcrkoN,0tSt4SUsOj8fKBL2OwFTAz878S85snjiNnAx7n8z,I9zyEumkNRxIzJ9lhMe24gjeuA05krtaF8GygUHD,MOx9AM3J6rnEQQJCSsWfT7wdOetSni3OV0mrNgho,I9zyEumkNRxIzJ9lhMe24gjeuA05krtaF8GygUHD,0tSt4SUsOj8fKBL2OwFTAz878S85snjiNnAx7n8z
G0PLr6xT9E96wJTJXQDNB728J4rHnKFKya5jIcwT,hBG5vMBqkXoKVhe5nKFmfjAVyNoGHSr22VXcrkoN,BR0isoSnDlgTmIqukAORkXTz6C9ABpEWp1Yw4Fx6,I9zyEumkNRxIzJ9lhMe24gjeuA05krtaF8GygUHD,BR0isoSnDlgTmIqukAORkXTz6C9ABpEWp1Yw4Fx6,G97yzpX8HPnbmrVEC0Aoz2si9mlAiCfZmduqw99n
DboXcHUzjiTnEyfVzMA8hgefX2B7suIPftuPWSyq,G0PLr6xT9E96wJTJXQDNB728J4rHnKFKya5jIcwT,0tSt4SUsOj8fKBL2OwFTAz878S85snjiNnAx7n8z,BR0isoSnDlgTmIqukAORkXTz6C9ABpEWp1Yw4Fx6,0tSt4SUsOj8fKBL2OwFTAz878S85snjiNnAx7n8z,MOx9AM3J6rnEQQJCSsWfT7wdOetSni3OV0mrNgho
neo9uYRJVawyUm1nyXvQrJxwVqapvXp6gVg6kwxr,DboXcHUzjiTnEyfVzMA8hgefX2B7suIPftuPWSyq,hBG5vMBqkXoKVhe5nKFmfjAVyNoGHSr22VXcrkoN,0tSt4SUsOj8fKBL2OwFTAz878S85snjiNnAx7n8z,hBG5vMBqkXoKVhe5nKFmfjAVyNoGHSr22VXcrkoN,I9zyEumkNRxIzJ9lhMe24gjeuA05krtaF8GygUHD
G97yzpX8HPnbmrVEC0Aoz2si9mlAiCfZmduqw99n,neo9uYRJVawyUm1nyXvQrJxwVqapvXp6gVg6kwxr,G0PLr6xT9E96wJTJXQDNB728J4rHnKFKya5jIcwT,hBG5vMBqkXoKVhe5nKFmfjAVyNoGHSr22VXcrkoN,G97yzpX8HPnbmrVEC0Aoz2si9mlAiCfZmduqw99n,BR0isoSnDlgTmIqukAORkXTz6C9ABpEWp1Yw4Fx6
MOx9AM3J6rnEQQJCSsWfT7wdOetSni3OV0mrNgho,nOgJEtffp9e3P1qN9pqUrIZB0WQ9VIdptmx5wtia,DboXcHUzjiTnEyfVzMA8hgefX2B7suIPftuPWSyq,G0PLr6xT9E96wJTJXQDNB728J4rHnKFKya5jIcwT,MOx9AM3J6rnEQQJCSsWfT7wdOetSni3OV0mrNgho,0tSt4SUsOj8fKBL2OwFTAz878S85snjiNnAx7n8z
I9zyEumkNRxIzJ9lhMe24gjeuA05krtaF8GygUHD,G97yzpX8HPnbmrVEC0Aoz2si9mlAiCfZmduqw99n,G97yzpX8HPnbmrVEC0Aoz2si9mlAiCfZmduqw99n,G97yzpX8HPnbmrVEC0Aoz2si9mlAiCfZmduqw99n,I9zyEumkNRxIzJ9lhMe24gjeuA05krtaF8GygUHD,G97yzpX8HPnbmrVEC0Aoz2si9mlAiCfZmduqw99n
BR0isoSnDlgTmIqukAORkXTz6C9ABpEWp1Yw4Fx6,MOx9AM3J6rnEQQJCSsWfT7wdOetSni3OV0mrNgho,MOx9AM3J6rnEQQJCSsWfT7wdOetSni3OV0mrNgho,MOx9AM3J6rnEQQJCSsWfT7wdOetSni3OV0mrNgho,BR0isoSnDlgTmIqukAORkXTz6C9ABpEWp1Yw4Fx6,MOx9AM3J6rnEQQJCSsWfT7wdOetSni3OV0mrNgho
0tSt4SUsOj8fKBL2OwFTAz878S85snjiNnAx7n8z,I9zyEumkNRxIzJ9lhMe24gjeuA05krtaF8GygUHD,I9zyEumkNRxIzJ9lhMe24gjeuA05krtaF8GygUHD,I9zyEumkNRxIzJ9lhMe24gjeuA05krtaF8GygUHD,0tSt4SUsOj8fKBL2OwFTAz878S85snjiNnAx7n8z,I9zyEumkNRxIzJ9lhMe24gjeuA05krtaF8GygUHD
hBG5vMBqkXoKVhe5nKFmfjAVyNoGHSr22VXcrkoN,BR0isoSnDlgTmIqukAORkXTz6C9ABpEWp1Yw4Fx6,BR0isoSnDlgTmIqukAORkXTz6C9ABpEWp1Yw4Fx6,BR0isoSnDlgTmIqukAORkXTz6C9ABpEWp1Yw4Fx6,hBG5vMBqkXoKVhe5nKFmfjAVyNoGHSr22VXcrkoN,BR0isoSnDlgTmIqukAORkXTz6C9ABpEWp1Yw4Fx6
G0PLr6xT9E96wJTJXQDNB728J4rHnKFKya5jIcwT,0tSt4SUsOj8fKBL2OwFTAz878S85snjiNnAx7n8z,0tSt4SUsOj8fKBL2OwFTAz878S85snjiNnAx7n8z,0tSt4SUsOj8fKBL2OwFTAz878S85snjiNnAx7n8z,G97yzpX8HPnbmrVEC0Aoz2si9mlAiCfZmduqw99n,0tSt4SUsOj8fKBL2OwFTAz878S85snjiNnAx7n8z
DboXcHUzjiTnEyfVzMA8hgefX2B7suIPftuPWSyq,hBG5vMBqkXoKVhe5nKFmfjAVyNoGHSr22VXcrkoN,hBG5vMBqkXoKVhe5nKFmfjAVyNoGHSr22VXcrkoN,hBG5vMBqkXoKVhe5nKFmfjAVyNoGHSr22VXcrkoN,MOx9AM3J6rnEQQJCSsWfT7wdOetSni3OV0mrNgho,G97yzpX8HPnbmrVEC0Aoz2si9mlAiCfZmduqw99n
neo9uYRJVawyUm1nyXvQrJxwVqapvXp6gVg6kwxr,G0PLr6xT9E96wJTJXQDNB728J4rHnKFKya5jIcwT,G0PLr6xT9E96wJTJXQDNB728J4rHnKFKya5jIcwT,G0PLr6xT9E96wJTJXQDNB728J4rHnKFKya5jIcwT,I9zyEumkNRxIzJ9lhMe24gjeuA05krtaF8GygUHD,MOx9AM3J6rnEQQJCSsWfT7wdOetSni3OV0mrNgho
G97yzpX8HPnbmrVEC0Aoz2si9mlAiCfZmduqw99n,DboXcHUzjiTnEyfVzMA8hgefX2B7suIPftuPWSyq,DboXcHUzjiTnEyfVzMA8hgefX2B7suIPftuPWSyq,G97yzpX8HPnbmrVEC0Aoz2si9mlAiCfZmduqw99n,BR0isoSnDlgTmIqukAORkXTz6C9ABpEWp1Yw4Fx6,I9zyEumkNRxIzJ9lhMe24gjeuA05krtaF8GygUHD
MOx9AM3J6rnEQQJCSsWfT7wdOetSni3OV0mrNgho,neo9uYRJVawyUm1nyXvQrJxwVqapvXp6gVg6kwxr,G97yzpX8HPnbmrVEC0Aoz2si9mlAiCfZmduqw99n,MOx9AM3J6rnEQQJCSsWfT7wdOetSni3OV0mrNgho,0tSt4SUsOj8fKBL2OwFTAz878S85snjiNnAx7n8z,BR0isoSnDlgTmIqukAORkXTz6C9ABpEWp1Yw4Fx6
I9zyEumkNRxIzJ9lhMe24gjeuA05krtaF8GygUHD,nOgJEtffp9e3P1qN9pqUrIZB0WQ9VIdptmx5wtia,MOx9AM3J6rnEQQJCSsWfT7wdOetSni3OV0mrNgho,I9zyEumkNRxIzJ9lhMe24gjeuA05krtaF8GygUHD,hBG5vMBqkXoKVhe5nKFmfjAVyNoGHSr22VXcrkoN,0tSt4SUsOj8fKBL2OwFTAz878S85snjiNnAx7n8z
BR0isoSnDlgTmIqukAORkXTz6C9ABpEWp1Yw4Fx6,G97yzpX8HPnbmrVEC0Aoz2si9mlAiCfZmduqw99n,I9zyEumkNRxIzJ9lhMe24gjeuA05krtaF8GygUHD,BR0isoSnDlgTmIqukAORkXTz6C9ABpEWp1Yw4Fx6,G97yzpX8HPnbmrVEC0Aoz2si9mlAiCfZmduqw99n,G97yzpX8HPnbmrVEC0Aoz2si9mlAiCfZmduqw99n
0tSt4SUsOj8fKBL2OwFTAz878S85snjiNnAx7n8z,MOx9AM3J6rnEQQJCSsWfT7wdOetSni3OV0mrNgho,BR0isoSnDlgTmIqukAORkXTz6C9ABpEWp1Yw4Fx6,0tSt4SUsOj8fKBL2OwFTAz878S85snjiNnAx7n8z,MOx9AM3J6rnEQQJCSsWfT7wdOetSni3OV0mrNgho,MOx9AM3J6rnEQQJCSsWfT7wdOetSni3OV0mrNgho
hBG5vMBqkXoKVhe5nKFmfjAVyNoGHSr22VXcrkoN,I9zyEumkNRxIzJ9lhMe24gjeuA05krtaF8GygUHD,0tSt4SUsOj8fKBL2OwFTAz878S85snjiNnAx7n8z,hBG5vMBqkXoKVhe5nKFmfjAVyNoGHSr22VXcrkoN,I9zyEumkNRxIzJ9lhMe24gjeuA05krtaF8GygUHD,I9zyEumkNRxIzJ9lhMe24gjeuA05krtaF8GygUHD
G0PLr6xT9E96wJTJXQDNB728J4rHnKFKya5jIcwT,BR0isoSnDlgTmIqukAORkXTz6C9ABpEWp1Yw4Fx6,hBG5vMBqkXoKVhe5nKFmfjAVyNoGHSr22VXcrkoN,G0PLr6xT9E96wJTJXQDNB728J4rHnKFKya5jIcwT,BR0isoSnDlgTmIqukAORkXTz6C9ABpEWp1Yw4Fx6,BR0isoSnDlgTmIqukAORkXTz6C9ABpEWp1Yw4Fx6
DboXcHUzjiTnEyfVzMA8hgefX2B7suIPftuPWSyq,0tSt4SUsOj8fKBL2OwFTAz878S85snjiNnAx7n8z,G0PLr6xT9E96wJTJXQDNB728J4rHnKFKya5jIcwT,G97yzpX8HPnbmrVEC0Aoz2si9mlAiCfZmduqw99n,0tSt4SUsOj8fKBL2OwFTAz878S85snjiNnAx7n8z,0tSt4SUsOj8fKBL2OwFTAz878S85snjiNnAx7n8z
neo9uYRJVawyUm1nyXvQrJxwVqapvXp6gVg6kwxr,hBG5vMBqkXoKVhe5nKFmfjAVyNoGHSr22VXcrkoN,DboXcHUzjiTnEyfVzMA8hgefX2B7suIPftuPWSyq,MOx9AM3J6rnEQQJCSsWfT7wdOetSni3OV0mrNgho,hBG5vMBqkXoKVhe5nKFmfjAVyNoGHSr22VXcrkoN,G97yzpX8HPnbmrVEC0Aoz2si9mlAiCfZmduqw99n
G97yzpX8HPnbmrVEC0Aoz2si9mlAiCfZmduqw99n,G0PLr6xT9E96wJTJXQDNB728J4rHnKFKya5jIcwT,G97yzpX8HPnbmrVEC0Aoz2si9mlAiCfZmduqw99n,I9zyEumkNRxIzJ9lhMe24gjeuA05krtaF8GygUHD,G97yzpX8HPnbmrVEC0Aoz2si9mlAiCfZmduqw99n,MOx9AM3J6rnEQQJCSsWfT7wdOetSni3OV0mrNgho
MOx9AM3J6rnEQQJCSsWfT7wdOetSni3OV0mrNgho,DboXcHUzjiTnEyfVzMA8hgefX2B7suIPftuPWSyq,MOx9AM3J6rnEQQJCSsWfT7wdOetSni3OV0mrNgho,BR0isoSnDlgTmIqukAORkXTz6C9ABpEWp1Yw4Fx6,MOx9AM3J6rnEQQJCSsWfT7wdOetSni3OV0mrNgho,I9zyEumkNRxIzJ9lhMe24gjeuA05krtaF8GygUHD
I9zyEumkNRxIzJ9lhMe24gjeuA05krtaF8GygUHD,neo9uYRJVawyUm1nyXvQrJxwVqapvXp6gVg6kwxr,I9zyEumkNRxIzJ9lhMe24gjeuA05krtaF8GygUHD,0tSt4SUsOj8fKBL2OwFTAz878S85snjiNnAx7n8z,I9zyEumkNRxIzJ9lhMe24gjeuA05krtaF8GygUHD,BR0isoSnDlgTmIqukAORkXTz6C9ABpEWp1Yw4Fx6
BR0isoSnDlgTmIqukAORkXTz6C9ABpEWp1Yw4Fx6,nOgJEtffp9e3P1qN9pqUrIZB0WQ9VIdptmx5wtia,BR0isoSnDlgTmIqukAORkXTz6C9ABpEWp1Yw4Fx6,hBG5vMBqkXoKVhe5nKFmfjAVyNoGHSr22VXcrkoN,BR0isoSnDlgTmIqukAORkXTz6C9ABpEWp1Yw4Fx6,0tSt4SUsOj8fKBL2OwFTAz878S85snjiNnAx7n8z
0tSt4SUsOj8fKBL2OwFTAz878S85snjiNnAx7n8z,G97yzpX8HPnbmrVEC0Aoz2si9mlAiCfZmduqw99n,0tSt4SUsOj8fKBL2OwFTAz878S85snjiNnAx7n8z,G0PLr6xT9E96wJTJXQDNB728J4rHnKFKya5jIcwT,0tSt4SUsOj8fKBL2OwFTAz878S85snjiNnAx7n8z,G97yzpX8HPnbmrVEC0Aoz2si9mlAiCfZmduqw99n
hBG5vMBqkXoKVhe5nKFmfjAVyNoGHSr22VXcrkoN,MOx9AM3J6rnEQQJCSsWfT7wdOetSni3OV0mrNgho,hBG5vMBqkXoKVhe5nKFmfjAVyNoGHSr22VXcrkoN,G97yzpX8HPnbmrVEC0Aoz2si9mlAiCfZmduqw99n,hBG5vMBqkXoKVhe5nKFmfjAVyNoGHSr22VXcrkoN,MOx9AM3J6rnEQQJCSsWfT7wdOetSni3OV0mrNgho
G0PLr6xT9E96wJTJXQDNB728J4rHnKFKya5jIcwT,I9zyEumkNRxIzJ9lhMe24gjeuA05krtaF8GygUHD,G0PLr6xT9E96wJTJXQDNB728J4rHnKFKya5jIcwT,MOx9AM3J6rnEQQJCSsWfT7wdOetSni3OV0mrNgho,G97yzpX8HPnbmrVEC0Aoz2si9mlAiCfZmduqw99n,I9zyEumkNRxIzJ9lhMe24gjeuA05krtaF8GygUHD
DboXcHUzjiTnEyfVzMA8hgefX2B7suIPftuPWSyq,BR0isoSnDlgTmIqukAORkXTz6C9ABpEWp1Yw4Fx6,DboXcHUzjiTnEyfVzMA8hgefX2B7suIPftuPWSyq,I9zyEumkNRxIzJ9lhMe24gjeuA05krtaF8GygUHD,MOx9AM3J6rnEQQJCSsWfT7wdOetSni3OV0mrNgho,BR0isoSnDlgTmIqukAORkXTz6C9ABpEWp1Yw4Fx6
neo9uYRJVawyUm1nyXvQrJxwVqapvXp6gVg6kwxr,0tSt4SUsOj8fKBL2OwFTAz878S85snjiNnAx7n8z,G97yzpX8HPnbmrVEC0Aoz2si9mlAiCfZmduqw99n,BR0isoSnDlgTmIqukAORkXTz6C9ABpEWp1Yw4Fx6,I9zyEumkNRxIzJ9lhMe24gjeuA05krtaF8GygUHD,0tSt4SUsOj8fKBL2OwFTAz878S85snjiNnAx7n8z
G97yzpX8HPnbmrVEC0Aoz2si9mlAiCfZmduqw99n,hBG5vMBqkXoKVhe5nKFmfjAVyNoGHSr22VXcrkoN,MOx9AM3J6rnEQQJCSsWfT7wdOetSni3OV0mrNgho,0tSt4SUsOj8fKBL2OwFTAz878S85snjiNnAx7n8z,BR0isoSnDlgTmIqukAORkXTz6C9ABpEWp1Yw4Fx6,G97yzpX8HPnbmrVEC0Aoz2si9mlAiCfZmduqw99n
MOx9AM3J6rnEQQJCSsWfT7wdOetSni3OV0mrNgho,G0PLr6xT9E96wJTJXQDNB728J4rHnKFKya5jIcwT,I9zyEumkNRxIzJ9lhMe24gjeuA05krtaF8GygUHD,hBG5vMBqkXoKVhe5nKFmfjAVyNoGHSr22VXcrkoN,0tSt4SUsOj8fKBL2OwFTAz878S85snjiNnAx7n8z,MOx9AM3J6rnEQQJCSsWfT7wdOetSni3OV0mrNgho
I9zyEumkNRxIzJ9lhMe24gjeuA05krtaF8GygUHD,DboXcHUzjiTnEyfVzMA8hgefX2B7suIPftuPWSyq,BR0isoSnDlgTmIqukAORkXTz6C9ABpEWp1Yw4Fx6,G0PLr6xT9E96wJTJXQDNB728J4rHnKFKya5jIcwT,hBG5vMBqkXoKVhe5nKFmfjAVyNoGHSr22VXcrkoN,I9zyEumkNRxIzJ9lhMe24gjeuA05krtaF8GygUHD
BR0isoSnDlgTmIqukAORkXTz6C9ABpEWp1Yw4Fx6,neo9uYRJVawyUm1nyXvQrJxwVqapvXp6gVg6kwxr,0tSt4SUsOj8fKBL2OwFTAz878S85snjiNnAx7n8z,G97yzpX8HPnbmrVEC0Aoz2si9mlAiCfZmduqw99n,G97yzpX8HPnbmrVEC0Aoz2si9mlAiCfZmduqw99n,BR0isoSnDlgTmIqukAORkXTz6C9ABpEWp1Yw4Fx6
0tSt4SUsOj8fKBL2OwFTAz878S85snjiNnAx7n8z,nOgJEtffp9e3P1qN9pqUrIZB0WQ9VIdptmx5wtia,hBG5vMBqkXoKVhe5nKFmfjAVyNoGHSr22VXcrkoN,MOx9AM3J6rnEQQJCSsWfT7wdOetSni3OV0mrNgho,MOx9AM3J6rnEQQJCSsWfT7wdOetSni3OV0mrNgho,0tSt4SUsOj8fKBL2OwFTAz878S85snjiNnAx7n8z
hBG5vMBqkXoKVhe5nKFmfjAVyNoGHSr22VXcrkoN,G97yzpX8HPnbmrVEC0Aoz2si9mlAiCfZmduqw99n,G0PLr6xT9E96wJTJXQDNB728J4rHnKFKya5jIcwT,I9zyEumkNRxIzJ9lhMe24gjeuA05krtaF8GygUHD,I9zyEumkNRxIzJ9lhMe24gjeuA05krtaF8GygUHD,G97yzpX8HPnbmrVEC0Aoz2si9mlAiCfZmduqw99n
G0PLr6xT9E96wJTJXQDNB728J4rHnKFKya5jIcwT,MOx9AM3J6rnEQQJCSsWfT7wdOetSni3OV0mrNgho,DboXcHUzjiTnEyfVzMA8hgefX2B7suIPftuPWSyq,BR0isoSnDlgTmIqukAORkXTz6C9ABpEWp1Yw4Fx6,BR0isoSnDlgTmIqukAORkXTz6C9ABpEWp1Yw4Fx6,MOx9AM3J6rnEQQJCSsWfT7wdOetSni3OV0mrNgho
DboXcHUzjiTnEyfVzMA8hgefX2B7suIPftuPWSyq,I9zyEumkNRxIzJ9lhMe24gjeuA05krtaF8GygUHD,G97yzpX8HPnbmrVEC0Aoz2si9mlAiCfZmduqw99n,0tSt4SUsOj8fKBL2OwFTAz878S85snjiNnAx7n8z,0tSt4SUsOj8fKBL2OwFTAz878S85snjiNnAx7n8z,I9zyEumkNRxIzJ9lhMe24gjeuA05krtaF8GygUHD
neo9uYRJVawyUm1nyXvQrJxwVqapvXp6gVg6kwxr,BR0isoSnDlgTmIqukAORkXTz6C9ABpEWp1Yw4Fx6,MOx9AM3J6rnEQQJCSsWfT7wdOetSni3OV0mrNgho,hBG5vMBqkXoKVhe5nKFmfjAVyNoGHSr22VXcrkoN,hBG5vMBqkXoKVhe5nKFmfjAVyNoGHSr22VXcrkoN,BR0isoSnDlgTmIqukAORkXTz6C9ABpEWp1Yw4Fx6
G97yzpX8HPnbmrVEC0Aoz2si9mlAiCfZmduqw99n,0tSt4SUsOj8fKBL2OwFTAz878S85snjiNnAx7n8z,I9zyEumkNRxIzJ9lhMe24gjeuA05krtaF8GygUHD,G0PLr6xT9E96wJTJXQDNB728J4rHnKFKya5jIcwT,G97yzpX8HPnbmrVEC0Aoz2si9mlAiCfZmduqw99n,0tSt4SUsOj8fKBL2OwFTAz878S85snjiNnAx7n8z
MOx9AM3J6rnEQQJCSsWfT7wdOetSni3OV0mrNgho,hBG5vMBqkXoKVhe5nKFmfjAVyNoGHSr22VXcrkoN,BR0isoSnDlgTmIqukAORkXTz6C9ABpEWp1Yw4Fx6,G97yzpX8HPnbmrVEC0Aoz2si9mlAiCfZmduqw99n,MOx9AM3J6rnEQQJCSsWfT7wdOetSni3OV0mrNgho,G97yzpX8HPnbmrVEC0Aoz2si9mlAiCfZmduqw99n
I9zyEumkNRxIzJ9lhMe24gjeuA05krtaF8GygUHD,G0PLr6xT9E96wJTJXQDNB728J4rHnKFKya5jIcwT,0tSt4SUsOj8fKBL2OwFTAz878S85snjiNnAx7n8z,MOx9AM3J6rnEQQJCSsWfT7wdOetSni3OV0mrNgho,I9zyEumkNRxIzJ9lhMe24gjeuA05krtaF8GygUHD,MOx9AM3J6rnEQQJCSsWfT7wdOetSni3OV0mrNgho
BR0isoSnDlgTmIqukAORkXTz6C9ABpEWp1Yw4Fx6,DboXcHUzjiTnEyfVzMA8hgefX2B7suIPftuPWSyq,hBG5vMBqkXoKVhe5nKFmfjAVyNoGHSr22VXcrkoN,I9zyEumkNRxIzJ9lhMe24gjeuA05krtaF8GygUHD,BR0isoSnDlgTmIqukAORkXTz6C9ABpEWp1Yw4Fx6,I9zyEumkNRxIzJ9lhMe24gjeuA05krtaF8GygUHD
0tSt4SUsOj8fKBL2OwFTAz878S85snjiNnAx7n8z,neo9uYRJVawyUm1nyXvQrJxwVqapvXp6gVg6kwxr,G0PLr6xT9E96wJTJXQDNB728J4rHnKFKya5jIcwT,BR0isoSnDlgTmIqukAORkXTz6C9ABpEWp1Yw4Fx6,0tSt4SUsOj8fKBL2OwFTAz878S85snjiNnAx7n8z,BR0isoSnDlgTmIqukAORkXTz6C9ABpEWp1Yw4Fx6
hBG5vMBqkXoKVhe5nKFmfjAVyNoGHSr22VXcrkoN,nOgJEtffp9e3P1qN9pqUrIZB0WQ9VIdptmx5wtia,DboXcHUzjiTnEyfVzMA8hgefX2B7suIPftuPWSyq,0tSt4SUsOj8fKBL2OwFTAz878S85snjiNnAx7n8z,hBG5vMBqkXoKVhe5nKFmfjAVyNoGHSr22VXcrkoN,0tSt4SUsOj8fKBL2OwFTAz878S85snjiNnAx7n8z
G0PLr6xT9E96wJTJXQDNB728J4rHnKFKya5jIcwT,G97yzpX8HPnbmrVEC0Aoz2si9mlAiCfZmduqw99n,G97yzpX8HPnbmrVEC0Aoz2si9mlAiCfZmduqw99n,hBG5vMBqkXoKVhe5nKFmfjAVyNoGHSr22VXcrkoN,G97yzpX8HPnbmrVEC0Aoz2si9mlAiCfZmduqw99n,G97yzpX8HPnbmrVEC0Aoz2si9mlAiCfZmduqw99n
DboXcHUzjiTnEyfVzMA8hgefX2B7suIPftuPWSyq,MOx9AM3J6rnEQQJCSsWfT7wdOetSni3OV0mrNgho,MOx9AM3J6rnEQQJCSsWfT7wdOetSni3OV0mrNgho,G0PLr6xT9E96wJTJXQDNB728J4rHnKFKya5jIcwT,MOx9AM3J6rnEQQJCSsWfT7wdOetSni3OV0mrNgho,MOx9AM3J6rnEQQJCSsWfT7wdOetSni3OV0mrNgho
neo9uYRJVawyUm1nyXvQrJxwVqapvXp6gVg6kwxr,I9zyEumkNRxIzJ9lhMe24gjeuA05krtaF8GygUHD,I9zyEumkNRxIzJ9lhMe24gjeuA05krtaF8GygUHD,G97yzpX8HPnbmrVEC0Aoz2si9mlAiCfZmduqw99n,I9zyEumkNRxIzJ9lhMe24gjeuA05krtaF8GygUHD,I9zyEumkNRxIzJ9lhMe24gjeuA05krtaF8GygUHD
G97yzpX8HPnbmrVEC0Aoz2si9mlAiCfZmduqw99n,BR0isoSnDlgTmIqukAORkXTz6C9ABpEWp1Yw4Fx6,BR0isoSnDlgTmIqukAORkXTz6C9ABpEWp1Yw4Fx6,MOx9AM3J6rnEQQJCSsWfT7wdOetSni3OV0mrNgho,BR0isoSnDlgTmIqukAORkXTz6C9ABpEWp1Yw4Fx6,BR0isoSnDlgTmIqukAORkXTz6C9ABpEWp1Yw4Fx6
MOx9AM3J6rnEQQJCSsWfT7wdOetSni3OV0mrNgho,0tSt4SUsOj8fKBL2OwFTAz878S85snjiNnAx7n8z,0tSt4SUsOj8fKBL2OwFTAz878S85snjiNnAx7n8z,I9zyEumkNRxIzJ9lhMe24gjeuA05krtaF8GygUHD,0tSt4SUsOj8fKBL2OwFTAz878S85snjiNnAx7n8z,0tSt4SUsOj8fKBL2OwFTAz878S85snjiNnAx7n8z
I9zyEumkNRxIzJ9lhMe24gjeuA05krtaF8GygUHD,hBG5vMBqkXoKVhe5nKFmfjAVyNoGHSr22VXcrkoN,hBG5vMBqkXoKVhe5nKFmfjAVyNoGHSr22VXcrkoN,BR0isoSnDlgTmIqukAORkXTz6C9ABpEWp1Yw4Fx6,hBG5vMBqkXoKVhe5nKFmfjAVyNoGHSr22VXcrkoN,G97yzpX8HPnbmrVEC0Aoz2si9mlAiCfZmduqw99n
BR0isoSnDlgTmIqukAORkXTz6C9ABpEWp1Yw4Fx6,G0PLr6xT9E96wJTJXQDNB728J4rHnKFKya5jIcwT,G0PLr6xT9E96wJTJXQDNB728J4rHnKFKya5jIcwT,0tSt4SUsOj8fKBL2OwFTAz878S85snjiNnAx7n8z,G97yzpX8HPnbmrVEC0Aoz2si9mlAiCfZmduqw99n,MOx9AM3J6rnEQQJCSsWfT7wdOetSni3OV0mrNgho
0tSt4SUsOj8fKBL2OwFTAz878S85snjiNnAx7n8z,DboXcHUzjiTnEyfVzMA8hgefX2B7suIPftuPWSyq,DboXcHUzjiTnEyfVzMA8hgefX2B7suIPftuPWSyq,hBG5vMBqkXoKVhe5nKFmfjAVyNoGHSr22VXcrkoN,MOx9AM3J6rnEQQJCSsWfT7wdOetSni3OV0mrNgho,I9zyEumkNRxIzJ9lhMe24gjeuA05krtaF8GygUHD
hBG5vMBqkXoKVhe5nKFmfjAVyNoGHSr22VXcrkoN,neo9uYRJVawyUm1nyXvQrJxwVqapvXp6gVg6kwxr,G97yzpX8HPnbmrVEC0Aoz2si9mlAiCfZmduqw99n,G0PLr6xT9E96wJTJXQDNB728J4rHnKFKya5jIcwT,I9zyEumkNRxIzJ9lhMe24gjeuA05krtaF8GygUHD,BR0isoSnDlgTmIqukAORkXTz6C9ABpEWp1Yw4Fx6
G0PLr6xT9E96wJTJXQDNB728J4rHnKFKya5jIcwT,nOgJEtffp9e3P1qN9pqUrIZB0WQ9VIdptmx5wtia,MOx9AM3J6rnEQQJCSsWfT7wdOetSni3OV0mrNgho,G97yzpX8HPnbmrVEC0Aoz2si9mlAiCfZmduqw99n,BR0isoSnDlgTmIqukAORkXTz6C9ABpEWp1Yw4Fx6,0tSt4SUsOj8fKBL2OwFTAz878S85snjiNnAx7n8z
DboXcHUzjiTnEyfVzMA8hgefX2B7suIPftuPWSyq,G97yzpX8HPnbmrVEC0Aoz2si9mlAiCfZmduqw99n,I9zyEumkNRxIzJ9lhMe24gjeuA05krtaF8GygUHD,MOx9AM3J6rnEQQJCSsWfT7wdOetSni3OV0mrNgho,0tSt4SUsOj8fKBL2OwFTAz878S85snjiNnAx7n8z,G97yzpX8HPnbmrVEC0Aoz2si9mlAiCfZmduqw99n
neo9uYRJVawyUm1nyXvQrJxwVqapvXp6gVg6kwxr,MOx9AM3J6rnEQQJCSsWfT7wdOetSni3OV0mrNgho,BR0isoSnDlgTmIqukAORkXTz6C9ABpEWp1Yw4Fx6,I9zyEumkNRxIzJ9lhMe24gjeuA05krtaF8GygUHD,hBG5vMBqkXoKVhe5nKFmfjAVyNoGHSr22VXcrkoN,MOx9AM3J6rnEQQJCSsWfT7wdOetSni3OV0mrNgho
G97yzpX8HPnbmrVEC0Aoz2si9mlAiCfZmduqw99n,I9zyEumkNRxIzJ9lhMe24gjeuA05krtaF8GygUHD,0tSt4SUsOj8fKBL2OwFTAz878S85snjiNnAx7n8z,BR0isoSnDlgTmIqukAORkXTz6C9ABpEWp1Yw4Fx6,G97yzpX8HPnbmrVEC0Aoz2si9mlAiCfZmduqw99n,I9zyEumkNRxIzJ9lhMe24gjeuA05krtaF8GygUHD
MOx9AM3J6rnEQQJCSsWfT7wdOetSni3OV0mrNgho,BR0isoSnDlgTmIqukAORkXTz6C9ABpEWp1Yw4Fx6,hBG5vMBqkXoKVhe5nKFmfjAVyNoGHSr22VXcrkoN,0tSt4SUsOj8fKBL2OwFTAz878S85snjiNnAx7n8z,MOx9AM3J6rnEQQJCSsWfT7wdOetSni3OV0mrNgho,BR0isoSnDlgTmIqukAORkXTz6C9ABpEWp1Yw4Fx6
I9zyEumkNRxIzJ9lhMe24gjeuA05krtaF8GygUHD,0tSt4SUsOj8fKBL2OwFTAz878S85snjiNnAx7n8z,G0PLr6xT9E96wJTJXQDNB728J4rHnKFKya5jIcwT,hBG5vMBqkXoKVhe5nKFmfjAVyNoGHSr22VXcrkoN,I9zyEumkNRxIzJ9lhMe24gjeuA05krtaF8GygUHD,0tSt4SUsOj8fKBL2OwFTAz878S85snjiNnAx7n8z
BR0isoSnDlgTmIqukAORkXTz6C9ABpEWp1Yw4Fx6,hBG5vMBqkXoKVhe5nKFmfjAVyNoGHSr22VXcrkoN,DboXcHUzjiTnEyfVzMA8hgefX2B7suIPftuPWSyq,G0PLr6xT9E96wJTJXQDNB728J4rHnKFKya5jIcwT,BR0isoSnDlgTmIqukAORkXTz6C9ABpEWp1Yw4Fx6,G97yzpX8HPnbmrVEC0Aoz2si9mlAiCfZmduqw99n
0tSt4SUsOj8fKBL2OwFTAz878S85snjiNnAx7n8z,G0PLr6xT9E96wJTJXQDNB728J4rHnKFKya5jIcwT,G97yzpX8HPnbmrVEC0Aoz2si9mlAiCfZmduqw99n,G97yzpX8HPnbmrVEC0Aoz2si9mlAiCfZmduqw99n,0tSt4SUsOj8fKBL2OwFTAz878S85snjiNnAx7n8z,MOx9AM3J6rnEQQJCSsWfT7wdOetSni3OV0mrNgho
hBG5vMBqkXoKVhe5nKFmfjAVyNoGHSr22VXcrkoN,DboXcHUzjiTnEyfVzMA8hgefX2B7suIPftuPWSyq,MOx9AM3J6rnEQQJCSsWfT7wdOetSni3OV0mrNgho,MOx9AM3J6rnEQQJCSsWfT7wdOetSni3OV0mrNgho,hBG5vMBqkXoKVhe5nKFmfjAVyNoGHSr22VXcrkoN,I9zyEumkNRxIzJ9lhMe24gjeuA05krtaF8GygUHD
G0PLr6xT9E96wJTJXQDNB728J4rHnKFKya5jIcwT,neo9uYRJVawyUm1nyXvQrJxwVqapvXp6gVg6kwxr,I9zyEumkNRxIzJ9lhMe24gjeuA05krtaF8GygUHD,I9zyEumkNRxIzJ9lhMe24gjeuA05krtaF8GygUHD,G97yzpX8HPnbmrVEC0Aoz2si9mlAiCfZmduqw99n,BR0isoSnDlgTmIqukAORkXTz6C9ABpEWp1Yw4Fx6
DboXcHUzjiTnEyfVzMA8hgefX2B7suIPftuPWSyq,nOgJEtffp9e3P1qN9pqUrIZB0WQ9VIdptmx5wtia,BR0isoSnDlgTmIqukAORkXTz6C9ABpEWp1Yw4Fx6,BR0isoSnDlgTmIqukAORkXTz6C9ABpEWp1Yw4Fx6,MOx9AM3J6rnEQQJCSsWfT7wdOetSni3OV0mrNgho,0tSt4SUsOj8fKBL2OwFTAz878S85snjiNnAx7n8z
neo9uYRJVawyUm1nyXvQrJxwVqapvXp6gVg6kwxr,G97yzpX8HPnbmrVEC0Aoz2si9mlAiCfZmduqw99n,0tSt4SUsOj8fKBL2OwFTAz878S85snjiNnAx7n8z,0tSt4SUsOj8fKBL2OwFTAz878S85snjiNnAx7n8z,I9zyEumkNRxIzJ9lhMe24gjeuA05krtaF8GygUHD,G97yzpX8HPnbmrVEC0Aoz2si9mlAiCfZmduqw99n
G97yzpX8HPnbmrVEC0Aoz2si9mlAiCfZmduqw99n,MOx9AM3J6rnEQQJCSsWfT7wdOetSni3OV0mrNgho,hBG5vMBqkXoKVhe5nKFmfjAVyNoGHSr22VXcrkoN,hBG5vMBqkXoKVhe5nKFmfjAVyNoGHSr22VXcrkoN,BR0isoSnDlgTmIqukAORkXTz6C9ABpEWp1Yw4Fx6,MOx9AM3J6rnEQQJCSsWfT7wdOetSni3OV0mrNgho
MOx9AM3J6rnEQQJCSsWfT7wdOetSni3OV0mrNgho,I9zyEumkNRxIzJ9lhMe24gjeuA05krtaF8GygUHD,G0PLr6xT9E96wJTJXQDNB728J4rHnKFKya5jIcwT,G0PLr6xT9E96wJTJXQDNB728J4rHnKFKya5jIcwT,0tSt4SUsOj8fKBL2OwFTAz878S85snjiNnAx7n8z,I9zyEumkNRxIzJ9lhMe24gjeuA05krtaF8GygUHD
I9zyEumkNRxIzJ9lhMe24gjeuA05krtaF8GygUHD,BR0isoSnDlgTmIqukAORkXTz6C9ABpEWp1Yw4Fx6,DboXcHUzjiTnEyfVzMA8hgefX2B7suIPftuPWSyq,G97yzpX8HPnbmrVEC0Aoz2si9mlAiCfZmduqw99n,hBG5vMBqkXoKVhe5nKFmfjAVyNoGHSr22VXcrkoN,BR0isoSnDlgTmIqukAORkXTz6C9ABpEWp1Yw4Fx6
BR0isoSnDlgTmIqukAORkXTz6C9ABpEWp1Yw4Fx6,0tSt4SUsOj8fKBL2OwFTAz878S85snjiNnAx7n8z,G97yzpX8HPnbmrVEC0Aoz2si9mlAiCfZmduqw99n,MOx9AM3J6rnEQQJCSsWfT7wdOetSni3OV0mrNgho,G97yzpX8HPnbmrVEC0Aoz2si9mlAiCfZmduqw99n,0tSt4SUsOj8fKBL2OwFTAz878S85snjiNnAx7n8z
0tSt4SUsOj8fKBL2OwFTAz878S85snjiNnAx7n8z,hBG5vMBqkXoKVhe5nKFmfjAVyNoGHSr22VXcrkoN,MOx9AM3J6rnEQQJCSsWfT7wdOetSni3OV0mrNgho,I9zyEumkNRxIzJ9lhMe24gjeuA05krtaF8GygUHD,MOx9AM3J6rnEQQJCSsWfT7wdOetSni3OV0mrNgho,G97yzpX8HPnbmrVEC0Aoz2si9mlAiCfZmduqw99n
hBG5vMBqkXoKVhe5nKFmfjAVyNoGHSr22VXcrkoN,G0PLr6xT9E96wJTJXQDNB728J4rHnKFKya5jIcwT,I9zyEumkNRxIzJ9lhMe24gjeuA05krtaF8GygUHD,BR0isoSnDlgTmIqukAORkXTz6C9ABpEWp1Yw4Fx6,I9zyEumkNRxIzJ9lhMe24gjeuA05krtaF8GygUHD,MOx9AM3J6rnEQQJCSsWfT7wdOetSni3OV0mrNgho
G0PLr6xT9E96wJTJXQDNB728J4rHnKFKya5jIcwT,DboXcHUzjiTnEyfVzMA8hgefX2B7suIPftuPWSyq,BR0isoSnDlgTmIqukAORkXTz6C9ABpEWp1Yw4Fx6,0tSt4SUsOj8fKBL2OwFTAz878S85snjiNnAx7n8z,BR0isoSnDlgTmIqukAORkXTz6C9ABpEWp1Yw4Fx6,I9zyEumkNRxIzJ9lhMe24gjeuA05krtaF8GygUHD
DboXcHUzjiTnEyfVzMA8hgefX2B7suIPftuPWSyq,neo9uYRJVawyUm1nyXvQrJxwVqapvXp6gVg6kwxr,0tSt4SUsOj8fKBL2OwFTAz878S85snjiNnAx7n8z,hBG5vMBqkXoKVhe5nKFmfjAVyNoGHSr22VXcrkoN,0tSt4SUsOj8fKBL2OwFTAz878S85snjiNnAx7n8z,BR0isoSnDlgTmIqukAORkXTz6C9ABpEWp1Yw4Fx6
neo9uYRJVawyUm1nyXvQrJxwVqapvXp6gVg6kwxr,nOgJEtffp9e3P1qN9pqUrIZB0WQ9VIdptmx5wtia,hBG5vMBqkXoKVhe5nKFmfjAVyNoGHSr22VXcrkoN,G0PLr6xT9E96wJTJXQDNB728J4rHnKFKya5jIcwT,hBG5vMBqkXoKVhe5nKFmfjAVyNoGHSr22VXcrkoN,0tSt4SUsOj8fKBL2OwFTAz878S85snjiNnAx7n8z
G97yzpX8HPnbmrVEC0Aoz2si9mlAiCfZmduqw99n,G97yzpX8HPnbmrVEC0Aoz2si9mlAiCfZmduqw99n,G0PLr6xT9E96wJTJXQDNB728J4rHnKFKya5jIcwT,G97yzpX8HPnbmrVEC0Aoz2si9mlAiCfZmduqw99n,G97yzpX8HPnbmrVEC0Aoz2si9mlAiCfZmduqw99n,G97yzpX8HPnbmrVEC0Aoz2si9mlAiCfZmduqw99n
MOx9AM3J6rnEQQJCSsWfT7wdOetSni3OV0mrNgho,MOx9AM3J6rnEQQJCSsWfT7wdOetSni3OV0mrNgho,DboXcHUzjiTnEyfVzMA8hgefX2B7suIPftuPWSyq,MOx9AM3J6rnEQQJCSsWfT7wdOetSni3OV0mrNgho,MOx9AM3J6rnEQQJCSsWfT7wdOetSni3OV0mrNgho,MOx9AM3J6rnEQQJCSsWfT7wdOetSni3OV0mrNgho
I9zyEumkNRxIzJ9lhMe24gjeuA05krtaF8GygUHD,I9zyEumkNRxIzJ9lhMe24gjeuA05krtaF8GygUHD,G97yzpX8HPnbmrVEC0Aoz2si9mlAiCfZmduqw99n,I9zyEumkNRxIzJ9lhMe24gjeuA05krtaF8GygUHD,I9zyEumkNRxIzJ9lhMe24gjeuA05krtaF8GygUHD,I9zyEumkNRxIzJ9lhMe24gjeuA05krtaF8GygUHD
BR0isoSnDlgTmIqukAORkXTz6C9ABpEWp1Yw4Fx6,BR0isoSnDlgTmIqukAORkXTz6C9ABpEWp1Yw4Fx6,MOx9AM3J6rnEQQJCSsWfT7wdOetSni3OV0mrNgho,BR0isoSnDlgTmIqukAORkXTz6C9ABpEWp1Yw4Fx6,BR0isoSnDlgTmIqukAORkXTz6C9ABpEWp1Yw4Fx6,BR0isoSnDlgTmIqukAORkXTz6C9ABpEWp1Yw4Fx6
0tSt4SUsOj8fKBL2OwFTAz878S85snjiNnAx7n8z,0tSt4SUsOj8fKBL2OwFTAz878S85snjiNnAx7n8z,I9zyEumkNRxIzJ9lhMe24gjeuA05krtaF8GygUHD,0tSt4SUsOj8fKBL2OwFTAz878S85snjiNnAx7n8z,0tSt4SUsOj8fKBL2OwFTAz878S85snjiNnAx7n8z,0tSt4SUsOj8fKBL2OwFTAz878S85snjiNnAx7n8z
hBG5vMBqkXoKVhe5nKFmfjAVyNoGHSr22VXcrkoN,hBG5vMBqkXoKVhe5nKFmfjAVyNoGHSr22VXcrkoN,BR0isoSnDlgTmIqukAORkXTz6C9ABpEWp1Yw4Fx6,hBG5vMBqkXoKVhe5nKFmfjAVyNoGHSr22VXcrkoN,hBG5vMBqkXoKVhe5nKFmfjAVyNoGHSr22VXcrkoN,G97yzpX8HPnbmrVEC0Aoz2si9mlAiCfZmduqw99n
G0PLr6xT9E96wJTJXQDNB728J4rHnKFKya5jIcwT,G0PLr6xT9E96wJTJXQDNB728J4rHnKFKya5jIcwT,0tSt4SUsOj8fKBL2OwFTAz878S85snjiNnAx7n8z,G0PLr6xT9E96wJTJXQDNB728J4rHnKFKya5jIcwT,G97yzpX8HPnbmrVEC0Aoz2si9mlAiCfZmduqw99n,MOx9AM3J6rnEQQJCSsWfT7wdOetSni3OV0mrNgho
DboXcHUzjiTnEyfVzMA8hgefX2B7suIPftuPWSyq,DboXcHUzjiTnEyfVzMA8hgefX2B7suIPftuPWSyq,hBG5vMBqkXoKVhe5nKFmfjAVyNoGHSr22VXcrkoN,G97yzpX8HPnbmrVEC0Aoz2si9mlAiCfZmduqw99n,MOx9AM3J6rnEQQJCSsWfT7wdOetSni3OV0mrNgho,I9zyEumkNRxIzJ9lhMe24gjeuA05krtaF8GygUHD
neo9uYRJVawyUm1nyXvQrJxwVqapvXp6gVg6kwxr,neo9uYRJVawyUm1nyXvQrJxwVqapvXp6gVg6kwxr,G0PLr6xT9E96wJTJXQDNB728J4rHnKFKya5jIcwT,MOx9AM3J6rnEQQJCSsWfT7wdOetSni3OV0mrNgho,I9zyEumkNRxIzJ9lhMe24gjeuA05krtaF8GygUHD,BR0isoSnDlgTmIqukAORkXTz6C9ABpEWp1Yw4Fx6
G97yzpX8HPnbmrVEC0Aoz2si9mlAiCfZmduqw99n,nOgJEtffp9e3P1qN9pqUrIZB0WQ9VIdptmx5wtia,DboXcHUzjiTnEyfVzMA8hgefX2B7suIPftuPWSyq,I9zyEumkNRxIzJ9lhMe24gjeuA05krtaF8GygUHD,BR0isoSnDlgTmIqukAORkXTz6C9ABpEWp1Yw4Fx6,0tSt4SUsOj8fKBL2OwFTAz878S85snjiNnAx7n8z
MOx9AM3J6rnEQQJCSsWfT7wdOetSni3OV0mrNgho,G97yzpX8HPnbmrVEC0Aoz2si9mlAiCfZmduqw99n,G97yzpX8HPnbmrVEC0Aoz2si9mlAiCfZmduqw99n,BR0isoSnDlgTmIqukAORkXTz6C9ABpEWp1Yw4Fx6,0tSt4SUsOj8fKBL2OwFTAz878S85snjiNnAx7n8z,G97yzpX8HPnbmrVEC0Aoz2si9mlAiCfZmduqw99n
I9zyEumkNRxIzJ9lhMe24gjeuA05krtaF8GygUHD,MOx9AM3J6rnEQQJCSsWfT7wdOetSni3OV0mrNgho,MOx9AM3J6rnEQQJCSsWfT7wdOetSni3OV0mrNgho,0tSt4SUsOj8fKBL2OwFTAz878S85snjiNnAx7n8z,hBG5vMBqkXoKVhe5nKFmfjAVyNoGHSr22VXcrkoN,MOx9AM3J6rnEQQJCSsWfT7wdOetSni3OV0mrNgho
BR0isoSnDlgTmIqukAORkXTz6C9ABpEWp1Yw4Fx6,I9zyEumkNRxIzJ9lhMe24gjeuA05krtaF8GygUHD,I9zyEumkNRxIzJ9lhMe24gjeuA05krtaF8GygUHD,hBG5vMBqkXoKVhe5nKFmfjAVyNoGHSr22VXcrkoN,G97yzpX8HPnbmrVEC0Aoz2si9mlAiCfZmduqw99n,I9zyEumkNRxIzJ9lhMe24gjeuA05krtaF8GygUHD
0tSt4SUsOj8fKBL2OwFTAz878S85snjiNnAx7n8z,BR0isoSnDlgTmIqukAORkXTz6C9ABpEWp1Yw4Fx6,BR0isoSnDlgTmIqukAORkXTz6C9ABpEWp1Yw4Fx6,G0PLr6xT9E96wJTJXQDNB728J4rHnKFKya5jIcwT,MOx9AM3J6rnEQQJCSsWfT7wdOetSni3OV0mrNgho,BR0isoSnDlgTmIqukAORkXTz6C9ABpEWp1Yw4Fx6
hBG5vMBqkXoKVhe5nKFmfjAVyNoGHSr22VXcrkoN,0tSt4SUsOj8fKBL2OwFTAz878S85snjiNnAx7n8z,0tSt4SUsOj8fKBL2OwFTAz878S85snjiNnAx7n8z,G97yzpX8HPnbmrVEC0Aoz2si9mlAiCfZmduqw99n,I9zyEumkNRxIzJ9lhMe24gjeuA05krtaF8GygUHD,0tSt4SUsOj8fKBL2OwFTAz878S85snjiNnAx7n8z
G0PLr6xT9E96wJTJXQDNB728J4rHnKFKya5jIcwT,hBG5vMBqkXoKVhe5nKFmfjAVyNoGHSr22VXcrkoN,hBG5vMBqkXoKVhe5nKFmfjAVyNoGHSr22VXcrkoN,MOx9AM3J6rnEQQJCSsWfT7wdOetSni3OV0mrNgho,BR0isoSnDlgTmIqukAORkXTz6C9ABpEWp1Yw4Fx6,G97yzpX8HPnbmrVEC0Aoz2si9mlAiCfZmduqw99n
DboXcHUzjiTnEyfVzMA8hgefX2B7suIPftuPWSyq,G0PLr6xT9E96wJTJXQDNB728J4rHnKFKya5jIcwT,G0PLr6xT9E96wJTJXQDNB728J4rHnKFKya5jIcwT,I9zyEumkNRxIzJ9lhMe24gjeuA05krtaF8GygUHD,0tSt4SUsOj8fKBL2OwFTAz878S85snjiNnAx7n8z,MOx9AM3J6rnEQQJCSsWfT7wdOetSni3OV0mrNgho
neo9uYRJVawyUm1nyXvQrJxwVqapvXp6gVg6kwxr,DboXcHUzjiTnEyfVzMA8hgefX2B7suIPftuPWSyq,DboXcHUzjiTnEyfVzMA8hgefX2B7suIPftuPWSyq,BR0isoSnDlgTmIqukAORkXTz6C9ABpEWp1Yw4Fx6,hBG5vMBqkXoKVhe5nKFmfjAVyNoGHSr22VXcrkoN,I9zyEumkNRxIzJ9lhMe24gjeuA05krtaF8GygUHD
G97yzpX8HPnbmrVEC0Aoz2si9mlAiCfZmduqw99n,neo9uYRJVawyUm1nyXvQrJxwVqapvXp6gVg6kwxr,G97yzpX8HPnbmrVEC0Aoz2si9mlAiCfZmduqw99n,0tSt4SUsOj8fKBL2OwFTAz878S85snjiNnAx7n8z,G97yzpX8HPnbmrVEC0Aoz2si9mlAiCfZmduqw99n,BR0isoSnDlgTmIqukAORkXTz6C9ABpEWp1Yw4Fx6
MOx9AM3J6rnEQQJCSsWfT7wdOetSni3OV0mrNgho,nOgJEtffp9e3P1qN9pqUrIZB0WQ9VIdptmx5wtia,MOx9AM3J6rnEQQJCSsWfT7wdOetSni3OV0mrNgho,hBG5vMBqkXoKVhe5nKFmfjAVyNoGHSr22VXcrkoN,MOx9AM3J6rnEQQJCSsWfT7wdOetSni3OV0mrNgho,0tSt4SUsOj8fKBL2OwFTAz878S85snjiNnAx7n8z
I9zyEumkNRxIzJ9lhMe24gjeuA05krtaF8GygUHD,G97yzpX8HPnbmrVEC0Aoz2si9mlAiCfZmduqw99n,I9zyEumkNRxIzJ9lhMe24gjeuA05krtaF8GygUHD,G0PLr6xT9E96wJTJXQDNB728J4rHnKFKya5jIcwT,I9zyEumkNRxIzJ9lhMe24gjeuA05krtaF8GygUHD,G97yzpX8HPnbmrVEC0Aoz2si9mlAiCfZmduqw99n
BR0isoSnDlgTmIqukAORkXTz6C9ABpEWp1Yw4Fx6,MOx9AM3J6rnEQQJCSsWfT7wdOetSni3OV0mrNgho,BR0isoSnDlgTmIqukAORkXTz6C9ABpEWp1Yw4Fx6,G97yzpX8HPnbmrVEC0Aoz2si9mlAiCfZmduqw99n,BR0isoSnDlgTmIqukAORkXTz6C9ABpEWp1Yw4Fx6,MOx9AM3J6rnEQQJCSsWfT7wdOetSni3OV0mrNgho
0tSt4SUsOj8fKBL2OwFTAz878S85snjiNnAx7n8z,I9zyEumkNRxIzJ9lhMe24gjeuA05krtaF8GygUHD,0tSt4SUsOj8fKBL2OwFTAz878S85snjiNnAx7n8z,MOx9AM3J6rnEQQJCSsWfT7wdOetSni3OV0mrNgho,0tSt4SUsOj8fKBL2OwFTAz878S85snjiNnAx7n8z,I9zyEumkNRxIzJ9lhMe24gjeuA05krtaF8GygUHD
hBG5vMBqkXoKVhe5nKFmfjAVyNoGHSr22VXcrkoN,BR0isoSnDlgTmIqukAORkXTz6C9ABpEWp1Yw4Fx6,hBG5vMBqkXoKVhe5nKFmfjAVyNoGHSr22VXcrkoN,I9zyEumkNRxIzJ9lhMe24gjeuA05krtaF8GygUHD,hBG5vMBqkXoKVhe5nKFmfjAVyNoGHSr22VXcrkoN,BR0isoSnDlgTmIqukAORkXTz6C9ABpEWp1Yw4Fx6
G0PLr6xT9E96wJTJXQDNB728J4rHnKFKya5jIcwT,0tSt4SUsOj8fKBL2OwFTAz878S85snjiNnAx7n8z,G0PLr6xT9E96wJTJXQDNB728J4rHnKFKya5jIcwT,BR0isoSnDlgTmIqukAORkXTz6C9ABpEWp1Yw4Fx6,G97yzpX8HPnbmrVEC0Aoz2si9mlAiCfZmduqw99n,0tSt4SUsOj8fKBL2OwFTAz878S85snjiNnAx7n8z
DboXcHUzjiTnEyfVzMA8hgefX2B7suIPftuPWSyq,hBG5vMBqkXoKVhe5nKFmfjAVyNoGHSr22VXcrkoN,DboXcHUzjiTnEyfVzMA8hgefX2B7suIPftuPWSyq,0tSt4SUsOj8fKBL2OwFTAz878S85snjiNnAx7n8z,MOx9AM3J6rnEQQJCSsWfT7wdOetSni3OV0mrNgho,G97yzpX8HPnbmrVEC0Aoz2si9mlAiCfZmduqw99n
neo9uYRJVawyUm1nyXvQrJxwVqapvXp6gVg6kwxr,G0PLr6xT9E96wJTJXQDNB728J4rHnKFKya5jIcwT,G97yzpX8HPnbmrVEC0Aoz2si9mlAiCfZmduqw99n,hBG5vMBqkXoKVhe5nKFmfjAVyNoGHSr22VXcrkoN,I9zyEumkNRxIzJ9lhMe24gjeuA05krtaF8GygUHD,MOx9AM3J6rnEQQJCSsWfT7wdOetSni3OV0mrNgho
G97yzpX8HPnbmrVEC0Aoz2si9mlAiCfZmduqw99n,DboXcHUzjiTnEyfVzMA8hgefX2B7suIPftuPWSyq,MOx9AM3J6rnEQQJCSsWfT7wdOetSni3OV0mrNgho,G0PLr6xT9E96wJTJXQDNB728J4rHnKFKya5jIcwT,BR0isoSnDlgTmIqukAORkXTz6C9ABpEWp1Yw4Fx6,I9zyEumkNRxIzJ9lhMe24gjeuA05krtaF8GygUHD
MOx9AM3J6rnEQQJCSsWfT7wdOetSni3OV0mrNgho,neo9uYRJVawyUm1nyXvQrJxwVqapvXp6gVg6kwxr,I9zyEumkNRxIzJ9lhMe24gjeuA05krtaF8GygUHD,G97yzpX8HPnbmrVEC0Aoz2si9mlAiCfZmduqw99n,0tSt4SUsOj8fKBL2OwFTAz878S85snjiNnAx7n8z,BR0isoSnDlgTmIqukAORkXTz6C9ABpEWp1Yw4Fx6
I9zyEumkNRxIzJ9lhMe24gjeuA05krtaF8GygUHD,nOgJEtffp9e3P1qN9pqUrIZB0WQ9VIdptmx5wtia,BR0isoSnDlgTmIqukAORkXTz6C9ABpEWp1Yw4Fx6,MOx9AM3J6rnEQQJCSsWfT7wdOetSni3OV0mrNgho,hBG5vMBqkXoKVhe5nKFmfjAVyNoGHSr22VXcrkoN,0tSt4SUsOj8fKBL2OwFTAz878S85snjiNnAx7n8z
BR0isoSnDlgTmIqukAORkXTz6C9ABpEWp1Yw4Fx6,G97yzpX8HPnbmrVEC0Aoz2si9mlAiCfZmduqw99n,0tSt4SUsOj8fKBL2OwFTAz878S85snjiNnAx7n8z,I9zyEumkNRxIzJ9lhMe24gjeuA05krtaF8GygUHD,G97yzpX8HPnbmrVEC0Aoz2si9mlAiCfZmduqw99n,G97yzpX8HPnbmrVEC0Aoz2si9mlAiCfZmduqw99n
0tSt4SUsOj8fKBL2OwFTAz878S85snjiNnAx7n8z,MOx9AM3J6rnEQQJCSsWfT7wdOetSni3OV0mrNgho,hBG5vMBqkXoKVhe5nKFmfjAVyNoGHSr22VXcrkoN,BR0isoSnDlgTmIqukAORkXTz6C9ABpEWp1Yw4Fx6,MOx9AM3J6rnEQQJCSsWfT7wdOetSni3OV0mrNgho,MOx9AM3J6rnEQQJCSsWfT7wdOetSni3OV0mrNgho
hBG5vMBqkXoKVhe5nKFmfjAVyNoGHSr22VXcrkoN,I9zyEumkNRxIzJ9lhMe24gjeuA05krtaF8GygUHD,G0PLr6xT9E96wJTJXQDNB728J4rHnKFKya5jIcwT,0tSt4SUsOj8fKBL2OwFTAz878S85snjiNnAx7n8z,I9zyEumkNRxIzJ9lhMe24gjeuA05krtaF8GygUHD,I9zyEumkNRxIzJ9lhMe24gjeuA05krtaF8GygUHD
G0PLr6xT9E96wJTJXQDNB728J4rHnKFKya5jIcwT,BR0isoSnDlgTmIqukAORkXTz6C9ABpEWp1Yw4Fx6,DboXcHUzjiTnEyfVzMA8hgefX2B7suIPftuPWSyq,hBG5vMBqkXoKVhe5nKFmfjAVyNoGHSr22VXcrkoN,BR0isoSnDlgTmIqukAORkXTz6C9ABpEWp1Yw4Fx6,BR0isoSnDlgTmIqukAORkXTz6C9ABpEWp1Yw4Fx6
DboXcHUzjiTnEyfVzMA8hgefX2B7suIPftuPWSyq,0tSt4SUsOj8fKBL2OwFTAz878S85snjiNnAx7n8z,G97yzpX8HPnbmrVEC0Aoz2si9mlAiCfZmduqw99n,G0PLr6xT9E96wJTJXQDNB728J4rHnKFKya5jIcwT,0tSt4SUsOj8fKBL2OwFTAz878S85snjiNnAx7n8z,0tSt4SUsOj8fKBL2OwFTAz878S85snjiNnAx7n8z
neo9uYRJVawyUm1nyXvQrJxwVqapvXp6gVg6kwxr,hBG5vMBqkXoKVhe5nKFmfjAVyNoGHSr22VXcrkoN,MOx9AM3J6rnEQQJCSsWfT7wdOetSni3OV0mrNgho,G97yzpX8HPnbmrVEC0Aoz2si9mlAiCfZmduqw99n,hBG5vMBqkXoKVhe5nKFmfjAVyNoGHSr22VXcrkoN,G97yzpX8HPnbmrVEC0Aoz2si9mlAiCfZmduqw99n
G97yzpX8HPnbmrVEC0Aoz2si9mlAiCfZmduqw99n,G0PLr6xT9E96wJTJXQDNB728J4rHnKFKya5jIcwT,I9zyEumkNRxIzJ9lhMe24gjeuA05krtaF8GygUHD,MOx9AM3J6rnEQQJCSsWfT7wdOetSni3OV0mrNgho,G97yzpX8HPnbmrVEC0Aoz2si9mlAiCfZmduqw99n,MOx9AM3J6rnEQQJCSsWfT7wdOetSni3OV0mrNgho
MOx9AM3J6rnEQQJCSsWfT7wdOetSni3OV0mrNgho,DboXcHUzjiTnEyfVzMA8hgefX2B7suIPftuPWSyq,BR0isoSnDlgTmIqukAORkXTz6C9ABpEWp1Yw4Fx6,I9zyEumkNRxIzJ9lhMe24gjeuA05krtaF8GygUHD,MOx9AM3J6rnEQQJCSsWfT7wdOetSni3OV0mrNgho,I9zyEumkNRxIzJ9lhMe24gjeuA05krtaF8GygUHD
I9zyEumkNRxIzJ9lhMe24gjeuA05krtaF8GygUHD,neo9uYRJVawyUm1nyXvQrJxwVqapvXp6gVg6kwxr,0tSt4SUsOj8fKBL2OwFTAz878S85snjiNnAx7n8z,BR0isoSnDlgTmIqukAORkXTz6C9ABpEWp1Yw4Fx6,I9zyEumkNRxIzJ9lhMe24gjeuA05krtaF8GygUHD,BR0isoSnDlgTmIqukAORkXTz6C9ABpEWp1Yw4Fx6
BR0isoSnDlgTmIqukAORkXTz6C9ABpEWp1Yw4Fx6,nOgJEtffp9e3P1qN9pqUrIZB0WQ9VIdptmx5wtia,hBG5vMBqkXoKVhe5nKFmfjAVyNoGHSr22VXcrkoN,0tSt4SUsOj8fKBL2OwFTAz878S85snjiNnAx7n8z,BR0isoSnDlgTmIqukAORkXTz6C9ABpEWp1Yw4Fx6,0tSt4SUsOj8fKBL2OwFTAz878S85snjiNnAx7n8z
0tSt4SUsOj8fKBL2OwFTAz878S85snjiNnAx7n8z,G97yzpX8HPnbmrVEC0Aoz2si9mlAiCfZmduqw99n,G0PLr6xT9E96wJTJXQDNB728J4rHnKFKya5jIcwT,hBG5vMBqkXoKVhe5nKFmfjAVyNoGHSr22VXcrkoN,0tSt4SUsOj8fKBL2OwFTAz878S85snjiNnAx7n8z,G97yzpX8HPnbmrVEC0Aoz2si9mlAiCfZmduqw99n
hBG5vMBqkXoKVhe5nKFmfjAVyNoGHSr22VXcrkoN,MOx9AM3J6rnEQQJCSsWfT7wdOetSni3OV0mrNgho,DboXcHUzjiTnEyfVzMA8hgefX2B7suIPftuPWSyq,G0PLr6xT9E96wJTJXQDNB728J4rHnKFKya5jIcwT,hBG5vMBqkXoKVhe5nKFmfjAVyNoGHSr22VXcrkoN,MOx9AM3J6rnEQQJCSsWfT7wdOetSni3OV0mrNgho
G0PLr6xT9E96wJTJXQDNB728J4rHnKFKya5jIcwT,I9zyEumkNRxIzJ9lhMe24gjeuA05krtaF8GygUHD,G97yzpX8HPnbmrVEC0Aoz2si9mlAiCfZmduqw99n,G97yzpX8HPnbmrVEC0Aoz2si9mlAiCfZmduqw99n,G97yzpX8HPnbmrVEC0Aoz2si9mlAiCfZmduqw99n,I9zyEumkNRxIzJ9lhMe24gjeuA05krtaF8GygUHD
DboXcHUzjiTnEyfVzMA8hgefX2B7suIPftuPWSyq,BR0isoSnDlgTmIqukAORkXTz6C9ABpEWp1Yw4Fx6,MOx9AM3J6rnEQQJCSsWfT7wdOetSni3OV0mrNgho,MOx9AM3J6rnEQQJCSsWfT7wdOetSni3OV0mrNgho,MOx9AM3J6rnEQQJCSsWfT7wdOetSni3OV0mrNgho,BR0isoSnDlgTmIqukAORkXTz6C9ABpEWp1Yw4Fx6
neo9uYRJVawyUm1nyXvQrJxwVqapvXp6gVg6kwxr,0tSt4SUsOj8fKBL2OwFTAz878S85snjiNnAx7n8z,I9zyEumkNRxIzJ9lhMe24gjeuA05krtaF8GygUHD,I9zyEumkNRxIzJ9lhMe24gjeuA05krtaF8GygUHD,I9zyEumkNRxIzJ9lhMe24gjeuA05krtaF8GygUHD,0tSt4SUsOj8fKBL2OwFTAz878S85snjiNnAx7n8z
G97yzpX8HPnbmrVEC0Aoz2si9mlAiCfZmduqw99n,hBG5vMBqkXoKVhe5nKFmfjAVyNoGHSr22VXcrkoN,BR0isoSnDlgTmIqukAORkXTz6C9ABpEWp1Yw4Fx6,BR0isoSnDlgTmIqukAORkXTz6C9ABpEWp1Yw4Fx6,BR0isoSnDlgTmIqukAORkXTz6C9ABpEWp1Yw4Fx6,G97yzpX8HPnbmrVEC0Aoz2si9mlAiCfZmduqw99n
MOx9AM3J6rnEQQJCSsWfT7wdOetSni3OV0mrNgho,G0PLr6xT9E96wJTJXQDNB728J4rHnKFKya5jIcwT,0tSt4SUsOj8fKBL2OwFTAz878S85snjiNnAx7n8z,0tSt4SUsOj8fKBL2OwFTAz878S85snjiNnAx7n8z,0tSt4SUsOj8fKBL2OwFTAz878S85snjiNnAx7n8z,MOx9AM3J6rnEQQJCSsWfT7wdOetSni3OV0mrNgho
I9zyEumkNRxIzJ9lhMe24gjeuA05krtaF8GygUHD,DboXcHUzjiTnEyfVzMA8hgefX2B7suIPftuPWSyq,hBG5vMBqkXoKVhe5nKFmfjAVyNoGHSr22VXcrkoN,hBG5vMBqkXoKVhe5nKFmfjAVyNoGHSr22VXcrkoN,hBG5vMBqkXoKVhe5nKFmfjAVyNoGHSr22VXcrkoN,I9zyEumkNRxIzJ9lhMe24gjeuA05krtaF8GygUHD
BR0isoSnDlgTmIqukAORkXTz6C9ABpEWp1Yw4Fx6,neo9uYRJVawyUm1nyXvQrJxwVqapvXp6gVg6kwxr,G0PLr6xT9E96wJTJXQDNB728J4rHnKFKya5jIcwT,G0PLr6xT9E96wJTJXQDNB728J4rHnKFKya5jIcwT,G97yzpX8HPnbmrVEC0Aoz2si9mlAiCfZmduqw99n,BR0isoSnDlgTmIqukAORkXTz6C9ABpEWp1Yw4Fx6
0tSt4SUsOj8fKBL2OwFTAz878S85snjiNnAx7n8z,nOgJEtffp9e3P1qN9pqUrIZB0WQ9VIdptmx5wtia,DboXcHUzjiTnEyfVzMA8hgefX2B7suIPftuPWSyq,G97yzpX8HPnbmrVEC0Aoz2si9mlAiCfZmduqw99n,MOx9AM3J6rnEQQJCSsWfT7wdOetSni3OV0mrNgho,0tSt4SUsOj8fKBL2OwFTAz878S85snjiNnAx7n8z
hBG5vMBqkXoKVhe5nKFmfjAVyNoGHSr22VXcrkoN,G97yzpX8HPnbmrVEC0Aoz2si9mlAiCfZmduqw99n,G97yzpX8HPnbmrVEC0Aoz2si9mlAiCfZmduqw99n,MOx9AM3J6rnEQQJCSsWfT7wdOetSni3OV0mrNgho,I9zyEumkNRxIzJ9lhMe24gjeuA05krtaF8GygUHD,G97yzpX8HPnbmrVEC0Aoz2si9mlAiCfZmduqw99n
G0PLr6xT9E96wJTJXQDNB728J4rHnKFKya5jIcwT,MOx9AM3J6rnEQQJCSsWfT7wdOetSni3OV0mrNgho,MOx9AM3J6rnEQQJCSsWfT7wdOetSni3OV0mrNgho,I9zyEumkNRxIzJ9lhMe24gjeuA05krtaF8GygUHD,BR0isoSnDlgTmIqukAORkXTz6C9ABpEWp1Yw4Fx6,MOx9AM3J6rnEQQJCSsWfT7wdOetSni3OV0mrNgho
DboXcHUzjiTnEyfVzMA8hgefX2B7suIPftuPWSyq,I9zyEumkNRxIzJ9lhMe24gjeuA05krtaF8GygUHD,I9zyEumkNRxIzJ9lhMe24gjeuA05krtaF8GygUHD,BR0isoSnDlgTmIqukAORkXTz6C9ABpEWp1Yw4Fx6,0tSt4SUsOj8fKBL2OwFTAz878S85snjiNnAx7n8z,I9zyEumkNRxIzJ9lhMe24gjeuA05krtaF8GygUHD
neo9uYRJVawyUm1nyXvQrJxwVqapvXp6gVg6kwxr,BR0isoSnDlgTmIqukAORkXTz6C9ABpEWp1Yw4Fx6,BR0isoSnDlgTmIqukAORkXTz6C9ABpEWp1Yw4Fx6,0tSt4SUsOj8fKBL2OwFTAz878S85snjiNnAx7n8z,hBG5vMBqkXoKVhe5nKFmfjAVyNoGHSr22VXcrkoN,BR0isoSnDlgTmIqukAORkXTz6C9ABpEWp1Yw4Fx6
G97yzpX8HPnbmrVEC0Aoz2si9mlAiCfZmduqw99n,0tSt4SUsOj8fKBL2OwFTAz878S85snjiNnAx7n8z,0tSt4SUsOj8fKBL2OwFTAz878S85snjiNnAx7n8z,hBG5vMBqkXoKVhe5nKFmfjAVyNoGHSr22VXcrkoN,G97yzpX8HPnbmrVEC0Aoz2si9mlAiCfZmduqw99n,0tSt4SUsOj8fKBL2OwFTAz878S85snjiNnAx7n8z
MOx9AM3J6rnEQQJCSsWfT7wdOetSni3OV0mrNgho,hBG5vMBqkXoKVhe5nKFmfjAVyNoGHSr22VXcrkoN,hBG5vMBqkXoKVhe5nKFmfjAVyNoGHSr22VXcrkoN,G0PLr6xT9E96wJTJXQDNB728J4rHnKFKya5jIcwT,MOx9AM3J6rnEQQJCSsWfT7wdOetSni3OV0mrNgho,G97yzpX8HPnbmrVEC0Aoz2si9mlAiCfZmduqw99n
I9zyEumkNRxIzJ9lhMe24gjeuA05krtaF8GygUHD,G0PLr6xT9E96wJTJXQDNB728J4rHnKFKya5jIcwT,G0PLr6xT9E96wJTJXQDNB728J4rHnKFKya5jIcwT,G97yzpX8HPnbmrVEC0Aoz2si9mlAiCfZmduqw99n,I9zyEumkNRxIzJ9lhMe24gjeuA05krtaF8GygUHD,MOx9AM3J6rnEQQJCSsWfT7wdOetSni3OV0mrNgho
BR0isoSnDlgTmIqukAORkXTz6C9ABpEWp1Yw4Fx6,DboXcHUzjiTnEyfVzMA8hgefX2B7suIPftuPWSyq,DboXcHUzjiTnEyfVzMA8hgefX2B7suIPftuPWSyq,MOx9AM3J6rnEQQJCSsWfT7wdOetSni3OV0mrNgho,BR0isoSnDlgTmIqukAORkXTz6C9ABpEWp1Yw4Fx6,I9zyEumkNRxIzJ9lhMe24gjeuA05krtaF8GygUHD
0tSt4SUsOj8fKBL2OwFTAz878S85snjiNnAx7n8z,neo9uYRJVawyUm1nyXvQrJxwVqapvXp6gVg6kwxr,G97yzpX8HPnbmrVEC0Aoz2si9mlAiCfZmduqw99n,I9zyEumkNRxIzJ9lhMe24gjeuA05krtaF8GygUHD,0tSt4SUsOj8fKBL2OwFTAz878S85snjiNnAx7n8z,BR0isoSnDlgTmIqukAORkXTz6C9ABpEWp1Yw4Fx6
hBG5vMBqkXoKVhe5nKFmfjAVyNoGHSr22VXcrkoN,nOgJEtffp9e3P1qN9pqUrIZB0WQ9VIdptmx5wtia,MOx9AM3J6rnEQQJCSsWfT7wdOetSni3OV0mrNgho,BR0isoSnDlgTmIqukAORkXTz6C9ABpEWp1Yw4Fx6,hBG5vMBqkXoKVhe5nKFmfjAVyNoGHSr22VXcrkoN,0tSt4SUsOj8fKBL2OwFTAz878S85snjiNnAx7n8z
G0PLr6xT9E96wJTJXQDNB728J4rHnKFKya5jIcwT,G97yzpX8HPnbmrVEC0Aoz2si9mlAiCfZmduqw99n,I9zyEumkNRxIzJ9lhMe24gjeuA05krtaF8GygUHD,0tSt4SUsOj8fKBL2OwFTAz878S85snjiNnAx7n8z,G97yzpX8HPnbmrVEC0Aoz2si9mlAiCfZmduqw99n,G97yzpX8HPnbmrVEC0Aoz2si9mlAiCfZmduqw99n
DboXcHUzjiTnEyfVzMA8hgefX2B7suIPftuPWSyq,MOx9AM3J6rnEQQJCSsWfT7wdOetSni3OV0mrNgho,BR0isoSnDlgTmIqukAORkXTz6C9ABpEWp1Yw4Fx6,hBG5vMBqkXoKVhe5nKFmfjAVyNoGHSr22VXcrkoN,MOx9AM3J6rnEQQJCSsWfT7wdOetSni3OV0mrNgho,MOx9AM3J6rnEQQJCSsWfT7wdOetSni3OV0mrNgho
neo9uYRJVawyUm1nyXvQrJxwVqapvXp6gVg6kwxr,I9zyEumkNRxIzJ9lhMe24gjeuA05krtaF8GygUHD,0tSt4SUsOj8fKBL2OwFTAz878S85snjiNnAx7n8z,G0PLr6xT9E96wJTJXQDNB728J4rHnKFKya5jIcwT,I9zyEumkNRxIzJ9lhMe24gjeuA05krtaF8GygUHD,I9zyEumkNRxIzJ9lhMe24gjeuA05krtaF8GygUHD
G97yzpX8HPnbmrVEC0Aoz2si9mlAiCfZmduqw99n,BR0isoSnDlgTmIqukAORkXTz6C9ABpEWp1Yw4Fx6,hBG5vMBqkXoKVhe5nKFmfjAVyNoGHSr22VXcrkoN,G97yzpX8HPnbmrVEC0Aoz2si9mlAiCfZmduqw99n,BR0isoSnDlgTmIqukAORkXTz6C9ABpEWp1Yw4Fx6,BR0isoSnDlgTmIqukAORkXTz6C9ABpEWp1Yw4Fx6
MOx9AM3J6rnEQQJCSsWfT7wdOetSni3OV0mrNgho,0tSt4SUsOj8fKBL2OwFTAz878S85snjiNnAx7n8z,G0PLr6xT9E96wJTJXQDNB728J4rHnKFKya5jIcwT,MOx9AM3J6rnEQQJCSsWfT7wdOetSni3OV0mrNgho,0tSt4SUsOj8fKBL2OwFTAz878S85snjiNnAx7n8z,0tSt4SUsOj8fKBL2OwFTAz878S85snjiNnAx7n8z
I9zyEumkNRxIzJ9lhMe24gjeuA05krtaF8GygUHD,hBG5vMBqkXoKVhe5nKFmfjAVyNoGHSr22VXcrkoN,DboXcHUzjiTnEyfVzMA8hgefX2B7suIPftuPWSyq,I9zyEumkNRxIzJ9lhMe24gjeuA05krtaF8GygUHD,hBG5vMBqkXoKVhe5nKFmfjAVyNoGHSr22VXcrkoN,G97yzpX8HPnbmrVEC0Aoz2si9mlAiCfZmduqw99n
BR0isoSnDlgTmIqukAORkXTz6C9ABpEWp1Yw4Fx6,G0PLr6xT9E96wJTJXQDNB728J4rHnKFKya5jIcwT,G97yzpX8HPnbmrVEC0Aoz2si9mlAiCfZmduqw99n,BR0isoSnDlgTmIqukAORkXTz6C9ABpEWp1Yw4Fx6,G97yzpX8HPnbmrVEC0Aoz2si9mlAiCfZmduqw99n,MOx9AM3J6rnEQQJCSsWfT7wdOetSni3OV0mrNgho
0tSt4SUsOj8fKBL2OwFTAz878S85snjiNnAx7n8z,DboXcHUzjiTnEyfVzMA8hgefX2B7suIPftuPWSyq,MOx9AM3J6rnEQQJCSsWfT7wdOetSni3OV0mrNgho,0tSt4SUsOj8fKBL2OwFTAz878S85snjiNnAx7n8z,MOx9AM3J6rnEQQJCSsWfT7wdOetSni3OV0mrNgho,I9zyEumkNRxIzJ9lhMe24gjeuA05krtaF8GygUHD
hBG5vMBqkXoKVhe5nKFmfjAVyNoGHSr22VXcrkoN,neo9uYRJVawyUm1nyXvQrJxwVqapvXp6gVg6kwxr,I9zyEumkNRxIzJ9lhMe24gjeuA05krtaF8GygUHD,hBG5vMBqkXoKVhe5nKFmfjAVyNoGHSr22VXcrkoN,I9zyEumkNRxIzJ9lhMe24gjeuA05krtaF8GygUHD,BR0isoSnDlgTmIqukAORkXTz6C9ABpEWp1Yw4Fx6
G0PLr6xT9E96wJTJXQDNB728J4rHnKFKya5jIcwT,nOgJEtffp9e3P1qN9pqUrIZB0WQ9VIdptmx5wtia,BR0isoSnDlgTmIqukAORkXTz6C9ABpEWp1Yw4Fx6,G0PLr6xT9E96wJTJXQDNB728J4rHnKFKya5jIcwT,BR0isoSnDlgTmIqukAORkXTz6C9ABpEWp1Yw4Fx6,0tSt4SUsOj8fKBL2OwFTAz878S85snjiNnAx7n8z
DboXcHUzjiTnEyfVzMA8hgefX2B7suIPftuPWSyq,G97yzpX8HPnbmrVEC0Aoz2si9mlAiCfZmduqw99n,0tSt4SUsOj8fKBL2OwFTAz878S85snjiNnAx7n8z,G97yzpX8HPnbmrVEC0Aoz2si9mlAiCfZmduqw99n,0tSt4SUsOj8fKBL2OwFTAz878S85snjiNnAx7n8z,G97yzpX8HPnbmrVEC0Aoz2si9mlAiCfZmduqw99n
neo9uYRJVawyUm1nyXvQrJxwVqapvXp6gVg6kwxr,MOx9AM3J6rnEQQJCSsWfT7wdOetSni3OV0mrNgho,hBG5vMBqkXoKVhe5nKFmfjAVyNoGHSr22VXcrkoN,MOx9AM3J6rnEQQJCSsWfT7wdOetSni3OV0mrNgho,hBG5vMBqkXoKVhe5nKFmfjAVyNoGHSr22VXcrkoN,MOx9AM3J6rnEQQJCSsWfT7wdOetSni3OV0mrNgho
G97yzpX8HPnbmrVEC0Aoz2si9mlAiCfZmduqw99n,I9zyEumkNRxIzJ9lhMe24gjeuA05krtaF8GygUHD,G0PLr6xT9E96wJTJXQDNB728J4rHnKFKya5jIcwT,I9zyEumkNRxIzJ9lhMe24gjeuA05krtaF8GygUHD,G97yzpX8HPnbmrVEC0Aoz2si9mlAiCfZmduqw99n,I9zyEumkNRxIzJ9lhMe24gjeuA05krtaF8GygUHD
MOx9AM3J6rnEQQJCSsWfT7wdOetSni3OV0mrNgho,BR0isoSnDlgTmIqukAORkXTz6C9ABpEWp1Yw4Fx6,DboXcHUzjiTnEyfVzMA8hgefX2B7suIPftuPWSyq,BR0isoSnDlgTmIqukAORkXTz6C9ABpEWp1Yw4Fx6,MOx9AM3J6rnEQQJCSsWfT7wdOetSni3OV0mrNgho,BR0isoSnDlgTmIqukAORkXTz6C9ABpEWp1Yw4Fx6
I9zyEumkNRxIzJ9lhMe24gjeuA05krtaF8GygUHD,0tSt4SUsOj8fKBL2OwFTAz878S85snjiNnAx7n8z,G97yzpX8HPnbmrVEC0Aoz2si9mlAiCfZmduqw99n,0tSt4SUsOj8fKBL2OwFTAz878S85snjiNnAx7n8z,I9zyEumkNRxIzJ9lhMe24gjeuA05krtaF8GygUHD,0tSt4SUsOj8fKBL2OwFTAz878S85snjiNnAx7n8z
BR0isoSnDlgTmIqukAORkXTz6C9ABpEWp1Yw4Fx6,hBG5vMBqkXoKVhe5nKFmfjAVyNoGHSr22VXcrkoN,MOx9AM3J6rnEQQJCSsWfT7wdOetSni3OV0mrNgho,hBG5vMBqkXoKVhe5nKFmfjAVyNoGHSr22VXcrkoN,BR0isoSnDlgTmIqukAORkXTz6C9ABpEWp1Yw4Fx6,G97yzpX8HPnbmrVEC0Aoz2si9mlAiCfZmduqw99n
0tSt4SUsOj8fKBL2OwFTAz878S85snjiNnAx7n8z,G0PLr6xT9E96wJTJXQDNB728J4rHnKFKya5jIcwT,I9zyEumkNRxIzJ9lhMe24gjeuA05krtaF8GygUHD,G0PLr6xT9E96wJTJXQDNB728J4rHnKFKya5jIcwT,0tSt4SUsOj8fKBL2OwFTAz878S85snjiNnAx7n8z,MOx9AM3J6rnEQQJCSsWfT7wdOetSni3OV0mrNgho
hBG5vMBqkXoKVhe5nKFmfjAVyNoGHSr22VXcrkoN,DboXcHUzjiTnEyfVzMA8hgefX2B7suIPftuPWSyq,BR0isoSnDlgTmIqukAORkXTz6C9ABpEWp1Yw4Fx6,G97yzpX8HPnbmrVEC0Aoz2si9mlAiCfZmduqw99n,hBG5vMBqkXoKVhe5nKFmfjAVyNoGHSr22VXcrkoN,I9zyEumkNRxIzJ9lhMe24gjeuA05krtaF8GygUHD
G0PLr6xT9E96wJTJXQDNB728J4rHnKFKya5jIcwT,neo9uYRJVawyUm1nyXvQrJxwVqapvXp6gVg6kwxr,0tSt4SUsOj8fKBL2OwFTAz878S85snjiNnAx7n8z,MOx9AM3J6rnEQQJCSsWfT7wdOetSni3OV0mrNgho,G97yzpX8HPnbmrVEC0Aoz2si9mlAiCfZmduqw99n,BR0isoSnDlgTmIqukAORkXTz6C9ABpEWp1Yw4Fx6
DboXcHUzjiTnEyfVzMA8hgefX2B7suIPftuPWSyq,nOgJEtffp9e3P1qN9pqUrIZB0WQ9VIdptmx5wtia,hBG5vMBqkXoKVhe5nKFmfjAVyNoGHSr22VXcrkoN,I9zyEumkNRxIzJ9lhMe24gjeuA05krtaF8GygUHD,MOx9AM3J6rnEQQJCSsWfT7wdOetSni3OV0mrNgho,0tSt4SUsOj8fKBL2OwFTAz878S85snjiNnAx7n8z
neo9uYRJVawyUm1nyXvQrJxwVqapvXp6gVg6kwxr,G97yzpX8HPnbmrVEC0Aoz2si9mlAiCfZmduqw99n,G0PLr6xT9E96wJTJXQDNB728J4rHnKFKya5jIcwT,BR0isoSnDlgTmIqukAORkXTz6C9ABpEWp1Yw4Fx6,I9zyEumkNRxIzJ9lhMe24gjeuA05krtaF8GygUHD,G97yzpX8HPnbmrVEC0Aoz2si9mlAiCfZmduqw99n
G97yzpX8HPnbmrVEC0Aoz2si9mlAiCfZmduqw99n,MOx9AM3J6rnEQQJCSsWfT7wdOetSni3OV0mrNgho,DboXcHUzjiTnEyfVzMA8hgefX2B7suIPftuPWSyq,0tSt4SUsOj8fKBL2OwFTAz878S85snjiNnAx7n8z,BR0isoSnDlgTmIqukAORkXTz6C9ABpEWp1Yw4Fx6,MOx9AM3J6rnEQQJCSsWfT7wdOetSni3OV0mrNgho
MOx9AM3J6rnEQQJCSsWfT7wdOetSni3OV0mrNgho,I9zyEumkNRxIzJ9lhMe24gjeuA05krtaF8GygUHD,G97yzpX8HPnbmrVEC0Aoz2si9mlAiCfZmduqw99n,hBG5vMBqkXoKVhe5nKFmfjAVyNoGHSr22VXcrkoN,0tSt4SUsOj8fKBL2OwFTAz878S85snjiNnAx7n8z,I9zyEumkNRxIzJ9lhMe24gjeuA05krtaF8GygUHD
I9zyEumkNRxIzJ9lhMe24gjeuA05krtaF8GygUHD,BR0isoSnDlgTmIqukAORkXTz6C9ABpEWp1Yw4Fx6,MOx9AM3J6rnEQQJCSsWfT7wdOetSni3OV0mrNgho,G0PLr6xT9E96wJTJXQDNB728J4rHnKFKya5jIcwT,hBG5vMBqkXoKVhe5nKFmfjAVyNoGHSr22VXcrkoN,BR0isoSnDlgTmIqukAORkXTz6C9ABpEWp1Yw4Fx6
BR0isoSnDlgTmIqukAORkXTz6C9ABpEWp1Yw4Fx6,0tSt4SUsOj8fKBL2OwFTAz878S85snjiNnAx7n8z,I9zyEumkNRxIzJ9lhMe24gjeuA05krtaF8GygUHD,G97yzpX8HPnbmrVEC0Aoz2si9mlAiCfZmduqw99n,G97yzpX8HPnbmrVEC0Aoz2si9mlAiCfZmduqw99n,0tSt4SUsOj8fKBL2OwFTAz878S85snjiNnAx7n8z
0tSt4SUsOj8fKBL2OwFTAz878S85snjiNnAx7n8z,hBG5vMBqkXoKVhe5nKFmfjAVyNoGHSr22VXcrkoN,BR0isoSnDlgTmIqukAORkXTz6C9ABpEWp1Yw4Fx6,MOx9AM3J6rnEQQJCSsWfT7wdOetSni3OV0mrNgho,MOx9AM3J6rnEQQJCSsWfT7wdOetSni3OV0mrNgho,G97yzpX8HPnbmrVEC0Aoz2si9mlAiCfZmduqw99n
hBG5vMBqkXoKVhe5nKFmfjAVyNoGHSr22VXcrkoN,G0PLr6xT9E96wJTJXQDNB728J4rHnKFKya5jIcwT,0tSt4SUsOj8fKBL2OwFTAz878S85snjiNnAx7n8z,I9zyEumkNRxIzJ9lhMe24gjeuA05krtaF8GygUHD,I9zyEumkNRxIzJ9lhMe24gjeuA05krtaF8GygUHD,MOx9AM3J6rnEQQJCSsWfT7wdOetSni3OV0mrNgho
G0PLr6xT9E96wJTJXQDNB728J4rHnKFKya5jIcwT,DboXcHUzjiTnEyfVzMA8hgefX2B7suIPftuPWSyq,hBG5vMBqkXoKVhe5nKFmfjAVyNoGHSr22VXcrkoN,BR0isoSnDlgTmIqukAORkXTz6C9ABpEWp1Yw4Fx6,BR0isoSnDlgTmIqukAORkXTz6C9ABpEWp1Yw4Fx6,I9zyEumkNRxIzJ9lhMe24gjeuA05krtaF8GygUHD
DboXcHUzjiTnEyfVzMA8hgefX2B7suIPftuPWSyq,neo9uYRJVawyUm1nyXvQrJxwVqapvXp6gVg6kwxr,G0PLr6xT9E96wJTJXQDNB728J4rHnKFKya5jIcwT,0tSt4SUsOj8fKBL2OwFTAz878S85snjiNnAx7n8z,0tSt4SUsOj8fKBL2OwFTAz878S85snjiNnAx7n8z,BR0isoSnDlgTmIqukAORkXTz6C9ABpEWp1Yw4Fx6
neo9uYRJVawyUm1nyXvQrJxwVqapvXp6gVg6kwxr,nOgJEtffp9e3P1qN9pqUrIZB0WQ9VIdptmx5wtia,DboXcHUzjiTnEyfVzMA8hgefX2B7suIPftuPWSyq,hBG5vMBqkXoKVhe5nKFmfjAVyNoGHSr22VXcrkoN,hBG5vMBqkXoKVhe5nKFmfjAVyNoGHSr22VXcrkoN,0tSt4SUsOj8fKBL2OwFTAz878S85snjiNnAx7n8z
G97yzpX8HPnbmrVEC0Aoz2si9mlAiCfZmduqw99n,G97yzpX8HPnbmrVEC0Aoz2si9mlAiCfZmduqw99n,G97yzpX8HPnbmrVEC0Aoz2si9mlAiCfZmduqw99n,G0PLr6xT9E96wJTJXQDNB728J4rHnKFKya5jIcwT,G97yzpX8HPnbmrVEC0Aoz2si9mlAiCfZmduqw99n,G97yzpX8HPnbmrVEC0Aoz2si9mlAiCfZmduqw99n
MOx9AM3J6rnEQQJCSsWfT7wdOetSni3OV0mrNgho,MOx9AM3J6rnEQQJCSsWfT7wdOetSni3OV0mrNgho,MOx9AM3J6rnEQQJCSsWfT7wdOetSni3OV0mrNgho,G97yzpX8HPnbmrVEC0Aoz2si9mlAiCfZmduqw99n,MOx9AM3J6rnEQQJCSsWfT7wdOetSni3OV0mrNgho,MOx9AM3J6rnEQQJCSsWfT7wdOetSni3OV0mrNgho
I9zyEumkNRxIzJ9lhMe24gjeuA05krtaF8GygUHD,I9zyEumkNRxIzJ9lhMe24gjeuA05krtaF8GygUHD,I9zyEumkNRxIzJ9lhMe24gjeuA05krtaF8GygUHD,MOx9AM3J6rnEQQJCSsWfT7wdOetSni3OV0mrNgho,I9zyEumkNRxIzJ9lhMe24gjeuA05krtaF8GygUHD,I9zyEumkNRxIzJ9lhMe24gjeuA05krtaF8GygUHD
BR0isoSnDlgTmIqukAORkXTz6C9ABpEWp1Yw4Fx6,BR0isoSnDlgTmIqukAORkXTz6C9ABpEWp1Yw4Fx6,BR0isoSnDlgTmIqukAORkXTz6C9ABpEWp1Yw4Fx6,I9zyEumkNRxIzJ9lhMe24gjeuA05krtaF8GygUHD,BR0isoSnDlgTmIqukAORkXTz6C9ABpEWp1Yw4Fx6,BR0isoSnDlgTmIqukAORkXTz6C9ABpEWp1Yw4Fx6
0tSt4SUsOj8fKBL2OwFTAz878S85snjiNnAx7n8z,0tSt4SUsOj8fKBL2OwFTAz878S85snjiNnAx7n8z,0tSt4SUsOj8fKBL2OwFTAz878S85snjiNnAx7n8z,BR0isoSnDlgTmIqukAORkXTz6C9ABpEWp1Yw4Fx6,0tSt4SUsOj8fKBL2OwFTAz878S85snjiNnAx7n8z,0tSt4SUsOj8fKBL2OwFTAz878S85snjiNnAx7n8z
hBG5vMBqkXoKVhe5nKFmfjAVyNoGHSr22VXcrkoN,hBG5vMBqkXoKVhe5nKFmfjAVyNoGHSr22VXcrkoN,hBG5vMBqkXoKVhe5nKFmfjAVyNoGHSr22VXcrkoN,0tSt4SUsOj8fKBL2OwFTAz878S85snjiNnAx7n8z,hBG5vMBqkXoKVhe5nKFmfjAVyNoGHSr22VXcrkoN,G97yzpX8HPnbmrVEC0Aoz2si9mlAiCfZmduqw99n
G0PLr6xT9E96wJTJXQDNB728J4rHnKFKya5jIcwT,G0PLr6xT9E96wJTJXQDNB728J4rHnKFKya5jIcwT,G0PLr6xT9E96wJTJXQDNB728J4rHnKFKya5jIcwT,hBG5vMBqkXoKVhe5nKFmfjAVyNoGHSr22VXcrkoN,G97yzpX8HPnbmrVEC0Aoz2si9mlAiCfZmduqw99n,MOx9AM3J6rnEQQJCSsWfT7wdOetSni3OV0mrNgho
DboXcHUzjiTnEyfVzMA8hgefX2B7suIPftuPWSyq,DboXcHUzjiTnEyfVzMA8hgefX2B7suIPftuPWSyq,DboXcHUzjiTnEyfVzMA8hgefX2B7suIPftuPWSyq,G0PLr6xT9E96wJTJXQDNB728J4rHnKFKya5jIcwT,MOx9AM3J6rnEQQJCSsWfT7wdOetSni3OV0mrNgho,I9zyEumkNRxIzJ9lhMe24gjeuA05krtaF8GygUHD
neo9uYRJVawyUm1nyXvQrJxwVqapvXp6gVg6kwxr,neo9uYRJVawyUm1nyXvQrJxwVqapvXp6gVg6kwxr,G97yzpX8HPnbmrVEC0Aoz2si9mlAiCfZmduqw99n,G97yzpX8HPnbmrVEC0Aoz2si9mlAiCfZmduqw99n,I9zyEumkNRxIzJ9lhMe24gjeuA05krtaF8GygUHD,BR0isoSnDlgTmIqukAORkXTz6C9ABpEWp1Yw4Fx6
G97yzpX8HPnbmrVEC0Aoz2si9mlAiCfZmduqw99n,nOgJEtffp9e3P1qN9pqUrIZB0WQ9VIdptmx5wtia,MOx9AM3J6rnEQQJCSsWfT7wdOetSni3OV0mrNgho,MOx9AM3J6rnEQQJCSsWfT7wdOetSni3OV0mrNgho,BR0isoSnDlgTmIqukAORkXTz6C9ABpEWp1Yw4Fx6,0tSt4SUsOj8fKBL2OwFTAz878S85snjiNnAx7n8z
MOx9AM3J6rnEQQJCSsWfT7wdOetSni3OV0mrNgho,G97yzpX8HPnbmrVEC0Aoz2si9mlAiCfZmduqw99n,I9zyEumkNRxIzJ9lhMe24gjeuA05krtaF8GygUHD,I9zyEumkNRxIzJ9lhMe24gjeuA05krtaF8GygUHD,0tSt4SUsOj8fKBL2OwFTAz878S85snjiNnAx7n8z,G97yzpX8HPnbmrVEC0Aoz2si9mlAiCfZmduqw99n
I9zyEumkNRxIzJ9lhMe24gjeuA05krtaF8GygUHD,MOx9AM3J6rnEQQJCSsWfT7wdOetSni3OV0mrNgho,BR0isoSnDlgTmIqukAORkXTz6C9ABpEWp1Yw4Fx6,BR0isoSnDlgTmIqukAORkXTz6C9ABpEWp1Yw4Fx6,hBG5vMBqkXoKVhe5nKFmfjAVyNoGHSr22VXcrkoN,MOx9AM3J6rnEQQJCSsWfT7wdOetSni3OV0mrNgho
BR0isoSnDlgTmIqukAORkXTz6C9ABpEWp1Yw4Fx6,I9zyEumkNRxIzJ9lhMe24gjeuA05krtaF8GygUHD,0tSt4SUsOj8fKBL2OwFTAz878S85snjiNnAx7n8z,0tSt4SUsOj8fKBL2OwFTAz878S85snjiNnAx7n8z,G97yzpX8HPnbmrVEC0Aoz2si9mlAiCfZmduqw99n,I9zyEumkNRxIzJ9lhMe24gjeuA05krtaF8GygUHD
0tSt4SUsOj8fKBL2OwFTAz878S85snjiNnAx7n8z,BR0isoSnDlgTmIqukAORkXTz6C9ABpEWp1Yw4Fx6,hBG5vMBqkXoKVhe5nKFmfjAVyNoGHSr22VXcrkoN,hBG5vMBqkXoKVhe5nKFmfjAVyNoGHSr22VXcrkoN,MOx9AM3J6rnEQQJCSsWfT7wdOetSni3OV0mrNgho,BR0isoSnDlgTmIqukAORkXTz6C9ABpEWp1Yw4Fx6
hBG5vMBqkXoKVhe5nKFmfjAVyNoGHSr22VXcrkoN,0tSt4SUsOj8fKBL2OwFTAz878S85snjiNnAx7n8z,G0PLr6xT9E96wJTJXQDNB728J4rHnKFKya5jIcwT,G0PLr6xT9E96wJTJXQDNB728J4rHnKFKya5jIcwT,I9zyEumkNRxIzJ9lhMe24gjeuA05krtaF8GygUHD,0tSt4SUsOj8fKBL2OwFTAz878S85snjiNnAx7n8z
G0PLr6xT9E96wJTJXQDNB728J4rHnKFKya5jIcwT,hBG5vMBqkXoKVhe5nKFmfjAVyNoGHSr22VXcrkoN,DboXcHUzjiTnEyfVzMA8hgefX2B7suIPftuPWSyq,G97yzpX8HPnbmrVEC0Aoz2si9mlAiCfZmduqw99n,BR0isoSnDlgTmIqukAORkXTz6C9ABpEWp1Yw4Fx6,G97yzpX8HPnbmrVEC0Aoz2si9mlAiCfZmduqw99n
DboXcHUzjiTnEyfVzMA8hgefX2B7suIPftuPWSyq,G0PLr6xT9E96wJTJXQDNB728J4rHnKFKya5jIcwT,G97yzpX8HPnbmrVEC0Aoz2si9mlAiCfZmduqw99n,MOx9AM3J6rnEQQJCSsWfT7wdOetSni3OV0mrNgho,0tSt4SUsOj8fKBL2OwFTAz878S85snjiNnAx7n8z,MOx9AM3J6rnEQQJCSsWfT7wdOetSni3OV0mrNgho
neo9uYRJVawyUm1nyXvQrJxwVqapvXp6gVg6kwxr,DboXcHUzjiTnEyfVzMA8hgefX2B7suIPftuPWSyq,MOx9AM3J6rnEQQJCSsWfT7wdOetSni3OV0mrNgho,I9zyEumkNRxIzJ9lhMe24gjeuA05krtaF8GygUHD,hBG5vMBqkXoKVhe5nKFmfjAVyNoGHSr22VXcrkoN,I9zyEumkNRxIzJ9lhMe24gjeuA05krtaF8GygUHD
G97yzpX8HPnbmrVEC0Aoz2si9mlAiCfZmduqw99n,neo9uYRJVawyUm1nyXvQrJxwVqapvXp6gVg6kwxr,I9zyEumkNRxIzJ9lhMe24gjeuA05krtaF8GygUHD,BR0isoSnDlgTmIqukAORkXTz6C9ABpEWp1Yw4Fx6,G97yzpX8HPnbmrVEC0Aoz2si9mlAiCfZmduqw99n,BR0isoSnDlgTmIqukAORkXTz6C9ABpEWp1Yw4Fx6
MOx9AM3J6rnEQQJCSsWfT7wdOetSni3OV0mrNgho,nOgJEtffp9e3P1qN9pqUrIZB0WQ9VIdptmx5wtia,BR0isoSnDlgTmIqukAORkXTz6C9ABpEWp1Yw4Fx6,0tSt4SUsOj8fKBL2OwFTAz878S85snjiNnAx7n8z,MOx9AM3J6rnEQQJCSsWfT7wdOetSni3OV0mrNgho,0tSt4SUsOj8fKBL2OwFTAz878S85snjiNnAx7n8z
I9zyEumkNRxIzJ9lhMe24gjeuA05krtaF8GygUHD,G97yzpX8HPnbmrVEC0Aoz2si9mlAiCfZmduqw99n,0tSt4SUsOj8fKBL2OwFTAz878S85snjiNnAx7n8z,hBG5vMBqkXoKVhe5nKFmfjAVyNoGHSr22VXcrkoN,I9zyEumkNRxIzJ9lhMe24gjeuA05krtaF8GygUHD,G97yzpX8HPnbmrVEC0Aoz2si9mlAiCfZmduqw99n
BR0isoSnDlgTmIqukAORkXTz6C9ABpEWp1Yw4Fx6,MOx9AM3J6rnEQQJCSsWfT7wdOetSni3OV0mrNgho,hBG5vMBqkXoKVhe5nKFmfjAVyNoGHSr22VXcrkoN,G0PLr6xT9E96wJTJXQDNB728J4rHnKFKya5jIcwT,BR0isoSnDlgTmIqukAORkXTz6C9ABpEWp1Yw4Fx6,MOx9AM3J6rnEQQJCSsWfT7wdOetSni3OV0mrNgho
0tSt4SUsOj8fKBL2OwFTAz878S85snjiNnAx7n8z,I9zyEumkNRxIzJ9lhMe24gjeuA05krtaF8GygUHD,G0PLr6xT9E96wJTJXQDNB728J4rHnKFKya5jIcwT,G97yzpX8HPnbmrVEC0Aoz2si9mlAiCfZmduqw99n,0tSt4SUsOj8fKBL2OwFTAz878S85snjiNnAx7n8z,I9zyEumkNRxIzJ9lhMe24gjeuA05krtaF8GygUHD
hBG5vMBqkXoKVhe5nKFmfjAVyNoGHSr22VXcrkoN,BR0isoSnDlgTmIqukAORkXTz6C9ABpEWp1Yw4Fx6,DboXcHUzjiTnEyfVzMA8hgefX2B7suIPftuPWSyq,MOx9AM3J6rnEQQJCSsWfT7wdOetSni3OV0mrNgho,hBG5vMBqkXoKVhe5nKFmfjAVyNoGHSr22VXcrkoN,BR0isoSnDlgTmIqukAORkXTz6C9ABpEWp1Yw4Fx6
G0PLr6xT9E96wJTJXQDNB728J4rHnKFKya5jIcwT,0tSt4SUsOj8fKBL2OwFTAz878S85snjiNnAx7n8z,G97yzpX8HPnbmrVEC0Aoz2si9mlAiCfZmduqw99n,I9zyEumkNRxIzJ9lhMe24gjeuA05krtaF8GygUHD,G97yzpX8HPnbmrVEC0Aoz2si9mlAiCfZmduqw99n,0tSt4SUsOj8fKBL2OwFTAz878S85snjiNnAx7n8z
DboXcHUzjiTnEyfVzMA8hgefX2B7suIPftuPWSyq,hBG5vMBqkXoKVhe5nKFmfjAVyNoGHSr22VXcrkoN,MOx9AM3J6rnEQQJCSsWfT7wdOetSni3OV0mrNgho,BR0isoSnDlgTmIqukAORkXTz6C9ABpEWp1Yw4Fx6,MOx9AM3J6rnEQQJCSsWfT7wdOetSni3OV0mrNgho,G97yzpX8HPnbmrVEC0Aoz2si9mlAiCfZmduqw99n
neo9uYRJVawyUm1nyXvQrJxwVqapvXp6gVg6kwxr,G0PLr6xT9E96wJTJXQDNB728J4rHnKFKya5jIcwT,I9zyEumkNRxIzJ9lhMe24gjeuA05krtaF8GygUHD,0tSt4SUsOj8fKBL2OwFTAz878S85snjiNnAx7n8z,I9zyEumkNRxIzJ9lhMe24gjeuA05krtaF8GygUHD,MOx9AM3J6rnEQQJCSsWfT7wdOetSni3OV0mrNgho
G97yzpX8HPnbmrVEC0Aoz2si9mlAiCfZmduqw99n,DboXcHUzjiTnEyfVzMA8hgefX2B7suIPftuPWSyq,BR0isoSnDlgTmIqukAORkXTz6C9ABpEWp1Yw4Fx6,hBG5vMBqkXoKVhe5nKFmfjAVyNoGHSr22VXcrkoN,BR0isoSnDlgTmIqukAORkXTz6C9ABpEWp1Yw4Fx6,I9zyEumkNRxIzJ9lhMe24gjeuA05krtaF8GygUHD
MOx9AM3J6rnEQQJCSsWfT7wdOetSni3OV0mrNgho,neo9uYRJVawyUm1nyXvQrJxwVqapvXp6gVg6kwxr,0tSt4SUsOj8fKBL2OwFTAz878S85snjiNnAx7n8z,G0PLr6xT9E96wJTJXQDNB728J4rHnKFKya5jIcwT,0tSt4SUsOj8fKBL2OwFTAz878S85snjiNnAx7n8z,BR0isoSnDlgTmIqukAORkXTz6C9ABpEWp1Yw4Fx6
I9zyEumkNRxIzJ9lhMe24gjeuA05krtaF8GygUHD,nOgJEtffp9e3P1qN9pqUrIZB0WQ9VIdptmx5wtia,hBG5vMBqkXoKVhe5nKFmfjAVyNoGHSr22VXcrkoN,G97yzpX8HPnbmrVEC0Aoz2si9mlAiCfZmduqw99n,hBG5vMBqkXoKVhe5nKFmfjAVyNoGHSr22VXcrkoN,0tSt4SUsOj8fKBL2OwFTAz878S85snjiNnAx7n8z
BR0isoSnDlgTmIqukAORkXTz6C9ABpEWp1Yw4Fx6,G97yzpX8HPnbmrVEC0Aoz2si9mlAiCfZmduqw99n,G0PLr6xT9E96wJTJXQDNB728J4rHnKFKya5jIcwT,MOx9AM3J6rnEQQJCSsWfT7wdOetSni3OV0mrNgho,G97yzpX8HPnbmrVEC0Aoz2si9mlAiCfZmduqw99n,G97yzpX8HPnbmrVEC0Aoz2si9mlAiCfZmduqw99n
0tSt4SUsOj8fKBL2OwFTAz878S85snjiNnAx7n8z,MOx9AM3J6rnEQQJCSsWfT7wdOetSni3OV0mrNgho,DboXcHUzjiTnEyfVzMA8hgefX2B7suIPftuPWSyq,I9zyEumkNRxIzJ9lhMe24gjeuA05krtaF8GygUHD,MOx9AM3J6rnEQQJCSsWfT7wdOetSni3OV0mrNgho,MOx9AM3J6rnEQQJCSsWfT7wdOetSni3OV0mrNgho
hBG5vMBqkXoKVhe5nKFmfjAVyNoGHSr22VXcrkoN,I9zyEumkNRxIzJ9lhMe24gjeuA05krtaF8GygUHD,G97yzpX8HPnbmrVEC0Aoz2si9mlAiCfZmduqw99n,BR0isoSnDlgTmIqukAORkXTz6C9ABpEWp1Yw4Fx6,I9zyEumkNRxIzJ9lhMe24gjeuA05krtaF8GygUHD,I9zyEumkNRxIzJ9lhMe24gjeuA05krtaF8GygUHD
G0PLr6xT9E96wJTJXQDNB728J4rHnKFKya5jIcwT,BR0isoSnDlgTmIqukAORkXTz6C9ABpEWp1Yw4Fx6,MOx9AM3J6rnEQQJCSsWfT7wdOetSni3OV0mrNgho,0tSt4SUsOj8fKBL2OwFTAz878S85snjiNnAx7n8z,BR0isoSnDlgTmIqukAORkXTz6C9ABpEWp1Yw4Fx6,BR0isoSnDlgTmIqukAORkXTz6C9ABpEWp1Yw4Fx6
DboXcHUzjiTnEyfVzMA8hgefX2B7suIPftuPWSyq,0tSt4SUsOj8fKBL2OwFTAz878S85snjiNnAx7n8z,I9zyEumkNRxIzJ9lhMe24gjeuA05krtaF8GygUHD,hBG5vMBqkXoKVhe5nKFmfjAVyNoGHSr22VXcrkoN,0tSt4SUsOj8fKBL2OwFTAz878S85snjiNnAx7n8z,0tSt4SUsOj8fKBL2OwFTAz878S85snjiNnAx7n8z
neo9uYRJVawyUm1nyXvQrJxwVqapvXp6gVg6kwxr,hBG5vMBqkXoKVhe5nKFmfjAVyNoGHSr22VXcrkoN,BR0isoSnDlgTmIqukAORkXTz6C9ABpEWp1Yw4Fx6,G0PLr6xT9E96wJTJXQDNB728J4rHnKFKya5jIcwT,hBG5vMBqkXoKVhe5nKFmfjAVyNoGHSr22VXcrkoN,G97yzpX8HPnbmrVEC0Aoz2si9mlAiCfZmduqw99n
G97yzpX8HPnbmrVEC0Aoz2si9mlAiCfZmduqw99n,G0PLr6xT9E96wJTJXQDNB728J4rHnKFKya5jIcwT,0tSt4SUsOj8fKBL2OwFTAz878S85snjiNnAx7n8z,G97yzpX8HPnbmrVEC0Aoz2si9mlAiCfZmduqw99n,G97yzpX8HPnbmrVEC0Aoz2si9mlAiCfZmduqw99n,MOx9AM3J6rnEQQJCSsWfT7wdOetSni3OV0mrNgho
MOx9AM3J6rnEQQJCSsWfT7wdOetSni3OV0mrNgho,DboXcHUzjiTnEyfVzMA8hgefX2B7suIPftuPWSyq,hBG5vMBqkXoKVhe5nKFmfjAVyNoGHSr22VXcrkoN,MOx9AM3J6rnEQQJCSsWfT7wdOetSni3OV0mrNgho,MOx9AM3J6rnEQQJCSsWfT7wdOetSni3OV0mrNgho,I9zyEumkNRxIzJ9lhMe24gjeuA05krtaF8GygUHD
I9zyEumkNRxIzJ9lhMe24gjeuA05krtaF8GygUHD,neo9uYRJVawyUm1nyXvQrJxwVqapvXp6gVg6kwxr,G0PLr6xT9E96wJTJXQDNB728J4rHnKFKya5jIcwT,I9zyEumkNRxIzJ9lhMe24gjeuA05krtaF8GygUHD,I9zyEumkNRxIzJ9lhMe24gjeuA05krtaF8GygUHD,BR0isoSnDlgTmIqukAORkXTz6C9ABpEWp1Yw4Fx6
BR0isoSnDlgTmIqukAORkXTz6C9ABpEWp1Yw4Fx6,nOgJEtffp9e3P1qN9pqUrIZB0WQ9VIdptmx5wtia,DboXcHUzjiTnEyfVzMA8hgefX2B7suIPftuPWSyq,BR0isoSnDlgTmIqukAORkXTz6C9ABpEWp1Yw4Fx6,BR0isoSnDlgTmIqukAORkXTz6C9ABpEWp1Yw4Fx6,0tSt4SUsOj8fKBL2OwFTAz878S85snjiNnAx7n8z
0tSt4SUsOj8fKBL2OwFTAz878S85snjiNnAx7n8z,G97yzpX8HPnbmrVEC0Aoz2si9mlAiCfZmduqw99n,G97yzpX8HPnbmrVEC0Aoz2si9mlAiCfZmduqw99n,0tSt4SUsOj8fKBL2OwFTAz878S85snjiNnAx7n8z,0tSt4SUsOj8fKBL2OwFTAz878S85snjiNnAx7n8z,G97yzpX8HPnbmrVEC0Aoz2si9mlAiCfZmduqw99n
hBG5vMBqkXoKVhe5nKFmfjAVyNoGHSr22VXcrkoN,MOx9AM3J6rnEQQJCSsWfT7wdOetSni3OV0mrNgho,MOx9AM3J6rnEQQJCSsWfT7wdOetSni3OV0mrNgho,hBG5vMBqkXoKVhe5nKFmfjAVyNoGHSr22VXcrkoN,hBG5vMBqkXoKVhe5nKFmfjAVyNoGHSr22VXcrkoN,MOx9AM3J6rnEQQJCSsWfT7wdOetSni3OV0mrNgho
G0PLr6xT9E96wJTJXQDNB728J4rHnKFKya5jIcwT,I9zyEumkNRxIzJ9lhMe24gjeuA05krtaF8GygUHD,I9zyEumkNRxIzJ9lhMe24gjeuA05krtaF8GygUHD,G0PLr6xT9E96wJTJXQDNB728J4rHnKFKya5jIcwT,G97yzpX8HPnbmrVEC0Aoz2si9mlAiCfZmduqw99n,I9zyEumkNRxIzJ9lhMe24gjeuA05krtaF8GygUHD
DboXcHUzjiTnEyfVzMA8hgefX2B7suIPftuPWSyq,BR0isoSnDlgTmIqukAORkXTz6C9ABpEWp1Yw4Fx6,BR0isoSnDlgTmIqukAORkXTz6C9ABpEWp1Yw4Fx6,G97yzpX8HPnbmrVEC0Aoz2si9mlAiCfZmduqw99n,MOx9AM3J6rnEQQJCSsWfT7wdOetSni3OV0mrNgho,BR0isoSnDlgTmIqukAORkXTz6C9ABpEWp1Yw4Fx6
neo9uYRJVawyUm1nyXvQrJxwVqapvXp6gVg6kwxr,0tSt4SUsOj8fKBL2OwFTAz878S85snjiNnAx7n8z,0tSt4SUsOj8fKBL2OwFTAz878S85snjiNnAx7n8z,MOx9AM3J6rnEQQJCSsWfT7wdOetSni3OV0mrNgho,I9zyEumkNRxIzJ9lhMe24gjeuA05krtaF8GygUHD,0tSt4SUsOj8fKBL2OwFTAz878S85snjiNnAx7n8z
G97yzpX8HPnbmrVEC0Aoz2si9mlAiCfZmduqw99n,hBG5vMBqkXoKVhe5nKFmfjAVyNoGHSr22VXcrkoN,hBG5vMBqkXoKVhe5nKFmfjAVyNoGHSr22VXcrkoN,I9zyEumkNRxIzJ9lhMe24gjeuA05krtaF8GygUHD,BR0isoSnDlgTmIqukAORkXTz6C9ABpEWp1Yw4Fx6,G97yzpX8HPnbmrVEC0Aoz2si9mlAiCfZmduqw99n
MOx9AM3J6rnEQQJCSsWfT7wdOetSni3OV0mrNgho,G0PLr6xT9E96wJTJXQDNB728J4rHnKFKya5jIcwT,G0PLr6xT9E96wJTJXQDNB728J4rHnKFKya5jIcwT,BR0isoSnDlgTmIqukAORkXTz6C9ABpEWp1Yw4Fx6,0tSt4SUsOj8fKBL2OwFTAz878S85snjiNnAx7n8z,MOx9AM3J6rnEQQJCSsWfT7wdOetSni3OV0mrNgho
I9zyEumkNRxIzJ9lhMe24gjeuA05krtaF8GygUHD,DboXcHUzjiTnEyfVzMA8hgefX2B7suIPftuPWSyq,DboXcHUzjiTnEyfVzMA8hgefX2B7suIPftuPWSyq,0tSt4SUsOj8fKBL2OwFTAz878S85snjiNnAx7n8z,hBG5vMBqkXoKVhe5nKFmfjAVyNoGHSr22VXcrkoN,I9zyEumkNRxIzJ9lhMe24gjeuA05krtaF8GygUHD
BR0isoSnDlgTmIqukAORkXTz6C9ABpEWp1Yw4Fx6,neo9uYRJVawyUm1nyXvQrJxwVqapvXp6gVg6kwxr,G97yzpX8HPnbmrVEC0Aoz2si9mlAiCfZmduqw99n,hBG5vMBqkXoKVhe5nKFmfjAVyNoGHSr22VXcrkoN,G97yzpX8HPnbmrVEC0Aoz2si9mlAiCfZmduqw99n,BR0isoSnDlgTmIqukAORkXTz6C9ABpEWp1Yw4Fx6
0tSt4SUsOj8fKBL2OwFTAz878S85snjiNnAx7n8z,nOgJEtffp9e3P1qN9pqUrIZB0WQ9VIdptmx5wtia,MOx9AM3J6rnEQQJCSsWfT7wdOetSni3OV0mrNgho,G0PLr6xT9E96wJTJXQDNB728J4rHnKFKya5jIcwT,MOx9AM3J6rnEQQJCSsWfT7wdOetSni3OV0mrNgho,0tSt4SUsOj8fKBL2OwFTAz878S85snjiNnAx7n8z
hBG5vMBqkXoKVhe5nKFmfjAVyNoGHSr22VXcrkoN,G97yzpX8HPnbmrVEC0Aoz2si9mlAiCfZmduqw99n,I9zyEumkNRxIzJ9lhMe24gjeuA05krtaF8GygUHD,G97yzpX8HPnbmrVEC0Aoz2si9mlAiCfZmduqw99n,I9zyEumkNRxIzJ9lhMe24gjeuA05krtaF8GygUHD,G97yzpX8HPnbmrVEC0Aoz2si9mlAiCfZmduqw99n
G0PLr6xT9E96wJTJXQDNB728J4rHnKFKya5jIcwT,MOx9AM3J6rnEQQJCSsWfT7wdOetSni3OV0mrNgho,BR0isoSnDlgTmIqukAORkXTz6C9ABpEWp1Yw4Fx6,MOx9AM3J6rnEQQJCSsWfT7wdOetSni3OV0mrNgho,BR0isoSnDlgTmIqukAORkXTz6C9ABpEWp1Yw4Fx6,MOx9AM3J6rnEQQJCSsWfT7wdOetSni3OV0mrNgho
DboXcHUzjiTnEyfVzMA8hgefX2B7suIPftuPWSyq,I9zyEumkNRxIzJ9lhMe24gjeuA05krtaF8GygUHD,0tSt4SUsOj8fKBL2OwFTAz878S85snjiNnAx7n8z,I9zyEumkNRxIzJ9lhMe24gjeuA05krtaF8GygUHD,0tSt4SUsOj8fKBL2OwFTAz878S85snjiNnAx7n8z,I9zyEumkNRxIzJ9lhMe24gjeuA05krtaF8GygUHD
neo9uYRJVawyUm1nyXvQrJxwVqapvXp6gVg6kwxr,BR0isoSnDlgTmIqukAORkXTz6C9ABpEWp1Yw4Fx6,hBG5vMBqkXoKVhe5nKFmfjAVyNoGHSr22VXcrkoN,BR0isoSnDlgTmIqukAORkXTz6C9ABpEWp1Yw4Fx6,hBG5vMBqkXoKVhe5nKFmfjAVyNoGHSr22VXcrkoN,BR0isoSnDlgTmIqukAORkXTz6C9ABpEWp1Yw4Fx6
G97yzpX8HPnbmrVEC0Aoz2si9mlAiCfZmduqw99n,0tSt4SUsOj8fKBL2OwFTAz878S85snjiNnAx7n8z,G0PLr6xT9E96wJTJXQDNB728J4rHnKFKya5jIcwT,0tSt4SUsOj8fKBL2OwFTAz878S85snjiNnAx7n8z,G97yzpX8HPnbmrVEC0Aoz2si9mlAiCfZmduqw99n,0tSt4SUsOj8fKBL2OwFTAz878S85snjiNnAx7n8z
MOx9AM3J6rnEQQJCSsWfT7wdOetSni3OV0mrNgho,hBG5vMBqkXoKVhe5nKFmfjAVyNoGHSr22VXcrkoN,DboXcHUzjiTnEyfVzMA8hgefX2B7suIPftuPWSyq,hBG5vMBqkXoKVhe5nKFmfjAVyNoGHSr22VXcrkoN,MOx9AM3J6rnEQQJCSsWfT7wdOetSni3OV0mrNgho,G97yzpX8HPnbmrVEC0Aoz2si9mlAiCfZmduqw99n
I9zyEumkNRxIzJ9lhMe24gjeuA05krtaF8GygUHD,G0PLr6xT9E96wJTJXQDNB728J4rHnKFKya5jIcwT,G97yzpX8HPnbmrVEC0Aoz2si9mlAiCfZmduqw99n,G0PLr6xT9E96wJTJXQDNB728J4rHnKFKya5jIcwT,I9zyEumkNRxIzJ9lhMe24gjeuA05krtaF8GygUHD,MOx9AM3J6rnEQQJCSsWfT7wdOetSni3OV0mrNgho
BR0isoSnDlgTmIqukAORkXTz6C9ABpEWp1Yw4Fx6,DboXcHUzjiTnEyfVzMA8hgefX2B7suIPftuPWSyq,MOx9AM3J6rnEQQJCSsWfT7wdOetSni3OV0mrNgho,G97yzpX8HPnbmrVEC0Aoz2si9mlAiCfZmduqw99n,BR0isoSnDlgTmIqukAORkXTz6C9ABpEWp1Yw4Fx6,I9zyEumkNRxIzJ9lhMe24gjeuA05krtaF8GygUHD
0tSt4SUsOj8fKBL2OwFTAz878S85snjiNnAx7n8z,neo9uYRJVawyUm1nyXvQrJxwVqapvXp6gVg6kwxr,I9zyEumkNRxIzJ9lhMe24gjeuA05krtaF8GygUHD,MOx9AM3J6rnEQQJCSsWfT7wdOetSni3OV0mrNgho,0tSt4SUsOj8fKBL2OwFTAz878S85snjiNnAx7n8z,BR0isoSnDlgTmIqukAORkXTz6C9ABpEWp1Yw4Fx6
hBG5vMBqkXoKVhe5nKFmfjAVyNoGHSr22VXcrkoN,nOgJEtffp9e3P1qN9pqUrIZB0WQ9VIdptmx5wtia,BR0isoSnDlgTmIqukAORkXTz6C9ABpEWp1Yw4Fx6,I9zyEumkNRxIzJ9lhMe24gjeuA05krtaF8GygUHD,hBG5vMBqkXoKVhe5nKFmfjAVyNoGHSr22VXcrkoN,0tSt4SUsOj8fKBL2OwFTAz878S85snjiNnAx7n8z
G0PLr6xT9E96wJTJXQDNB728J4rHnKFKya5jIcwT,G97yzpX8HPnbmrVEC0Aoz2si9mlAiCfZmduqw99n,0tSt4SUsOj8fKBL2OwFTAz878S85snjiNnAx7n8z,BR0isoSnDlgTmIqukAORkXTz6C9ABpEWp1Yw4Fx6,G97yzpX8HPnbmrVEC0Aoz2si9mlAiCfZmduqw99n,G97yzpX8HPnbmrVEC0Aoz2si9mlAiCfZmduqw99n
DboXcHUzjiTnEyfVzMA8hgefX2B7suIPftuPWSyq,MOx9AM3J6rnEQQJCSsWfT7wdOetSni3OV0mrNgho,hBG5vMBqkXoKVhe5nKFmfjAVyNoGHSr22VXcrkoN,0tSt4SUsOj8fKBL2OwFTAz878S85snjiNnAx7n8z,MOx9AM3J6rnEQQJCSsWfT7wdOetSni3OV0mrNgho,MOx9AM3J6rnEQQJCSsWfT7wdOetSni3OV0mrNgho
neo9uYRJVawyUm1nyXvQrJxwVqapvXp6gVg6kwxr,I9zyEumkNRxIzJ9lhMe24gjeuA05krtaF8GygUHD,G0PLr6xT9E96wJTJXQDNB728J4rHnKFKya5jIcwT,hBG5vMBqkXoKVhe5nKFmfjAVyNoGHSr22VXcrkoN,I9zyEumkNRxIzJ9lhMe24gjeuA05krtaF8GygUHD,I9zyEumkNRxIzJ9lhMe24gjeuA05krtaF8GygUHD
G97yzpX8HPnbmrVEC0Aoz2si9mlAiCfZmduqw99n,BR0isoSnDlgTmIqukAORkXTz6C9ABpEWp1Yw4Fx6,DboXcHUzjiTnEyfVzMA8hgefX2B7suIPftuPWSyq,G0PLr6xT9E96wJTJXQDNB728J4rHnKFKya5jIcwT,BR0isoSnDlgTmIqukAORkXTz6C9ABpEWp1Yw4Fx6,BR0isoSnDlgTmIqukAORkXTz6C9ABpEWp1Yw4Fx6
MOx9AM3J6rnEQQJCSsWfT7wdOetSni3OV0mrNgho,0tSt4SUsOj8fKBL2OwFTAz878S85snjiNnAx7n8z,G97yzpX8HPnbmrVEC0Aoz2si9mlAiCfZmduqw99n,G97yzpX8HPnbmrVEC0Aoz2si9mlAiCfZmduqw99n,0tSt4SUsOj8fKBL2OwFTAz878S85snjiNnAx7n8z,0tSt4SUsOj8fKBL2OwFTAz878S85snjiNnAx7n8z
I9zyEumkNRxIzJ9lhMe24gjeuA05krtaF8GygUHD,hBG5vMBqkXoKVhe5nKFmfjAVyNoGHSr22VXcrkoN,MOx9AM3J6rnEQQJCSsWfT7wdOetSni3OV0mrNgho,MOx9AM3J6rnEQQJCSsWfT7wdOetSni3OV0mrNgho,hBG5vMBqkXoKVhe5nKFmfjAVyNoGHSr22VXcrkoN,G97yzpX8HPnbmrVEC0Aoz2si9mlAiCfZmduqw99n
BR0isoSnDlgTmIqukAORkXTz6C9ABpEWp1Yw4Fx6,G0PLr6xT9E96wJTJXQDNB728J4rHnKFKya5jIcwT,I9zyEumkNRxIzJ9lhMe24gjeuA05krtaF8GygUHD,I9zyEumkNRxIzJ9lhMe24gjeuA05krtaF8GygUHD,G97yzpX8HPnbmrVEC0Aoz2si9mlAiCfZmduqw99n,MOx9AM3J6rnEQQJCSsWfT7wdOetSni3OV0mrNgho
0tSt4SUsOj8fKBL2OwFTAz878S85snjiNnAx7n8z,DboXcHUzjiTnEyfVzMA8hgefX2B7suIPftuPWSyq,BR0isoSnDlgTmIqukAORkXTz6C9ABpEWp1Yw4Fx6,BR0isoSnDlgTmIqukAORkXTz6C9ABpEWp1Yw4Fx6,MOx9AM3J6rnEQQJCSsWfT7wdOetSni3OV0mrNgho,I9zyEumkNRxIzJ9lhMe24gjeuA05krtaF8GygUHD
hBG5vMBqkXoKVhe5nKFmfjAVyNoGHSr22VXcrkoN,neo9uYRJVawyUm1nyXvQrJxwVqapvXp6gVg6kwxr,0tSt4SUsOj8fKBL2OwFTAz878S85snjiNnAx7n8z,0tSt4SUsOj8fKBL2OwFTAz878S85snjiNnAx7n8z,I9zyEumkNRxIzJ9lhMe24gjeuA05krtaF8GygUHD,BR0isoSnDlgTmIqukAORkXTz6C9ABpEWp1Yw4Fx6
G0PLr6xT9E96wJTJXQDNB728J4rHnKFKya5jIcwT,nOgJEtffp9e3P1qN9pqUrIZB0WQ9VIdptmx5wtia,hBG5vMBqkXoKVhe5nKFmfjAVyNoGHSr22VXcrkoN,hBG5vMBqkXoKVhe5nKFmfjAVyNoGHSr22VXcrkoN,BR0isoSnDlgTmIqukAORkXTz6C9ABpEWp1Yw4Fx6,0tSt4SUsOj8fKBL2OwFTAz878S85snjiNnAx7n8z
DboXcHUzjiTnEyfVzMA8hgefX2B7suIPftuPWSyq,G97yzpX8HPnbmrVEC0Aoz2si9mlAiCfZmduqw99n,G0PLr6xT9E96wJTJXQDNB728J4rHnKFKya5jIcwT,G0PLr6xT9E96wJTJXQDNB728J4rHnKFKya5jIcwT,0tSt4SUsOj8fKBL2OwFTAz878S85snjiNnAx7n8z,G97yzpX8HPnbmrVEC0Aoz2si9mlAiCfZmduqw99n
neo9uYRJVawyUm1nyXvQrJxwVqapvXp6gVg6kwxr,MOx9AM3J6rnEQQJCSsWfT7wdOetSni3OV0mrNgho,DboXcHUzjiTnEyfVzMA8hgefX2B7suIPftuPWSyq,G97yzpX8HPnbmrVEC0Aoz2si9mlAiCfZmduqw99n,hBG5vMBqkXoKVhe5nKFmfjAVyNoGHSr22VXcrkoN,MOx9AM3J6rnEQQJCSsWfT7wdOetSni3OV0mrNgho
G97yzpX8HPnbmrVEC0Aoz2si9mlAiCfZmduqw99n,I9zyEumkNRxIzJ9lhMe24gjeuA05krtaF8GygUHD,G97yzpX8HPnbmrVEC0Aoz2si9mlAiCfZmduqw99n,MOx9AM3J6rnEQQJCSsWfT7wdOetSni3OV0mrNgho,G97yzpX8HPnbmrVEC0Aoz2si9mlAiCfZmduqw99n,I9zyEumkNRxIzJ9lhMe24gjeuA05krtaF8GygUHD
MOx9AM3J6rnEQQJCSsWfT7wdOetSni3OV0mrNgho,BR0isoSnDlgTmIqukAORkXTz6C9ABpEWp1Yw4Fx6,MOx9AM3J6rnEQQJCSsWfT7wdOetSni3OV0mrNgho,I9zyEumkNRxIzJ9lhMe24gjeuA05krtaF8GygUHD,MOx9AM3J6rnEQQJCSsWfT7wdOetSni3OV0mrNgho,BR0isoSnDlgTmIqukAORkXTz6C9ABpEWp1Yw4Fx6
I9zyEumkNRxIzJ9lhMe24gjeuA05krtaF8GygUHD,0tSt4SUsOj8fKBL2OwFTAz878S85snjiNnAx7n8z,I9zyEumkNRxIzJ9lhMe24gjeuA05krtaF8GygUHD,BR0isoSnDlgTmIqukAORkXTz6C9ABpEWp1Yw4Fx6,I9zyEumkNRxIzJ9lhMe24gjeuA05krtaF8GygUHD,0tSt4SUsOj8fKBL2OwFTAz878S85snjiNnAx7n8z
BR0isoSnDlgTmIqukAORkXTz6C9ABpEWp1Yw4Fx6,hBG5vMBqkXoKVhe5nKFmfjAVyNoGHSr22VXcrkoN,BR0isoSnDlgTmIqukAORkXTz6C9ABpEWp1Yw4Fx6,0tSt4SUsOj8fKBL2OwFTAz878S85snjiNnAx7n8z,BR0isoSnDlgTmIqukAORkXTz6C9ABpEWp1Yw4Fx6,G97yzpX8HPnbmrVEC0Aoz2si9mlAiCfZmduqw99n
0tSt4SUsOj8fKBL2OwFTAz878S85snjiNnAx7n8z,G0PLr6xT9E96wJTJXQDNB728J4rHnKFKya5jIcwT,0tSt4SUsOj8fKBL2OwFTAz878S85snjiNnAx7n8z,hBG5vMBqkXoKVhe5nKFmfjAVyNoGHSr22VXcrkoN,0tSt4SUsOj8fKBL2OwFTAz878S85snjiNnAx7n8z,MOx9AM3J6rnEQQJCSsWfT7wdOetSni3OV0mrNgho
hBG5vMBqkXoKVhe5nKFmfjAVyNoGHSr22VXcrkoN,DboXcHUzjiTnEyfVzMA8hgefX2B7suIPftuPWSyq,hBG5vMBqkXoKVhe5nKFmfjAVyNoGHSr22VXcrkoN,G0PLr6xT9E96wJTJXQDNB728J4rHnKFKya5jIcwT,hBG5vMBqkXoKVhe5nKFmfjAVyNoGHSr22VXcrkoN,I9zyEumkNRxIzJ9lhMe24gjeuA05krtaF8GygUHD
G0PLr6xT9E96wJTJXQDNB728J4rHnKFKya5jIcwT,neo9uYRJVawyUm1nyXvQrJxwVqapvXp6gVg6kwxr,G0PLr6xT9E96wJTJXQDNB728J4rHnKFKya5jIcwT,G97yzpX8HPnbmrVEC0Aoz2si9mlAiCfZmduqw99n,G97yzpX8HPnbmrVEC0Aoz2si9mlAiCfZmduqw99n,BR0isoSnDlgTmIqukAORkXTz6C9ABpEWp1Yw4Fx6
DboXcHUzjiTnEyfVzMA8hgefX2B7suIPftuPWSyq,nOgJEtffp9e3P1qN9pqUrIZB0WQ9VIdptmx5wtia,DboXcHUzjiTnEyfVzMA8hgefX2B7suIPftuPWSyq,MOx9AM3J6rnEQQJCSsWfT7wdOetSni3OV0mrNgho,MOx9AM3J6rnEQQJCSsWfT7wdOetSni3OV0mrNgho,0tSt4SUsOj8fKBL2OwFTAz878S85snjiNnAx7n8z
neo9uYRJVawyUm1nyXvQrJxwVqapvXp6gVg6kwxr,G97yzpX8HPnbmrVEC0Aoz2si9mlAiCfZmduqw99n,G97yzpX8HPnbmrVEC0Aoz2si9mlAiCfZmduqw99n,I9zyEumkNRxIzJ9lhMe24gjeuA05krtaF8GygUHD,I9zyEumkNRxIzJ9lhMe24gjeuA05krtaF8GygUHD,G97yzpX8HPnbmrVEC0Aoz2si9mlAiCfZmduqw99n
G97yzpX8HPnbmrVEC0Aoz2si9mlAiCfZmduqw99n,MOx9AM3J6rnEQQJCSsWfT7wdOetSni3OV0mrNgho,MOx9AM3J6rnEQQJCSsWfT7wdOetSni3OV0mrNgho,BR0isoSnDlgTmIqukAORkXTz6C9ABpEWp1Yw4Fx6,BR0isoSnDlgTmIqukAORkXTz6C9ABpEWp1Yw4Fx6,MOx9AM3J6rnEQQJCSsWfT7wdOetSni3OV0mrNgho
MOx9AM3J6rnEQQJCSsWfT7wdOetSni3OV0mrNgho,I9zyEumkNRxIzJ9lhMe24gjeuA05krtaF8GygUHD,I9zyEumkNRxIzJ9lhMe24gjeuA05krtaF8GygUHD,0tSt4SUsOj8fKBL2OwFTAz878S85snjiNnAx7n8z,0tSt4SUsOj8fKBL2OwFTAz878S85snjiNnAx7n8z,I9zyEumkNRxIzJ9lhMe24gjeuA05krtaF8GygUHD
I9zyEumkNRxIzJ9lhMe24gjeuA05krtaF8GygUHD,BR0isoSnDlgTmIqukAORkXTz6C9ABpEWp1Yw4Fx6,BR0isoSnDlgTmIqukAORkXTz6C9ABpEWp1Yw4Fx6,hBG5vMBqkXoKVhe5nKFmfjAVyNoGHSr22VXcrkoN,hBG5vMBqkXoKVhe5nKFmfjAVyNoGHSr22VXcrkoN,BR0isoSnDlgTmIqukAORkXTz6C9ABpEWp1Yw4Fx6
BR0isoSnDlgTmIqukAORkXTz6C9ABpEWp1Yw4Fx6,0tSt4SUsOj8fKBL2OwFTAz878S85snjiNnAx7n8z,0tSt4SUsOj8fKBL2OwFTAz878S85snjiNnAx7n8z,G0PLr6xT9E96wJTJXQDNB728J4rHnKFKya5jIcwT,G97yzpX8HPnbmrVEC0Aoz2si9mlAiCfZmduqw99n,0tSt4SUsOj8fKBL2OwFTAz878S85snjiNnAx7n8z
0tSt4SUsOj8fKBL2OwFTAz878S85snjiNnAx7n8z,hBG5vMBqkXoKVhe5nKFmfjAVyNoGHSr22VXcrkoN,hBG5vMBqkXoKVhe5nKFmfjAVyNoGHSr22VXcrkoN,G97yzpX8HPnbmrVEC0Aoz2si9mlAiCfZmduqw99n,MOx9AM3J6rnEQQJCSsWfT7wdOetSni3OV0mrNgho,G97yzpX8HPnbmrVEC0Aoz2si9mlAiCfZmduqw99n
hBG5vMBqkXoKVhe5nKFmfjAVyNoGHSr22VXcrkoN,G0PLr6xT9E96wJTJXQDNB728J4rHnKFKya5jIcwT,G0PLr6xT9E96wJTJXQDNB728J4rHnKFKya5jIcwT,MOx9AM3J6rnEQQJCSsWfT7wdOetSni3OV0mrNgho,I9zyEumkNRxIzJ9lhMe24gjeuA05krtaF8GygUHD,MOx9AM3J6rnEQQJCSsWfT7wdOetSni3OV0mrNgho
G0PLr6xT9E96wJTJXQDNB728J4rHnKFKya5jIcwT,DboXcHUzjiTnEyfVzMA8hgefX2B7suIPftuPWSyq,DboXcHUzjiTnEyfVzMA8hgefX2B7suIPftuPWSyq,I9zyEumkNRxIzJ9lhMe24gjeuA05krtaF8GygUHD,BR0isoSnDlgTmIqukAORkXTz6C9ABpEWp1Yw4Fx6,I9zyEumkNRxIzJ9lhMe24gjeuA05krtaF8GygUHD
DboXcHUzjiTnEyfVzMA8hgefX2B7suIPftuPWSyq,neo9uYRJVawyUm1nyXvQrJxwVqapvXp6gVg6kwxr,G97yzpX8HPnbmrVEC0Aoz2si9mlAiCfZmduqw99n,BR0isoSnDlgTmIqukAORkXTz6C9ABpEWp1Yw4Fx6,0tSt4SUsOj8fKBL2OwFTAz878S85snjiNnAx7n8z,BR0isoSnDlgTmIqukAORkXTz6C9ABpEWp1Yw4Fx6
neo9uYRJVawyUm1nyXvQrJxwVqapvXp6gVg6kwxr,nOgJEtffp9e3P1qN9pqUrIZB0WQ9VIdptmx5wtia,MOx9AM3J6rnEQQJCSsWfT7wdOetSni3OV0mrNgho,0tSt4SUsOj8fKBL2OwFTAz878S85snjiNnAx7n8z,hBG5vMBqkXoKVhe5nKFmfjAVyNoGHSr22VXcrkoN,0tSt4SUsOj8fKBL2OwFTAz878S85snjiNnAx7n8z
G97yzpX8HPnbmrVEC0Aoz2si9mlAiCfZmduqw99n,G97yzpX8HPnbmrVEC0Aoz2si9mlAiCfZmduqw99n,I9zyEumkNRxIzJ9lhMe24gjeuA05krtaF8GygUHD,hBG5vMBqkXoKVhe5nKFmfjAVyNoGHSr22VXcrkoN,G97yzpX8HPnbmrVEC0Aoz2si9mlAiCfZmduqw99n,G97yzpX8HPnbmrVEC0Aoz2si9mlAiCfZmduqw99n
MOx9AM3J6rnEQQJCSsWfT7wdOetSni3OV0mrNgho,MOx9AM3J6rnEQQJCSsWfT7wdOetSni3OV0mrNgho,BR0isoSnDlgTmIqukAORkXTz6C9ABpEWp1Yw4Fx6,G0PLr6xT9E96wJTJXQDNB728J4rHnKFKya5jIcwT,MOx9AM3J6rnEQQJCSsWfT7wdOetSni3OV0mrNgho,MOx9AM3J6rnEQQJCSsWfT7wdOetSni3OV0mrNgho
I9zyEumkNRxIzJ9lhMe24gjeuA05krtaF8GygUHD,I9zyEumkNRxIzJ9lhMe24gjeuA05krtaF8GygUHD,0tSt4SUsOj8fKBL2OwFTAz878S85snjiNnAx7n8z,G97yzpX8HPnbmrVEC0Aoz2si9mlAiCfZmduqw99n,I9zyEumkNRxIzJ9lhMe24gjeuA05krtaF8GygUHD,I9zyEumkNRxIzJ9lhMe24gjeuA05krtaF8GygUHD
BR0isoSnDlgTmIqukAORkXTz6C9ABpEWp1Yw4Fx6,BR0isoSnDlgTmIqukAORkXTz6C9ABpEWp1Yw4Fx6,hBG5vMBqkXoKVhe5nKFmfjAVyNoGHSr22VXcrkoN,MOx9AM3J6rnEQQJCSsWfT7wdOetSni3OV0mrNgho,BR0isoSnDlgTmIqukAORkXTz6C9ABpEWp1Yw4Fx6,BR0isoSnDlgTmIqukAORkXTz6C9ABpEWp1Yw4Fx6
0tSt4SUsOj8fKBL2OwFTAz878S85snjiNnAx7n8z,0tSt4SUsOj8fKBL2OwFTAz878S85snjiNnAx7n8z,G0PLr6xT9E96wJTJXQDNB728J4rHnKFKya5jIcwT,I9zyEumkNRxIzJ9lhMe24gjeuA05krtaF8GygUHD,0tSt4SUsOj8fKBL2OwFTAz878S85snjiNnAx7n8z,0tSt4SUsOj8fKBL2OwFTAz878S85snjiNnAx7n8z
hBG5vMBqkXoKVhe5nKFmfjAVyNoGHSr22VXcrkoN,hBG5vMBqkXoKVhe5nKFmfjAVyNoGHSr22VXcrkoN,DboXcHUzjiTnEyfVzMA8hgefX2B7suIPftuPWSyq,BR0isoSnDlgTmIqukAORkXTz6C9ABpEWp1Yw4Fx6,hBG5vMBqkXoKVhe5nKFmfjAVyNoGHSr22VXcrkoN,G97yzpX8HPnbmrVEC0Aoz2si9mlAiCfZmduqw99n
G0PLr6xT9E96wJTJXQDNB728J4rHnKFKya5jIcwT,G0PLr6xT9E96wJTJXQDNB728J4rHnKFKya5jIcwT,G97yzpX8HPnbmrVEC0Aoz2si9mlAiCfZmduqw99n,0tSt4SUsOj8fKBL2OwFTAz878S85snjiNnAx7n8z,G97yzpX8HPnbmrVEC0Aoz2si9mlAiCfZmduqw99n,MOx9AM3J6rnEQQJCSsWfT7wdOetSni3OV0mrNgho
DboXcHUzjiTnEyfVzMA8hgefX2B7suIPftuPWSyq,DboXcHUzjiTnEyfVzMA8hgefX2B7suIPftuPWSyq,MOx9AM3J6rnEQQJCSsWfT7wdOetSni3OV0mrNgho,hBG5vMBqkXoKVhe5nKFmfjAVyNoGHSr22VXcrkoN,MOx9AM3J6rnEQQJCSsWfT7wdOetSni3OV0mrNgho,I9zyEumkNRxIzJ9lhMe24gjeuA05krtaF8GygUHD
neo9uYRJVawyUm1nyXvQrJxwVqapvXp6gVg6kwxr,neo9uYRJVawyUm1nyXvQrJxwVqapvXp6gVg6kwxr,I9zyEumkNRxIzJ9lhMe24gjeuA05krtaF8GygUHD,G0PLr6xT9E96wJTJXQDNB728J4rHnKFKya5jIcwT,I9zyEumkNRxIzJ9lhMe24gjeuA05krtaF8GygUHD,BR0isoSnDlgTmIqukAORkXTz6C9ABpEWp1Yw4Fx6
G97yzpX8HPnbmrVEC0Aoz2si9mlAiCfZmduqw99n,nOgJEtffp9e3P1qN9pqUrIZB0WQ9VIdptmx5wtia,BR0isoSnDlgTmIqukAORkXTz6C9ABpEWp1Yw4Fx6,G97yzpX8HPnbmrVEC0Aoz2si9mlAiCfZmduqw99n,BR0isoSnDlgTmIqukAORkXTz6C9ABpEWp1Yw4Fx6,0tSt4SUsOj8fKBL2OwFTAz878S85snjiNnAx7n8z
MOx9AM3J6rnEQQJCSsWfT7wdOetSni3OV0mrNgho,G97yzpX8HPnbmrVEC0Aoz2si9mlAiCfZmduqw99n,0tSt4SUsOj8fKBL2OwFTAz878S85snjiNnAx7n8z,MOx9AM3J6rnEQQJCSsWfT7wdOetSni3OV0mrNgho,0tSt4SUsOj8fKBL2OwFTAz878S85snjiNnAx7n8z,G97yzpX8HPnbmrVEC0Aoz2si9mlAiCfZmduqw99n
I9zyEumkNRxIzJ9lhMe24gjeuA05krtaF8GygUHD,MOx9AM3J6rnEQQJCSsWfT7wdOetSni3OV0mrNgho,hBG5vMBqkXoKVhe5nKFmfjAVyNoGHSr22VXcrkoN,I9zyEumkNRxIzJ9lhMe24gjeuA05krtaF8GygUHD,hBG5vMBqkXoKVhe5nKFmfjAVyNoGHSr22VXcrkoN,MOx9AM3J6rnEQQJCSsWfT7wdOetSni3OV0mrNgho
BR0isoSnDlgTmIqukAORkXTz6C9ABpEWp1Yw4Fx6,I9zyEumkNRxIzJ9lhMe24gjeuA05krtaF8GygUHD,G0PLr6xT9E96wJTJXQDNB728J4rHnKFKya5jIcwT,BR0isoSnDlgTmIqukAORkXTz6C9ABpEWp1Yw4Fx6,G97yzpX8HPnbmrVEC0Aoz2si9mlAiCfZmduqw99n,I9zyEumkNRxIzJ9lhMe24gjeuA05krtaF8GygUHD
0tSt4SUsOj8fKBL2OwFTAz878S85snjiNnAx7n8z,BR0isoSnDlgTmIqukAORkXTz6C9ABpEWp1Yw4Fx6,DboXcHUzjiTnEyfVzMA8hgefX2B7suIPftuPWSyq,0tSt4SUsOj8fKBL2OwFTAz878S85snjiNnAx7n8z,MOx9AM3J6rnEQQJCSsWfT7wdOetSni3OV0mrNgho,BR0isoSnDlgTmIqukAORkXTz6C9ABpEWp1Yw4Fx6
hBG5vMBqkXoKVhe5nKFmfjAVyNoGHSr22VXcrkoN,0tSt4SUsOj8fKBL2OwFTAz878S85snjiNnAx7n8z,G97yzpX8HPnbmrVEC0Aoz2si9mlAiCfZmduqw99n,hBG5vMBqkXoKVhe5nKFmfjAVyNoGHSr22VXcrkoN,I9zyEumkNRxIzJ9lhMe24gjeuA05krtaF8GygUHD,0tSt4SUsOj8fKBL2OwFTAz878S85snjiNnAx7n8z
G0PLr6xT9E96wJTJXQDNB728J4rHnKFKya5jIcwT,hBG5vMBqkXoKVhe5nKFmfjAVyNoGHSr22VXcrkoN,MOx9AM3J6rnEQQJCSsWfT7wdOetSni3OV0mrNgho,G0PLr6xT9E96wJTJXQDNB728J4rHnKFKya5jIcwT,BR0isoSnDlgTmIqukAORkXTz6C9ABpEWp1Yw4Fx6,G97yzpX8HPnbmrVEC0Aoz2si9mlAiCfZmduqw99n
DboXcHUzjiTnEyfVzMA8hgefX2B7suIPftuPWSyq,G0PLr6xT9E96wJTJXQDNB728J4rHnKFKya5jIcwT,I9zyEumkNRxIzJ9lhMe24gjeuA05krtaF8GygUHD,G97yzpX8HPnbmrVEC0Aoz2si9mlAiCfZmduqw99n,0tSt4SUsOj8fKBL2OwFTAz878S85snjiNnAx7n8z,MOx9AM3J6rnEQQJCSsWfT7wdOetSni3OV0mrNgho
neo9uYRJVawyUm1nyXvQrJxwVqapvXp6gVg6kwxr,DboXcHUzjiTnEyfVzMA8hgefX2B7suIPftuPWSyq,BR0isoSnDlgTmIqukAORkXTz6C9ABpEWp1Yw4Fx6,MOx9AM3J6rnEQQJCSsWfT7wdOetSni3OV0mrNgho,hBG5vMBqkXoKVhe5nKFmfjAVyNoGHSr22VXcrkoN,I9zyEumkNRxIzJ9lhMe24gjeuA05krtaF8GygUHD
G97yzpX8HPnbmrVEC0Aoz2si9mlAiCfZmduqw99n,neo9uYRJVawyUm1nyXvQrJxwVqapvXp6gVg6kwxr,0tSt4SUsOj8fKBL2OwFTAz878S85snjiNnAx7n8z,I9zyEumkNRxIzJ9lhMe24gjeuA05krtaF8GygUHD,G97yzpX8HPnbmrVEC0Aoz2si9mlAiCfZmduqw99n,BR0isoSnDlgTmIqukAORkXTz6C9ABpEWp1Yw4Fx6
MOx9AM3J6rnEQQJCSsWfT7wdOetSni3OV0mrNgho,nOgJEtffp9e3P1qN9pqUrIZB0WQ9VIdptmx5wtia,hBG5vMBqkXoKVhe5nKFmfjAVyNoGHSr22VXcrkoN,BR0isoSnDlgTmIqukAORkXTz6C9ABpEWp1Yw4Fx6,MOx9AM3J6rnEQQJCSsWfT7wdOetSni3OV0mrNgho,0tSt4SUsOj8fKBL2OwFTAz878S85snjiNnAx7n8z
I9zyEumkNRxIzJ9lhMe24gjeuA05krtaF8GygUHD,G97yzpX8HPnbmrVEC0Aoz2si9mlAiCfZmduqw99n,G0PLr6xT9E96wJTJXQDNB728J4rHnKFKya5jIcwT,0tSt4SUsOj8fKBL2OwFTAz878S85snjiNnAx7n8z,I9zyEumkNRxIzJ9lhMe24gjeuA05krtaF8GygUHD,G97yzpX8HPnbmrVEC0Aoz2si9mlAiCfZmduqw99n
BR0isoSnDlgTmIqukAORkXTz6C9ABpEWp1Yw4Fx6,MOx9AM3J6rnEQQJCSsWfT7wdOetSni3OV0mrNgho,DboXcHUzjiTnEyfVzMA8hgefX2B7suIPftuPWSyq,hBG5vMBqkXoKVhe5nKFmfjAVyNoGHSr22VXcrkoN,BR0isoSnDlgTmIqukAORkXTz6C9ABpEWp1Yw4Fx6,MOx9AM3J6rnEQQJCSsWfT7wdOetSni3OV0mrNgho
0tSt4SUsOj8fKBL2OwFTAz878S85snjiNnAx7n8z,I9zyEumkNRxIzJ9lhMe24gjeuA05krtaF8GygUHD,G97yzpX8HPnbmrVEC0Aoz2si9mlAiCfZmduqw99n,G0PLr6xT9E96wJTJXQDNB728J4rHnKFKya5jIcwT,0tSt4SUsOj8fKBL2OwFTAz878S85snjiNnAx7n8z,I9zyEumkNRxIzJ9lhMe24gjeuA05krtaF8GygUHD
hBG5vMBqkXoKVhe5nKFmfjAVyNoGHSr22VXcrkoN,BR0isoSnDlgTmIqukAORkXTz6C9ABpEWp1Yw4Fx6,MOx9AM3J6rnEQQJCSsWfT7wdOetSni3OV0mrNgho,G97yzpX8HPnbmrVEC0Aoz2si9mlAiCfZmduqw99n,hBG5vMBqkXoKVhe5nKFmfjAVyNoGHSr22VXcrkoN,BR0isoSnDlgTmIqukAORkXTz6C9ABpEWp1Yw4Fx6
G0PLr6xT9E96wJTJXQDNB728J4rHnKFKya5jIcwT,0tSt4SUsOj8fKBL2OwFTAz878S85snjiNnAx7n8z,I9zyEumkNRxIzJ9lhMe24gjeuA05krtaF8GygUHD,MOx9AM3J6rnEQQJCSsWfT7wdOetSni3OV0mrNgho,G97yzpX8HPnbmrVEC0Aoz2si9mlAiCfZmduqw99n,0tSt4SUsOj8fKBL2OwFTAz878S85snjiNnAx7n8z
DboXcHUzjiTnEyfVzMA8hgefX2B7suIPftuPWSyq,hBG5vMBqkXoKVhe5nKFmfjAVyNoGHSr22VXcrkoN,BR0isoSnDlgTmIqukAORkXTz6C9ABpEWp1Yw4Fx6,I9zyEumkNRxIzJ9lhMe24gjeuA05krtaF8GygUHD,MOx9AM3J6rnEQQJCSsWfT7wdOetSni3OV0mrNgho,G97yzpX8HPnbmrVEC0Aoz2si9mlAiCfZmduqw99n
neo9uYRJVawyUm1nyXvQrJxwVqapvXp6gVg6kwxr,G0PLr6xT9E96wJTJXQDNB728J4rHnKFKya5jIcwT,0tSt4SUsOj8fKBL2OwFTAz878S85snjiNnAx7n8z,BR0isoSnDlgTmIqukAORkXTz6C9ABpEWp1Yw4Fx6,I9zyEumkNRxIzJ9lhMe24gjeuA05krtaF8GygUHD,MOx9AM3J6rnEQQJCSsWfT7wdOetSni3OV0mrNgho
G97yzpX8HPnbmrVEC0Aoz2si9mlAiCfZmduqw99n,DboXcHUzjiTnEyfVzMA8hgefX2B7suIPftuPWSyq,hBG5vMBqkXoKVhe5nKFmfjAVyNoGHSr22VXcrkoN,0tSt4SUsOj8fKBL2OwFTAz878S85snjiNnAx7n8z,BR0isoSnDlgTmIqukAORkXTz6C9ABpEWp1Yw4Fx6,I9zyEumkNRxIzJ9lhMe24gjeuA05krtaF8GygUHD
MOx9AM3J6rnEQQJCSsWfT7wdOetSni3OV0mrNgho,neo9uYRJVawyUm1nyXvQrJxwVqapvXp6gVg6kwxr,G0PLr6xT9E96wJTJXQDNB728J4rHnKFKya5jIcwT,hBG5vMBqkXoKVhe5nKFmfjAVyNoGHSr22VXcrkoN,0tSt4SUsOj8fKBL2OwFTAz878S85snjiNnAx7n8z,BR0isoSnDlgTmIqukAORkXTz6C9ABpEWp1Yw4Fx6
I9zyEumkNRxIzJ9lhMe24gjeuA05krtaF8GygUHD,nOgJEtffp9e3P1qN9pqUrIZB0WQ9VIdptmx5wtia,DboXcHUzjiTnEyfVzMA8hgefX2B7suIPftuPWSyq,G0PLr6xT9E96wJTJXQDNB728J4rHnKFKya5jIcwT,hBG5vMBqkXoKVhe5nKFmfjAVyNoGHSr22VXcrkoN,0tSt4SUsOj8fKBL2OwFTAz878S85snjiNnAx7n8z
BR0isoSnDlgTmIqukAORkXTz6C9ABpEWp1Yw4Fx6,G97yzpX8HPnbmrVEC0Aoz2si9mlAiCfZmduqw99n,G97yzpX8HPnbmrVEC0Aoz2si9mlAiCfZmduqw99n,G97yzpX8HPnbmrVEC0Aoz2si9mlAiCfZmduqw99n,G97yzpX8HPnbmrVEC0Aoz2si9mlAiCfZmduqw99n,G97yzpX8HPnbmrVEC0Aoz2si9mlAiCfZmduqw99n
0tSt4SUsOj8fKBL2OwFTAz878S85snjiNnAx7n8z,MOx9AM3J6rnEQQJCSsWfT7wdOetSni3OV0mrNgho,MOx9AM3J6rnEQQJCSsWfT7wdOetSni3OV0mrNgho,MOx9AM3J6rnEQQJCSsWfT7wdOetSni3OV0mrNgho,MOx9AM3J6rnEQQJCSsWfT7wdOetSni3OV0mrNgho,MOx9AM3J6rnEQQJCSsWfT7wdOetSni3OV0mrNgho
hBG5vMBqkXoKVhe5nKFmfjAVyNoGHSr22VXcrkoN,I9zyEumkNRxIzJ9lhMe24gjeuA05krtaF8GygUHD,I9zyEumkNRxIzJ9lhMe24gjeuA05krtaF8GygUHD,I9zyEumkNRxIzJ9lhMe24gjeuA05krtaF8GygUHD,I9zyEumkNRxIzJ9lhMe24gjeuA05krtaF8GygUHD,I9zyEumkNRxIzJ9lhMe24gjeuA05krtaF8GygUHD
G0PLr6xT9E96wJTJXQDNB728J4rHnKFKya5jIcwT,BR0isoSnDlgTmIqukAORkXTz6C9ABpEWp1Yw4Fx6,BR0isoSnDlgTmIqukAORkXTz6C9ABpEWp1Yw4Fx6,BR0isoSnDlgTmIqukAORkXTz6C9ABpEWp1Yw4Fx6,BR0isoSnDlgTmIqukAORkXTz6C9ABpEWp1Yw4Fx6,BR0isoSnDlgTmIqukAORkXTz6C9ABpEWp1Yw4Fx6
DboXcHUzjiTnEyfVzMA8hgefX2B7suIPftuPWSyq,0tSt4SUsOj8fKBL2OwFTAz878S85snjiNnAx7n8z,0tSt4SUsOj8fKBL2OwFTAz878S85snjiNnAx7n8z,0tSt4SUsOj8fKBL2OwFTAz878S85snjiNnAx7n8z,0tSt4SUsOj8fKBL2OwFTAz878S85snjiNnAx7n8z,0tSt4SUsOj8fKBL2OwFTAz878S85snjiNnAx7n8z
neo9uYRJVawyUm1nyXvQrJxwVqapvXp6gVg6kwxr,hBG5vMBqkXoKVhe5nKFmfjAVyNoGHSr22VXcrkoN,hBG5vMBqkXoKVhe5nKFmfjAVyNoGHSr22VXcrkoN,hBG5vMBqkXoKVhe5nKFmfjAVyNoGHSr22VXcrkoN,hBG5vMBqkXoKVhe5nKFmfjAVyNoGHSr22VXcrkoN,G97yzpX8HPnbmrVEC0Aoz2si9mlAiCfZmduqw99n
G97yzpX8HPnbmrVEC0Aoz2si9mlAiCfZmduqw99n,G0PLr6xT9E96wJTJXQDNB728J4rHnKFKya5jIcwT,G0PLr6xT9E96wJTJXQDNB728J4rHnKFKya5jIcwT,G0PLr6xT9E96wJTJXQDNB728J4rHnKFKya5jIcwT,G97yzpX8HPnbmrVEC0Aoz2si9mlAiCfZmduqw99n,MOx9AM3J6rnEQQJCSsWfT7wdOetSni3OV0mrNgho
MOx9AM3J6rnEQQJCSsWfT7wdOetSni3OV0mrNgho,DboXcHUzjiTnEyfVzMA8hgefX2B7suIPftuPWSyq,DboXcHUzjiTnEyfVzMA8hgefX2B7suIPftuPWSyq,G97yzpX8HPnbmrVEC0Aoz2si9mlAiCfZmduqw99n,MOx9AM3J6rnEQQJCSsWfT7wdOetSni3OV0mrNgho,I9zyEumkNRxIzJ9lhMe24gjeuA05krtaF8GygUHD
I9zyEumkNRxIzJ9lhMe24gjeuA05krtaF8GygUHD,neo9uYRJVawyUm1nyXvQrJxwVqapvXp6gVg6kwxr,G97yzpX8HPnbmrVEC0Aoz2si9mlAiCfZmduqw99n,MOx9AM3J6rnEQQJCSsWfT7wdOetSni3OV0mrNgho,I9zyEumkNRxIzJ9lhMe24gjeuA05krtaF8GygUHD,BR0isoSnDlgTmIqukAORkXTz6C9ABpEWp1Yw4Fx6
BR0isoSnDlgTmIqukAORkXTz6C9ABpEWp1Yw4Fx6,nOgJEtffp9e3P1qN9pqUrIZB0WQ9VIdptmx5wtia,MOx9AM3J6rnEQQJCSsWfT7wdOetSni3OV0mrNgho,I9zyEumkNRxIzJ9lhMe24gjeuA05krtaF8GygUHD,BR0isoSnDlgTmIqukAORkXTz6C9ABpEWp1Yw4Fx6,0tSt4SUsOj8fKBL2OwFTAz878S85snjiNnAx7n8z
0tSt4SUsOj8fKBL2OwFTAz878S85snjiNnAx7n8z,G97yzpX8HPnbmrVEC0Aoz2si9mlAiCfZmduqw99n,I9zyEumkNRxIzJ9lhMe24gjeuA05krtaF8GygUHD,BR0isoSnDlgTmIqukAORkXTz6C9ABpEWp1Yw4Fx6,0tSt4SUsOj8fKBL2OwFTAz878S85snjiNnAx7n8z,G97yzpX8HPnbmrVEC0Aoz2si9mlAiCfZmduqw99n
hBG5vMBqkXoKVhe5nKFmfjAVyNoGHSr22VXcrkoN,MOx9AM3J6rnEQQJCSsWfT7wdOetSni3OV0mrNgho,BR0isoSnDlgTmIqukAORkXTz6C9ABpEWp1Yw4Fx6,0tSt4SUsOj8fKBL2OwFTAz878S85snjiNnAx7n8z,hBG5vMBqkXoKVhe5nKFmfjAVyNoGHSr22VXcrkoN,MOx9AM3J6rnEQQJCSsWfT7wdOetSni3OV0mrNgho
G0PLr6xT9E96wJTJXQDNB728J4rHnKFKya5jIcwT,I9zyEumkNRxIzJ9lhMe24gjeuA05krtaF8GygUHD,0tSt4SUsOj8fKBL2OwFTAz878S85snjiNnAx7n8z,hBG5vMBqkXoKVhe5nKFmfjAVyNoGHSr22VXcrkoN,G97yzpX8HPnbmrVEC0Aoz2si9mlAiCfZmduqw99n,I9zyEumkNRxIzJ9lhMe24gjeuA05krtaF8GygUHD
DboXcHUzjiTnEyfVzMA8hgefX2B7suIPftuPWSyq,BR0isoSnDlgTmIqukAORkXTz6C9ABpEWp1Yw4Fx6,hBG5vMBqkXoKVhe5nKFmfjAVyNoGHSr22VXcrkoN,G0PLr6xT9E96wJTJXQDNB728J4rHnKFKya5jIcwT,MOx9AM3J6rnEQQJCSsWfT7wdOetSni3OV0mrNgho,BR0isoSnDlgTmIqukAORkXTz6C9ABpEWp1Yw4Fx6
neo9uYRJVawyUm1nyXvQrJxwVqapvXp6gVg6kwxr,0tSt4SUsOj8fKBL2OwFTAz878S85snjiNnAx7n8z,G0PLr6xT9E96wJTJXQDNB728J4rHnKFKya5jIcwT,G97yzpX8HPnbmrVEC0Aoz2si9mlAiCfZmduqw99n,I9zyEumkNRxIzJ9lhMe24gjeuA05krtaF8GygUHD,0tSt4SUsOj8fKBL2OwFTAz878S85snjiNnAx7n8z
G97yzpX8HPnbmrVEC0Aoz2si9mlAiCfZmduqw99n,hBG5vMBqkXoKVhe5nKFmfjAVyNoGHSr22VXcrkoN,DboXcHUzjiTnEyfVzMA8hgefX2B7suIPftuPWSyq,MOx9AM3J6rnEQQJCSsWfT7wdOetSni3OV0mrNgho,BR0isoSnDlgTmIqukAORkXTz6C9ABpEWp1Yw4Fx6,G97yzpX8HPnbmrVEC0Aoz2si9mlAiCfZmduqw99n
MOx9AM3J6rnEQQJCSsWfT7wdOetSni3OV0mrNgho,G0PLr6xT9E96wJTJXQDNB728J4rHnKFKya5jIcwT,G97yzpX8HPnbmrVEC0Aoz2si9mlAiCfZmduqw99n,I9zyEumkNRxIzJ9lhMe24gjeuA05krtaF8GygUHD,0tSt4SUsOj8fKBL2OwFTAz878S85snjiNnAx7n8z,MOx9AM3J6rnEQQJCSsWfT7wdOetSni3OV0mrNgho
I9zyEumkNRxIzJ9lhMe24gjeuA05krtaF8GygUHD,DboXcHUzjiTnEyfVzMA8hgefX2B7suIPftuPWSyq,MOx9AM3J6rnEQQJCSsWfT7wdOetSni3OV0mrNgho,BR0isoSnDlgTmIqukAORkXTz6C9ABpEWp1Yw4Fx6,hBG5vMBqkXoKVhe5nKFmfjAVyNoGHSr22VXcrkoN,I9zyEumkNRxIzJ9lhMe24gjeuA05krtaF8GygUHD
BR0isoSnDlgTmIqukAORkXTz6C9ABpEWp1Yw4Fx6,neo9uYRJVawyUm1nyXvQrJxwVqapvXp6gVg6kwxr,I9zyEumkNRxIzJ9lhMe24gjeuA05krtaF8GygUHD,0tSt4SUsOj8fKBL2OwFTAz878S85snjiNnAx7n8z,G97yzpX8HPnbmrVEC0Aoz2si9mlAiCfZmduqw99n,BR0isoSnDlgTmIqukAORkXTz6C9ABpEWp1Yw4Fx6
0tSt4SUsOj8fKBL2OwFTAz878S85snjiNnAx7n8z,nOgJEtffp9e3P1qN9pqUrIZB0WQ9VIdptmx5wtia,BR0isoSnDlgTmIqukAORkXTz6C9ABpEWp1Yw4Fx6,hBG5vMBqkXoKVhe5nKFmfjAVyNoGHSr22VXcrkoN,MOx9AM3J6rnEQQJCSsWfT7wdOetSni3OV0mrNgho,0tSt4SUsOj8fKBL2OwFTAz878S85snjiNnAx7n8z
hBG5vMBqkXoKVhe5nKFmfjAVyNoGHSr22VXcrkoN,G97yzpX8HPnbmrVEC0Aoz2si9mlAiCfZmduqw99n,0tSt4SUsOj8fKBL2OwFTAz878S85snjiNnAx7n8z,G0PLr6xT9E96wJTJXQDNB728J4rHnKFKya5jIcwT,I9zyEumkNRxIzJ9lhMe24gjeuA05krtaF8GygUHD,G97yzpX8HPnbmrVEC0Aoz2si9mlAiCfZmduqw99n
G0PLr6xT9E96wJTJXQDNB728J4rHnKFKya5jIcwT,MOx9AM3J6rnEQQJCSsWfT7wdOetSni3OV0mrNgho,hBG5vMBqkXoKVhe5nKFmfjAVyNoGHSr22VXcrkoN,G97yzpX8HPnbmrVEC0Aoz2si9mlAiCfZmduqw99n,BR0isoSnDlgTmIqukAORkXTz6C9ABpEWp1Yw4Fx6,MOx9AM3J6rnEQQJCSsWfT7wdOetSni3OV0mrNgho
DboXcHUzjiTnEyfVzMA8hgefX2B7suIPftuPWSyq,I9zyEumkNRxIzJ9lhMe24gjeuA05krtaF8GygUHD,G0PLr6xT9E96wJTJXQDNB728J4rHnKFKya5jIcwT,MOx9AM3J6rnEQQJCSsWfT7wdOetSni3OV0mrNgho,0tSt4SUsOj8fKBL2OwFTAz878S85snjiNnAx7n8z,I9zyEumkNRxIzJ9lhMe24gjeuA05krtaF8GygUHD
neo9uYRJVawyUm1nyXvQrJxwVqapvXp6gVg6kwxr,BR0isoSnDlgTmIqukAORkXTz6C9ABpEWp1Yw4Fx6,DboXcHUzjiTnEyfVzMA8hgefX2B7suIPftuPWSyq,I9zyEumkNRxIzJ9lhMe24gjeuA05krtaF8GygUHD,hBG5vMBqkXoKVhe5nKFmfjAVyNoGHSr22VXcrkoN,BR0isoSnDlgTmIqukAORkXTz6C9ABpEWp1Yw4Fx6
G97yzpX8HPnbmrVEC0Aoz2si9mlAiCfZmduqw99n,0tSt4SUsOj8fKBL2OwFTAz878S85snjiNnAx7n8z,G97yzpX8HPnbmrVEC0Aoz2si9mlAiCfZmduqw99n,BR0isoSnDlgTmIqukAORkXTz6C9ABpEWp1Yw4Fx6,G97yzpX8HPnbmrVEC0Aoz2si9mlAiCfZmduqw99n,0tSt4SUsOj8fKBL2OwFTAz878S85snjiNnAx7n8z
MOx9AM3J6rnEQQJCSsWfT7wdOetSni3OV0mrNgho,hBG5vMBqkXoKVhe5nKFmfjAVyNoGHSr22VXcrkoN,MOx9AM3J6rnEQQJCSsWfT7wdOetSni3OV0mrNgho,0tSt4SUsOj8fKBL2OwFTAz878S85snjiNnAx7n8z,MOx9AM3J6rnEQQJCSsWfT7wdOetSni3OV0mrNgho,G97yzpX8HPnbmrVEC0Aoz2si9mlAiCfZmduqw99n
I9zyEumkNRxIzJ9lhMe24gjeuA05krtaF8GygUHD,G0PLr6xT9E96wJTJXQDNB728J4rHnKFKya5jIcwT,I9zyEumkNRxIzJ9lhMe24gjeuA05krtaF8GygUHD,hBG5vMBqkXoKVhe5nKFmfjAVyNoGHSr22VXcrkoN,I9zyEumkNRxIzJ9lhMe24gjeuA05krtaF8GygUHD,MOx9AM3J6rnEQQJCSsWfT7wdOetSni3OV0mrNgho
BR0isoSnDlgTmIqukAORkXTz6C9ABpEWp1Yw4Fx6,DboXcHUzjiTnEyfVzMA8hgefX2B7suIPftuPWSyq,BR0isoSnDlgTmIqukAORkXTz6C9ABpEWp1Yw4Fx6,G0PLr6xT9E96wJTJXQDNB728J4rHnKFKya5jIcwT,BR0isoSnDlgTmIqukAORkXTz6C9ABpEWp1Yw4Fx6,I9zyEumkNRxIzJ9lhMe24gjeuA05krtaF8GygUHD
0tSt4SUsOj8fKBL2OwFTAz878S85snjiNnAx7n8z,neo9uYRJVawyUm1nyXvQrJxwVqapvXp6gVg6kwxr,0tSt4SUsOj8fKBL2OwFTAz878S85snjiNnAx7n8z,G97yzpX8HPnbmrVEC0Aoz2si9mlAiCfZmduqw99n,0tSt4SUsOj8fKBL2OwFTAz878S85snjiNnAx7n8z,BR0isoSnDlgTmIqukAORkXTz6C9ABpEWp1Yw4Fx6
hBG5vMBqkXoKVhe5nKFmfjAVyNoGHSr22VXcrkoN,nOgJEtffp9e3P1qN9pqUrIZB0WQ9VIdptmx5wtia,hBG5vMBqkXoKVhe5nKFmfjAVyNoGHSr22VXcrkoN,MOx9AM3J6rnEQQJCSsWfT7wdOetSni3OV0mrNgho,hBG5vMBqkXoKVhe5nKFmfjAVyNoGHSr22VXcrkoN,0tSt4SUsOj8fKBL2OwFTAz878S85snjiNnAx7n8z
G0PLr6xT9E96wJTJXQDNB728J4rHnKFKya5jIcwT,G97yzpX8HPnbmrVEC0Aoz2si9mlAiCfZmduqw99n,G0PLr6xT9E96wJTJXQDNB728J4rHnKFKya5jIcwT,I9zyEumkNRxIzJ9lhMe24gjeuA05krtaF8GygUHD,G97yzpX8HPnbmrVEC0Aoz2si9mlAiCfZmduqw99n,G97yzpX8HPnbmrVEC0Aoz2si9mlAiCfZmduqw99n
DboXcHUzjiTnEyfVzMA8hgefX2B7suIPftuPWSyq,MOx9AM3J6rnEQQJCSsWfT7wdOetSni3OV0mrNgho,DboXcHUzjiTnEyfVzMA8hgefX2B7suIPftuPWSyq,BR0isoSnDlgTmIqukAORkXTz6C9ABpEWp1Yw4Fx6,MOx9AM3J6rnEQQJCSsWfT7wdOetSni3OV0mrNgho,MOx9AM3J6rnEQQJCSsWfT7wdOetSni3OV0mrNgho
neo9uYRJVawyUm1nyXvQrJxwVqapvXp6gVg6kwxr,I9zyEumkNRxIzJ9lhMe24gjeuA05krtaF8GygUHD,G97yzpX8HPnbmrVEC0Aoz2si9mlAiCfZmduqw99n,0tSt4SUsOj8fKBL2OwFTAz878S85snjiNnAx7n8z,I9zyEumkNRxIzJ9lhMe24gjeuA05krtaF8GygUHD,I9zyEumkNRxIzJ9lhMe24gjeuA05krtaF8GygUHD
G97yzpX8HPnbmrVEC0Aoz2si9mlAiCfZmduqw99n,BR0isoSnDlgTmIqukAORkXTz6C9ABpEWp1Yw4Fx6,MOx9AM3J6rnEQQJCSsWfT7wdOetSni3OV0mrNgho,hBG5vMBqkXoKVhe5nKFmfjAVyNoGHSr22VXcrkoN,BR0isoSnDlgTmIqukAORkXTz6C9ABpEWp1Yw4Fx6,BR0isoSnDlgTmIqukAORkXTz6C9ABpEWp1Yw4Fx6
MOx9AM3J6rnEQQJCSsWfT7wdOetSni3OV0mrNgho,0tSt4SUsOj8fKBL2OwFTAz878S85snjiNnAx7n8z,I9zyEumkNRxIzJ9lhMe24gjeuA05krtaF8GygUHD,G0PLr6xT9E96wJTJXQDNB728J4rHnKFKya5jIcwT,0tSt4SUsOj8fKBL2OwFTAz878S85snjiNnAx7n8z,0tSt4SUsOj8fKBL2OwFTAz878S85snjiNnAx7n8z
I9zyEumkNRxIzJ9lhMe24gjeuA05krtaF8GygUHD,hBG5vMBqkXoKVhe5nKFmfjAVyNoGHSr22VXcrkoN,BR0isoSnDlgTmIqukAORkXTz6C9ABpEWp1Yw4Fx6,G97yzpX8HPnbmrVEC0Aoz2si9mlAiCfZmduqw99n,hBG5vMBqkXoKVhe5nKFmfjAVyNoGHSr22VXcrkoN,G97yzpX8HPnbmrVEC0Aoz2si9mlAiCfZmduqw99n
BR0isoSnDlgTmIqukAORkXTz6C9ABpEWp1Yw4Fx6,G0PLr6xT9E96wJTJXQDNB728J4rHnKFKya5jIcwT,0tSt4SUsOj8fKBL2OwFTAz878S85snjiNnAx7n8z,MOx9AM3J6rnEQQJCSsWfT7wdOetSni3OV0mrNgho,G97yzpX8HPnbmrVEC0Aoz2si9mlAiCfZmduqw99n,MOx9AM3J6rnEQQJCSsWfT7wdOetSni3OV0mrNgho
0tSt4SUsOj8fKBL2OwFTAz878S85snjiNnAx7n8z,DboXcHUzjiTnEyfVzMA8hgefX2B7suIPftuPWSyq,hBG5vMBqkXoKVhe5nKFmfjAVyNoGHSr22VXcrkoN,I9zyEumkNRxIzJ9lhMe24gjeuA05krtaF8GygUHD,MOx9AM3J6rnEQQJCSsWfT7wdOetSni3OV0mrNgho,I9zyEumkNRxIzJ9lhMe24gjeuA05krtaF8GygUHD
hBG5vMBqkXoKVhe5nKFmfjAVyNoGHSr22VXcrkoN,neo9uYRJVawyUm1nyXvQrJxwVqapvXp6gVg6kwxr,G0PLr6xT9E96wJTJXQDNB728J4rHnKFKya5jIcwT,BR0isoSnDlgTmIqukAORkXTz6C9ABpEWp1Yw4Fx6,I9zyEumkNRxIzJ9lhMe24gjeuA05krtaF8GygUHD,BR0isoSnDlgTmIqukAORkXTz6C9ABpEWp1Yw4Fx6
G0PLr6xT9E96wJTJXQDNB728J4rHnKFKya5jIcwT,nOgJEtffp9e3P1qN9pqUrIZB0WQ9VIdptmx5wtia,DboXcHUzjiTnEyfVzMA8hgefX2B7suIPftuPWSyq,0tSt4SUsOj8fKBL2OwFTAz878S85snjiNnAx7n8z,BR0isoSnDlgTmIqukAORkXTz6C9ABpEWp1Yw4Fx6,0tSt4SUsOj8fKBL2OwFTAz878S85snjiNnAx7n8z
DboXcHUzjiTnEyfVzMA8hgefX2B7suIPftuPWSyq,G97yzpX8HPnbmrVEC0Aoz2si9mlAiCfZmduqw99n,G97yzpX8HPnbmrVEC0Aoz2si9mlAiCfZmduqw99n,hBG5vMBqkXoKVhe5nKFmfjAVyNoGHSr22VXcrkoN,0tSt4SUsOj8fKBL2OwFTAz878S85snjiNnAx7n8z,G97yzpX8HPnbmrVEC0Aoz2si9mlAiCfZmduqw99n
neo9uYRJVawyUm1nyXvQrJxwVqapvXp6gVg6kwxr,MOx9AM3J6rnEQQJCSsWfT7wdOetSni3OV0mrNgho,MOx9AM3J6rnEQQJCSsWfT7wdOetSni3OV0mrNgho,G0PLr6xT9E96wJTJXQDNB728J4rHnKFKya5jIcwT,hBG5vMBqkXoKVhe5nKFmfjAVyNoGHSr22VXcrkoN,MOx9AM3J6rnEQQJCSsWfT7wdOetSni3OV0mrNgho
G97yzpX8HPnbmrVEC0Aoz2si9mlAiCfZmduqw99n,I9zyEumkNRxIzJ9lhMe24gjeuA05krtaF8GygUHD,I9zyEumkNRxIzJ9lhMe24gjeuA05krtaF8GygUHD,G97yzpX8HPnbmrVEC0Aoz2si9mlAiCfZmduqw99n,G97yzpX8HPnbmrVEC0Aoz2si9mlAiCfZmduqw99n,I9zyEumkNRxIzJ9lhMe24gjeuA05krtaF8GygUHD
MOx9AM3J6rnEQQJCSsWfT7wdOetSni3OV0mrNgho,BR0isoSnDlgTmIqukAORkXTz6C9ABpEWp1Yw4Fx6,BR0isoSnDlgTmIqukAORkXTz6C9ABpEWp1Yw4Fx6,MOx9AM3J6rnEQQJCSsWfT7wdOetSni3OV0mrNgho,MOx9AM3J6rnEQQJCSsWfT7wdOetSni3OV0mrNgho,BR0isoSnDlgTmIqukAORkXTz6C9ABpEWp1Yw4Fx6
I9zyEumkNRxIzJ9lhMe24gjeuA05krtaF8GygUHD,0tSt4SUsOj8fKBL2OwFTAz878S85snjiNnAx7n8z,0tSt4SUsOj8fKBL2OwFTAz878S85snjiNnAx7n8z,I9zyEumkNRxIzJ9lhMe24gjeuA05krtaF8GygUHD,I9zyEumkNRxIzJ9lhMe24gjeuA05krtaF8GygUHD,0tSt4SUsOj8fKBL2OwFTAz878S85snjiNnAx7n8z
BR0isoSnDlgTmIqukAORkXTz6C9ABpEWp1Yw4Fx6,hBG5vMBqkXoKVhe5nKFmfjAVyNoGHSr22VXcrkoN,hBG5vMBqkXoKVhe5nKFmfjAVyNoGHSr22VXcrkoN,BR0isoSnDlgTmIqukAORkXTz6C9ABpEWp1Yw4Fx6,BR0isoSnDlgTmIqukAORkXTz6C9ABpEWp1Yw4Fx6,G97yzpX8HPnbmrVEC0Aoz2si9mlAiCfZmduqw99n
0tSt4SUsOj8fKBL2OwFTAz878S85snjiNnAx7n8z,G0PLr6xT9E96wJTJXQDNB728J4rHnKFKya5jIcwT,G0PLr6xT9E96wJTJXQDNB728J4rHnKFKya5jIcwT,0tSt4SUsOj8fKBL2OwFTAz878S85snjiNnAx7n8z,0tSt4SUsOj8fKBL2OwFTAz878S85snjiNnAx7n8z,MOx9AM3J6rnEQQJCSsWfT7wdOetSni3OV0mrNgho
hBG5vMBqkXoKVhe5nKFmfjAVyNoGHSr22VXcrkoN,DboXcHUzjiTnEyfVzMA8hgefX2B7suIPftuPWSyq,DboXcHUzjiTnEyfVzMA8hgefX2B7suIPftuPWSyq,hBG5vMBqkXoKVhe5nKFmfjAVyNoGHSr22VXcrkoN,hBG5vMBqkXoKVhe5nKFmfjAVyNoGHSr22VXcrkoN,I9zyEumkNRxIzJ9lhMe24gjeuA05krtaF8GygUHD
G0PLr6xT9E96wJTJXQDNB728J4rHnKFKya5jIcwT,neo9uYRJVawyUm1nyXvQrJxwVqapvXp6gVg6kwxr,G97yzpX8HPnbmrVEC0Aoz2si9mlAiCfZmduqw99n,G0PLr6xT9E96wJTJXQDNB728J4rHnKFKya5jIcwT,G97yzpX8HPnbmrVEC0Aoz2si9mlAiCfZmduqw99n,BR0isoSnDlgTmIqukAORkXTz6C9ABpEWp1Yw4Fx6
DboXcHUzjiTnEyfVzMA8hgefX2B7suIPftuPWSyq,nOgJEtffp9e3P1qN9pqUrIZB0WQ9VIdptmx5wtia,MOx9AM3J6rnEQQJCSsWfT7wdOetSni3OV0mrNgho,G97yzpX8HPnbmrVEC0Aoz2si9mlAiCfZmduqw99n,MOx9AM3J6rnEQQJCSsWfT7wdOetSni3OV0mrNgho,0tSt4SUsOj8fKBL2OwFTAz878S85snjiNnAx7n8z
neo9uYRJVawyUm1nyXvQrJxwVqapvXp6gVg6kwxr,G97yzpX8HPnbmrVEC0Aoz2si9mlAiCfZmduqw99n,I9zyEumkNRxIzJ9lhMe24gjeuA05krtaF8GygUHD,MOx9AM3J6rnEQQJCSsWfT7wdOetSni3OV0mrNgho,I9zyEumkNRxIzJ9lhMe24gjeuA05krtaF8GygUHD,G97yzpX8HPnbmrVEC0Aoz2si9mlAiCfZmduqw99n
G97yzpX8HPnbmrVEC0Aoz2si9mlAiCfZmduqw99n,MOx9AM3J6rnEQQJCSsWfT7wdOetSni3OV0mrNgho,BR0isoSnDlgTmIqukAORkXTz6C9ABpEWp1Yw4Fx6,I9zyEumkNRxIzJ9lhMe24gjeuA05krtaF8GygUHD,BR0isoSnDlgTmIqukAORkXTz6C9ABpEWp1Yw4Fx6,MOx9AM3J6rnEQQJCSsWfT7wdOetSni3OV0mrNgho
MOx9AM3J6rnEQQJCSsWfT7wdOetSni3OV0mrNgho,I9zyEumkNRxIzJ9lhMe24gjeuA05krtaF8GygUHD,0tSt4SUsOj8fKBL2OwFTAz878S85snjiNnAx7n8z,BR0isoSnDlgTmIqukAORkXTz6C9ABpEWp1Yw4Fx6,0tSt4SUsOj8fKBL2OwFTAz878S85snjiNnAx7n8z,I9zyEumkNRxIzJ9lhMe24gjeuA05krtaF8GygUHD
I9zyEumkNRxIzJ9lhMe24gjeuA05krtaF8GygUHD,BR0isoSnDlgTmIqukAORkXTz6C9ABpEWp1Yw4Fx6,hBG5vMBqkXoKVhe5nKFmfjAVyNoGHSr22VXcrkoN,0tSt4SUsOj8fKBL2OwFTAz878S85snjiNnAx7n8z,hBG5vMBqkXoKVhe5nKFmfjAVyNoGHSr22VXcrkoN,BR0isoSnDlgTmIqukAORkXTz6C9ABpEWp1Yw4Fx6
BR0isoSnDlgTmIqukAORkXTz6C9ABpEWp1Yw4Fx6,0tSt4SUsOj8fKBL2OwFTAz878S85snjiNnAx7n8z,G0PLr6xT9E96wJTJXQDNB728J4rHnKFKya5jIcwT,hBG5vMBqkXoKVhe5nKFmfjAVyNoGHSr22VXcrkoN,G97yzpX8HPnbmrVEC0Aoz2si9mlAiCfZmduqw99n,0tSt4SUsOj8fKBL2OwFTAz878S85snjiNnAx7n8z
0tSt4SUsOj8fKBL2OwFTAz878S85snjiNnAx7n8z,hBG5vMBqkXoKVhe5nKFmfjAVyNoGHSr22VXcrkoN,DboXcHUzjiTnEyfVzMA8hgefX2B7suIPftuPWSyq,G0PLr6xT9E96wJTJXQDNB728J4rHnKFKya5jIcwT,MOx9AM3J6rnEQQJCSsWfT7wdOetSni3OV0mrNgho,G97yzpX8HPnbmrVEC0Aoz2si9mlAiCfZmduqw99n
hBG5vMBqkXoKVhe5nKFmfjAVyNoGHSr22VXcrkoN,G0PLr6xT9E96wJTJXQDNB728J4rHnKFKya5jIcwT,G97yzpX8HPnbmrVEC0Aoz2si9mlAiCfZmduqw99n,G97yzpX8HPnbmrVEC0Aoz2si9mlAiCfZmduqw99n,I9zyEumkNRxIzJ9lhMe24gjeuA05krtaF8GygUHD,MOx9AM3J6rnEQQJCSsWfT7wdOetSni3OV0mrNgho
G0PLr6xT9E96wJTJXQDNB728J4rHnKFKya5jIcwT,DboXcHUzjiTnEyfVzMA8hgefX2B7suIPftuPWSyq,MOx9AM3J6rnEQQJCSsWfT7wdOetSni3OV0mrNgho,MOx9AM3J6rnEQQJCSsWfT7wdOetSni3OV0mrNgho,BR0isoSnDlgTmIqukAORkXTz6C9ABpEWp1Yw4Fx6,I9zyEumkNRxIzJ9lhMe24gjeuA05krtaF8GygUHD
DboXcHUzjiTnEyfVzMA8hgefX2B7suIPftuPWSyq,neo9uYRJVawyUm1nyXvQrJxwVqapvXp6gVg6kwxr,I9zyEumkNRxIzJ9lhMe24gjeuA05krtaF8GygUHD,I9zyEumkNRxIzJ9lhMe24gjeuA05krtaF8GygUHD,0tSt4SUsOj8fKBL2OwFTAz878S85snjiNnAx7n8z,BR0isoSnDlgTmIqukAORkXTz6C9ABpEWp1Yw4Fx6
neo9uYRJVawyUm1nyXvQrJxwVqapvXp6gVg6kwxr,nOgJEtffp9e3P1qN9pqUrIZB0WQ9VIdptmx5wtia,BR0isoSnDlgTmIqukAORkXTz6C9ABpEWp1Yw4Fx6,BR0isoSnDlgTmIqukAORkXTz6C9ABpEWp1Yw4Fx6,hBG5vMBqkXoKVhe5nKFmfjAVyNoGHSr22VXcrkoN,0tSt4SUsOj8fKBL2OwFTAz878S85snjiNnAx7n8z
G97yzpX8HPnbmrVEC0Aoz2si9mlAiCfZmduqw99n,G97yzpX8HPnbmrVEC0Aoz2si9mlAiCfZmduqw99n,0tSt4SUsOj8fKBL2OwFTAz878S85snjiNnAx7n8z,0tSt4SUsOj8fKBL2OwFTAz878S85snjiNnAx7n8z,G97yzpX8HPnbmrVEC0Aoz2si9mlAiCfZmduqw99n,G97yzpX8HPnbmrVEC0Aoz2si9mlAiCfZmduqw99n
MOx9AM3J6rnEQQJCSsWfT7wdOetSni3OV0mrNgho,MOx9AM3J6rnEQQJCSsWfT7wdOetSni3OV0mrNgho,hBG5vMBqkXoKVhe5nKFmfjAVyNoGHSr22VXcrkoN,hBG5vMBqkXoKVhe5nKFmfjAVyNoGHSr22VXcrkoN,MOx9AM3J6rnEQQJCSsWfT7wdOetSni3OV0mrNgho,MOx9AM3J6rnEQQJCSsWfT7wdOetSni3OV0mrNgho
I9zyEumkNRxIzJ9lhMe24gjeuA05krtaF8GygUHD,I9zyEumkNRxIzJ9lhMe24gjeuA05krtaF8GygUHD,G0PLr6xT9E96wJTJXQDNB728J4rHnKFKya5jIcwT,G0PLr6xT9E96wJTJXQDNB728J4rHnKFKya5jIcwT,I9zyEumkNRxIzJ9lhMe24gjeuA05krtaF8GygUHD,I9zyEumkNRxIzJ9lhMe24gjeuA05krtaF8GygUHD
BR0isoSnDlgTmIqukAORkXTz6C9ABpEWp1Yw4Fx6,BR0isoSnDlgTmIqukAORkXTz6C9ABpEWp1Yw4Fx6,DboXcHUzjiTnEyfVzMA8hgefX2B7suIPftuPWSyq,G97yzpX8HPnbmrVEC0Aoz2si9mlAiCfZmduqw99n,BR0isoSnDlgTmIqukAORkXTz6C9ABpEWp1Yw4Fx6,BR0isoSnDlgTmIqukAORkXTz6C9ABpEWp1Yw4Fx6
0tSt4SUsOj8fKBL2OwFTAz878S85snjiNnAx7n8z,0tSt4SUsOj8fKBL2OwFTAz878S85snjiNnAx7n8z,G97yzpX8HPnbmrVEC0Aoz2si9mlAiCfZmduqw99n,MOx9AM3J6rnEQQJCSsWfT7wdOetSni3OV0mrNgho,0tSt4SUsOj8fKBL2OwFTAz878S85snjiNnAx7n8z,0tSt4SUsOj8fKBL2OwFTAz878S85snjiNnAx7n8z
hBG5vMBqkXoKVhe5nKFmfjAVyNoGHSr22VXcrkoN,hBG5vMBqkXoKVhe5nKFmfjAVyNoGHSr22VXcrkoN,MOx9AM3J6rnEQQJCSsWfT7wdOetSni3OV0mrNgho,I9zyEumkNRxIzJ9lhMe24gjeuA05krtaF8GygUHD,hBG5vMBqkXoKVhe5nKFmfjAVyNoGHSr22VXcrkoN,G97yzpX8HPnbmrVEC0Aoz2si9mlAiCfZmduqw99n
G0PLr6xT9E96wJTJXQDNB728J4rHnKFKya5jIcwT,G0PLr6xT9E96wJTJXQDNB728J4rHnKFKya5jIcwT,I9zyEumkNRxIzJ9lhMe24gjeuA05krtaF8GygUHD,BR0isoSnDlgTmIqukAORkXTz6C9ABpEWp1Yw4Fx6,G97yzpX8HPnbmrVEC0Aoz2si9mlAiCfZmduqw99n,MOx9AM3J6rnEQQJCSsWfT7wdOetSni3OV0mrNgho
DboXcHUzjiTnEyfVzMA8hgefX2B7suIPftuPWSyq,DboXcHUzjiTnEyfVzMA8hgefX2B7suIPftuPWSyq,BR0isoSnDlgTmIqukAORkXTz6C9ABpEWp1Yw4Fx6,0tSt4SUsOj8fKBL2OwFTAz878S85snjiNnAx7n8z,MOx9AM3J6rnEQQJCSsWfT7wdOetSni3OV0mrNgho,I9zyEumkNRxIzJ9lhMe24gjeuA05krtaF8GygUHD
neo9uYRJVawyUm1nyXvQrJxwVqapvXp6gVg6kwxr,neo9uYRJVawyUm1nyXvQrJxwVqapvXp6gVg6kwxr,0tSt4SUsOj8fKBL2OwFTAz878S85snjiNnAx7n8z,hBG5vMBqkXoKVhe5nKFmfjAVyNoGHSr22VXcrkoN,I9zyEumkNRxIzJ9lhMe24gjeuA05krtaF8GygUHD,BR0isoSnDlgTmIqukAORkXTz6C9ABpEWp1Yw4Fx6
G97yzpX8HPnbmrVEC0Aoz2si9mlAiCfZmduqw99n,nOgJEtffp9e3P1qN9pqUrIZB0WQ9VIdptmx5wtia,hBG5vMBqkXoKVhe5nKFmfjAVyNoGHSr22VXcrkoN,G0PLr6xT9E96wJTJXQDNB728J4rHnKFKya5jIcwT,BR0isoSnDlgTmIqukAORkXTz6C9ABpEWp1Yw4Fx6,0tSt4SUsOj8fKBL2OwFTAz878S85snjiNnAx7n8z
MOx9AM3J6rnEQQJCSsWfT7wdOetSni3OV0mrNgho,G97yzpX8HPnbmrVEC0Aoz2si9mlAiCfZmduqw99n,G0PLr6xT9E96wJTJXQDNB728J4rHnKFKya5jIcwT,G97yzpX8HPnbmrVEC0Aoz2si9mlAiCfZmduqw99n,0tSt4SUsOj8fKBL2OwFTAz878S85snjiNnAx7n8z,G97yzpX8HPnbmrVEC0Aoz2si9mlAiCfZmduqw99n
I9zyEumkNRxIzJ9lhMe24gjeuA05krtaF8GygUHD,MOx9AM3J6rnEQQJCSsWfT7wdOetSni3OV0mrNgho,DboXcHUzjiTnEyfVzMA8hgefX2B7suIPftuPWSyq,MOx9AM3J6rnEQQJCSsWfT7wdOetSni3OV0mrNgho,hBG5vMBqkXoKVhe5nKFmfjAVyNoGHSr22VXcrkoN,MOx9AM3J6rnEQQJCSsWfT7wdOetSni3OV0mrNgho
BR0isoSnDlgTmIqukAORkXTz6C9ABpEWp1Yw4Fx6,I9zyEumkNRxIzJ9lhMe24gjeuA05krtaF8GygUHD,G97yzpX8HPnbmrVEC0Aoz2si9mlAiCfZmduqw99n,I9zyEumkNRxIzJ9lhMe24gjeuA05krtaF8GygUHD,G97yzpX8HPnbmrVEC0Aoz2si9mlAiCfZmduqw99n,I9zyEumkNRxIzJ9lhMe24gjeuA05krtaF8GygUHD
0tSt4SUsOj8fKBL2OwFTAz878S85snjiNnAx7n8z,BR0isoSnDlgTmIqukAORkXTz6C9ABpEWp1Yw4Fx6,MOx9AM3J6rnEQQJCSsWfT7wdOetSni3OV0mrNgho,BR0isoSnDlgTmIqukAORkXTz6C9ABpEWp1Yw4Fx6,MOx9AM3J6rnEQQJCSsWfT7wdOetSni3OV0mrNgho,BR0isoSnDlgTmIqukAORkXTz6C9ABpEWp1Yw4Fx6
hBG5vMBqkXoKVhe5nKFmfjAVyNoGHSr22VXcrkoN,0tSt4SUsOj8fKBL2OwFTAz878S85snjiNnAx7n8z,I9zyEumkNRxIzJ9lhMe24gjeuA05krtaF8GygUHD,0tSt4SUsOj8fKBL2OwFTAz878S85snjiNnAx7n8z,I9zyEumkNRxIzJ9lhMe24gjeuA05krtaF8GygUHD,0tSt4SUsOj8fKBL2OwFTAz878S85snjiNnAx7n8z
G0PLr6xT9E96wJTJXQDNB728J4rHnKFKya5jIcwT,hBG5vMBqkXoKVhe5nKFmfjAVyNoGHSr22VXcrkoN,BR0isoSnDlgTmIqukAORkXTz6C9ABpEWp1Yw4Fx6,hBG5vMBqkXoKVhe5nKFmfjAVyNoGHSr22VXcrkoN,BR0isoSnDlgTmIqukAORkXTz6C9ABpEWp1Yw4Fx6,G97yzpX8HPnbmrVEC0Aoz2si9mlAiCfZmduqw99n
DboXcHUzjiTnEyfVzMA8hgefX2B7suIPftuPWSyq,G0PLr6xT9E96wJTJXQDNB728J4rHnKFKya5jIcwT,0tSt4SUsOj8fKBL2OwFTAz878S85snjiNnAx7n8z,G0PLr6xT9E96wJTJXQDNB728J4rHnKFKya5jIcwT,0tSt4SUsOj8fKBL2OwFTAz878S85snjiNnAx7n8z,MOx9AM3J6rnEQQJCSsWfT7wdOetSni3OV0mrNgho
neo9uYRJVawyUm1nyXvQrJxwVqapvXp6gVg6kwxr,DboXcHUzjiTnEyfVzMA8hgefX2B7suIPftuPWSyq,hBG5vMBqkXoKVhe5nKFmfjAVyNoGHSr22VXcrkoN,G97yzpX8HPnbmrVEC0Aoz2si9mlAiCfZmduqw99n,hBG5vMBqkXoKVhe5nKFmfjAVyNoGHSr22VXcrkoN,I9zyEumkNRxIzJ9lhMe24gjeuA05krtaF8GygUHD
G97yzpX8HPnbmrVEC0Aoz2si9mlAiCfZmduqw99n,neo9uYRJVawyUm1nyXvQrJxwVqapvXp6gVg6kwxr,G0PLr6xT9E96wJTJXQDNB728J4rHnKFKya5jIcwT,MOx9AM3J6rnEQQJCSsWfT7wdOetSni3OV0mrNgho,G97yzpX8HPnbmrVEC0Aoz2si9mlAiCfZmduqw99n,BR0isoSnDlgTmIqukAORkXTz6C9ABpEWp1Yw4Fx6
MOx9AM3J6rnEQQJCSsWfT7wdOetSni3OV0mrNgho,nOgJEtffp9e3P1qN9pqUrIZB0WQ9VIdptmx5wtia,DboXcHUzjiTnEyfVzMA8hgefX2B7suIPftuPWSyq,I9zyEumkNRxIzJ9lhMe24gjeuA05krtaF8GygUHD,MOx9AM3J6rnEQQJCSsWfT7wdOetSni3OV0mrNgho,0tSt4SUsOj8fKBL2OwFTAz878S85snjiNnAx7n8z
I9zyEumkNRxIzJ9lhMe24gjeuA05krtaF8GygUHD,G97yzpX8HPnbmrVEC0Aoz2si9mlAiCfZmduqw99n,G97yzpX8HPnbmrVEC0Aoz2si9mlAiCfZmduqw99n,BR0isoSnDlgTmIqukAORkXTz6C9ABpEWp1Yw4Fx6,I9zyEumkNRxIzJ9lhMe24gjeuA05krtaF8GygUHD,G97yzpX8HPnbmrVEC0Aoz2si9mlAiCfZmduqw99n
BR0isoSnDlgTmIqukAORkXTz6C9ABpEWp1Yw4Fx6,MOx9AM3J6rnEQQJCSsWfT7wdOetSni3OV0mrNgho,MOx9AM3J6rnEQQJCSsWfT7wdOetSni3OV0mrNgho,0tSt4SUsOj8fKBL2OwFTAz878S85snjiNnAx7n8z,BR0isoSnDlgTmIqukAORkXTz6C9ABpEWp1Yw4Fx6,MOx9AM3J6rnEQQJCSsWfT7wdOetSni3OV0mrNgho
0tSt4SUsOj8fKBL2OwFTAz878S85snjiNnAx7n8z,I9zyEumkNRxIzJ9lhMe24gjeuA05krtaF8GygUHD,I9zyEumkNRxIzJ9lhMe24gjeuA05krtaF8GygUHD,hBG5vMBqkXoKVhe5nKFmfjAVyNoGHSr22VXcrkoN,0tSt4SUsOj8fKBL2OwFTAz878S85snjiNnAx7n8z,I9zyEumkNRxIzJ9lhMe24gjeuA05krtaF8GygUHD
hBG5vMBqkXoKVhe5nKFmfjAVyNoGHSr22VXcrkoN,BR0isoSnDlgTmIqukAORkXTz6C9ABpEWp1Yw4Fx6,BR0isoSnDlgTmIqukAORkXTz6C9ABpEWp1Yw4Fx6,G0PLr6xT9E96wJTJXQDNB728J4rHnKFKya5jIcwT,hBG5vMBqkXoKVhe5nKFmfjAVyNoGHSr22VXcrkoN,BR0isoSnDlgTmIqukAORkXTz6C9ABpEWp1Yw4Fx6
G0PLr6xT9E96wJTJXQDNB728J4rHnKFKya5jIcwT,0tSt4SUsOj8fKBL2OwFTAz878S85snjiNnAx7n8z,0tSt4SUsOj8fKBL2OwFTAz878S85snjiNnAx7n8z,G97yzpX8HPnbmrVEC0Aoz2si9mlAiCfZmduqw99n,G97yzpX8HPnbmrVEC0Aoz2si9mlAiCfZmduqw99n,0tSt4SUsOj8fKBL2OwFTAz878S85snjiNnAx7n8z
DboXcHUzjiTnEyfVzMA8hgefX2B7suIPftuPWSyq,hBG5vMBqkXoKVhe5nKFmfjAVyNoGHSr22VXcrkoN,hBG5vMBqkXoKVhe5nKFmfjAVyNoGHSr22VXcrkoN,MOx9AM3J6rnEQQJCSsWfT7wdOetSni3OV0mrNgho,MOx9AM3J6rnEQQJCSsWfT7wdOetSni3OV0mrNgho,G97yzpX8HPnbmrVEC0Aoz2si9mlAiCfZmduqw99n
neo9uYRJVawyUm1nyXvQrJxwVqapvXp6gVg6kwxr,G0PLr6xT9E96wJTJXQDNB728J4rHnKFKya5jIcwT,G0PLr6xT9E96wJTJXQDNB728J4rHnKFKya5jIcwT,I9zyEumkNRxIzJ9lhMe24gjeuA05krtaF8GygUHD,I9zyEumkNRxIzJ9lhMe24gjeuA05krtaF8GygUHD,MOx9AM3J6rnEQQJCSsWfT7wdOetSni3OV0mrNgho
G97yzpX8HPnbmrVEC0Aoz2si9mlAiCfZmduqw99n,DboXcHUzjiTnEyfVzMA8hgefX2B7suIPftuPWSyq,DboXcHUzjiTnEyfVzMA8hgefX2B7suIPftuPWSyq,BR0isoSnDlgTmIqukAORkXTz6C9ABpEWp1Yw4Fx6,BR0isoSnDlgTmIqukAORkXTz6C9ABpEWp1Yw4Fx6,I9zyEumkNRxIzJ9lhMe24gjeuA05krtaF8GygUHD
MOx9AM3J6rnEQQJCSsWfT7wdOetSni3OV0mrNgho,neo9uYRJVawyUm1nyXvQrJxwVqapvXp6gVg6kwxr,G97yzpX8HPnbmrVEC0Aoz2si9mlAiCfZmduqw99n,0tSt4SUsOj8fKBL2OwFTAz878S85snjiNnAx7n8z,0tSt4SUsOj8fKBL2OwFTAz878S85snjiNnAx7n8z,BR0isoSnDlgTmIqukAORkXTz6C9ABpEWp1Yw4Fx6
I9zyEumkNRxIzJ9lhMe24gjeuA05krtaF8GygUHD,nOgJEtffp9e3P1qN9pqUrIZB0WQ9VIdptmx5wtia,MOx9AM3J6rnEQQJCSsWfT7wdOetSni3OV0mrNgho,hBG5vMBqkXoKVhe5nKFmfjAVyNoGHSr22VXcrkoN,hBG5vMBqkXoKVhe5nKFmfjAVyNoGHSr22VXcrkoN,0tSt4SUsOj8fKBL2OwFTAz878S85snjiNnAx7n8z
BR0isoSnDlgTmIqukAORkXTz6C9ABpEWp1Yw4Fx6,G97yzpX8HPnbmrVEC0Aoz2si9mlAiCfZmduqw99n,I9zyEumkNRxIzJ9lhMe24gjeuA05krtaF8GygUHD,G0PLr6xT9E96wJTJXQDNB728J4rHnKFKya5jIcwT,G97yzpX8HPnbmrVEC0Aoz2si9mlAiCfZmduqw99n,G97yzpX8HPnbmrVEC0Aoz2si9mlAiCfZmduqw99n
0tSt4SUsOj8fKBL2OwFTAz878S85snjiNnAx7n8z,MOx9AM3J6rnEQQJCSsWfT7wdOetSni3OV0mrNgho,BR0isoSnDlgTmIqukAORkXTz6C9ABpEWp1Yw4Fx6,G97yzpX8HPnbmrVEC0Aoz2si9mlAiCfZmduqw99n,MOx9AM3J6rnEQQJCSsWfT7wdOetSni3OV0mrNgho,MOx9AM3J6rnEQQJCSsWfT7wdOetSni3OV0mrNgho
hBG5vMBqkXoKVhe5nKFmfjAVyNoGHSr22VXcrkoN,I9zyEumkNRxIzJ9lhMe24gjeuA05krtaF8GygUHD,0tSt4SUsOj8fKBL2OwFTAz878S85snjiNnAx7n8z,MOx9AM3J6rnEQQJCSsWfT7wdOetSni3OV0mrNgho,I9zyEumkNRxIzJ9lhMe24gjeuA05krtaF8GygUHD,I9zyEumkNRxIzJ9lhMe24gjeuA05krtaF8GygUHD
G0PLr6xT9E96wJTJXQDNB728J4rHnKFKya5jIcwT,BR0isoSnDlgTmIqukAORkXTz6C9ABpEWp1Yw4Fx6,hBG5vMBqkXoKVhe5nKFmfjAVyNoGHSr22VXcrkoN,I9zyEumkNRxIzJ9lhMe24gjeuA05krtaF8GygUHD,BR0isoSnDlgTmIqukAORkXTz6C9ABpEWp1Yw4Fx6,BR0isoSnDlgTmIqukAORkXTz6C9ABpEWp1Yw4Fx6
DboXcHUzjiTnEyfVzMA8hgefX2B7suIPftuPWSyq,0tSt4SUsOj8fKBL2OwFTAz878S85snjiNnAx7n8z,G0PLr6xT9E96wJTJXQDNB728J4rHnKFKya5jIcwT,BR0isoSnDlgTmIqukAORkXTz6C9ABpEWp1Yw4Fx6,0tSt4SUsOj8fKBL2OwFTAz878S85snjiNnAx7n8z,0tSt4SUsOj8fKBL2OwFTAz878S85snjiNnAx7n8z
neo9uYRJVawyUm1nyXvQrJxwVqapvXp6gVg6kwxr,hBG5vMBqkXoKVhe5nKFmfjAVyNoGHSr22VXcrkoN,DboXcHUzjiTnEyfVzMA8hgefX2B7suIPftuPWSyq,0tSt4SUsOj8fKBL2OwFTAz878S85snjiNnAx7n8z,hBG5vMBqkXoKVhe5nKFmfjAVyNoGHSr22VXcrkoN,G97yzpX8HPnbmrVEC0Aoz2si9mlAiCfZmduqw99n
G97yzpX8HPnbmrVEC0Aoz2si9mlAiCfZmduqw99n,G0PLr6xT9E96wJTJXQDNB728J4rHnKFKya5jIcwT,G97yzpX8HPnbmrVEC0Aoz2si9mlAiCfZmduqw99n,hBG5vMBqkXoKVhe5nKFmfjAVyNoGHSr22VXcrkoN,G97yzpX8HPnbmrVEC0Aoz2si9mlAiCfZmduqw99n,MOx9AM3J6rnEQQJCSsWfT7wdOetSni3OV0mrNgho
MOx9AM3J6rnEQQJCSsWfT7wdOetSni3OV0mrNgho,DboXcHUzjiTnEyfVzMA8hgefX2B7suIPftuPWSyq,MOx9AM3J6rnEQQJCSsWfT7wdOetSni3OV0mrNgho,G0PLr6xT9E96wJTJXQDNB728J4rHnKFKya5jIcwT,MOx9AM3J6rnEQQJCSsWfT7wdOetSni3OV0mrNgho,I9zyEumkNRxIzJ9lhMe24gjeuA05krtaF8GygUHD
I9zyEumkNRxIzJ9lhMe24gjeuA05krtaF8GygUHD,neo9uYRJVawyUm1nyXvQrJxwVqapvXp6gVg6kwxr,I9zyEumkNRxIzJ9lhMe24gjeuA05krtaF8GygUHD,G97yzpX8HPnbmrVEC0Aoz2si9mlAiCfZmduqw99n,I9zyEumkNRxIzJ9lhMe24gjeuA05krtaF8GygUHD,BR0isoSnDlgTmIqukAORkXTz6C9ABpEWp1Yw4Fx6
BR0isoSnDlgTmIqukAORkXTz6C9ABpEWp1Yw4Fx6,nOgJEtffp9e3P1qN9pqUrIZB0WQ9VIdptmx5wtia,BR0isoSnDlgTmIqukAORkXTz6C9ABpEWp1Yw4Fx6,MOx9AM3J6rnEQQJCSsWfT7wdOetSni3OV0mrNgho,BR0isoSnDlgTmIqukAORkXTz6C9ABpEWp1Yw4Fx6,0tSt4SUsOj8fKBL2OwFTAz878S85snjiNnAx7n8z
0tSt4SUsOj8fKBL2OwFTAz878S85snjiNnAx7n8z,G97yzpX8HPnbmrVEC0Aoz2si9mlAiCfZmduqw99n,0tSt4SUsOj8fKBL2OwFTAz878S85snjiNnAx7n8z,I9zyEumkNRxIzJ9lhMe24gjeuA05krtaF8GygUHD,0tSt4SUsOj8fKBL2OwFTAz878S85snjiNnAx7n8z,G97yzpX8HPnbmrVEC0Aoz2si9mlAiCfZmduqw99n
hBG5vMBqkXoKVhe5nKFmfjAVyNoGHSr22VXcrkoN,MOx9AM3J6rnEQQJCSsWfT7wdOetSni3OV0mrNgho,hBG5vMBqkXoKVhe5nKFmfjAVyNoGHSr22VXcrkoN,BR0isoSnDlgTmIqukAORkXTz6C9ABpEWp1Yw4Fx6,hBG5vMBqkXoKVhe5nKFmfjAVyNoGHSr22VXcrkoN,MOx9AM3J6rnEQQJCSsWfT7wdOetSni3OV0mrNgho
G0PLr6xT9E96wJTJXQDNB728J4rHnKFKya5jIcwT,I9zyEumkNRxIzJ9lhMe24gjeuA05krtaF8GygUHD,G0PLr6xT9E96wJTJXQDNB728J4rHnKFKya5jIcwT,0tSt4SUsOj8fKBL2OwFTAz878S85snjiNnAx7n8z,G97yzpX8HPnbmrVEC0Aoz2si9mlAiCfZmduqw99n,I9zyEumkNRxIzJ9lhMe24gjeuA05krtaF8GygUHD
DboXcHUzjiTnEyfVzMA8hgefX2B7suIPftuPWSyq,BR0isoSnDlgTmIqukAORkXTz6C9ABpEWp1Yw4Fx6,DboXcHUzjiTnEyfVzMA8hgefX2B7suIPftuPWSyq,hBG5vMBqkXoKVhe5nKFmfjAVyNoGHSr22VXcrkoN,MOx9AM3J6rnEQQJCSsWfT7wdOetSni3OV0mrNgho,BR0isoSnDlgTmIqukAORkXTz6C9ABpEWp1Yw4Fx6
neo9uYRJVawyUm1nyXvQrJxwVqapvXp6gVg6kwxr,0tSt4SUsOj8fKBL2OwFTAz878S85snjiNnAx7n8z,G97yzpX8HPnbmrVEC0Aoz2si9mlAiCfZmduqw99n,G0PLr6xT9E96wJTJXQDNB728J4rHnKFKya5jIcwT,I9zyEumkNRxIzJ9lhMe24gjeuA05krtaF8GygUHD,0tSt4SUsOj8fKBL2OwFTAz878S85snjiNnAx7n8z
G97yzpX8HPnbmrVEC0Aoz2si9mlAiCfZmduqw99n,hBG5vMBqkXoKVhe5nKFmfjAVyNoGHSr22VXcrkoN,MOx9AM3J6rnEQQJCSsWfT7wdOetSni3OV0mrNgho,G97yzpX8HPnbmrVEC0Aoz2si9mlAiCfZmduqw99n,BR0isoSnDlgTmIqukAORkXTz6C9ABpEWp1Yw4Fx6,G97yzpX8HPnbmrVEC0Aoz2si9mlAiCfZmduqw99n
MOx9AM3J6rnEQQJCSsWfT7wdOetSni3OV0mrNgho,G0PLr6xT9E96wJTJXQDNB728J4rHnKFKya5jIcwT,I9zyEumkNRxIzJ9lhMe24gjeuA05krtaF8GygUHD,MOx9AM3J6rnEQQJCSsWfT7wdOetSni3OV0mrNgho,0tSt4SUsOj8fKBL2OwFTAz878S85snjiNnAx7n8z,MOx9AM3J6rnEQQJCSsWfT7wdOetSni3OV0mrNgho
I9zyEumkNRxIzJ9lhMe24gjeuA05krtaF8GygUHD,DboXcHUzjiTnEyfVzMA8hgefX2B7suIPftuPWSyq,BR0isoSnDlgTmIqukAORkXTz6C9ABpEWp1Yw4Fx6,I9zyEumkNRxIzJ9lhMe24gjeuA05krtaF8GygUHD,hBG5vMBqkXoKVhe5nKFmfjAVyNoGHSr22VXcrkoN,I9zyEumkNRxIzJ9lhMe24gjeuA05krtaF8GygUHD
BR0isoSnDlgTmIqukAORkXTz6C9ABpEWp1Yw4Fx6,neo9uYRJVawyUm1nyXvQrJxwVqapvXp6gVg6kwxr,0tSt4SUsOj8fKBL2OwFTAz878S85snjiNnAx7n8z,BR0isoSnDlgTmIqukAORkXTz6C9ABpEWp1Yw4Fx6,G97yzpX8HPnbmrVEC0Aoz2si9mlAiCfZmduqw99n,BR0isoSnDlgTmIqukAORkXTz6C9ABpEWp1Yw4Fx6
0tSt4SUsOj8fKBL2OwFTAz878S85snjiNnAx7n8z,nOgJEtffp9e3P1qN9pqUrIZB0WQ9VIdptmx5wtia,hBG5vMBqkXoKVhe5nKFmfjAVyNoGHSr22VXcrkoN,0tSt4SUsOj8fKBL2OwFTAz878S85snjiNnAx7n8z,MOx9AM3J6rnEQQJCSsWfT7wdOetSni3OV0mrNgho,0tSt4SUsOj8fKBL2OwFTAz878S85snjiNnAx7n8z
hBG5vMBqkXoKVhe5nKFmfjAVyNoGHSr22VXcrkoN,G97yzpX8HPnbmrVEC0Aoz2si9mlAiCfZmduqw99n,G0PLr6xT9E96wJTJXQDNB728J4rHnKFKya5jIcwT,hBG5vMBqkXoKVhe5nKFmfjAVyNoGHSr22VXcrkoN,I9zyEumkNRxIzJ9lhMe24gjeuA05krtaF8GygUHD,G97yzpX8HPnbmrVEC0Aoz2si9mlAiCfZmduqw99n
G0PLr6xT9E96wJTJXQDNB728J4rHnKFKya5jIcwT,MOx9AM3J6rnEQQJCSsWfT7wdOetSni3OV0mrNgho,DboXcHUzjiTnEyfVzMA8hgefX2B7suIPftuPWSyq,G0PLr6xT9E96wJTJXQDNB728J4rHnKFKya5jIcwT,BR0isoSnDlgTmIqukAORkXTz6C9ABpEWp1Yw4Fx6,MOx9AM3J6rnEQQJCSsWfT7wdOetSni3OV0mrNgho
DboXcHUzjiTnEyfVzMA8hgefX2B7suIPftuPWSyq,I9zyEumkNRxIzJ9lhMe24gjeuA05krtaF8GygUHD,G97yzpX8HPnbmrVEC0Aoz2si9mlAiCfZmduqw99n,G97yzpX8HPnbmrVEC0Aoz2si9mlAiCfZmduqw99n,0tSt4SUsOj8fKBL2OwFTAz878S85snjiNnAx7n8z,I9zyEumkNRxIzJ9lhMe24gjeuA05krtaF8GygUHD
neo9uYRJVawyUm1nyXvQrJxwVqapvXp6gVg6kwxr,BR0isoSnDlgTmIqukAORkXTz6C9ABpEWp1Yw4Fx6,MOx9AM3J6rnEQQJCSsWfT7wdOetSni3OV0mrNgho,MOx9AM3J6rnEQQJCSsWfT7wdOetSni3OV0mrNgho,hBG5vMBqkXoKVhe5nKFmfjAVyNoGHSr22VXcrkoN,BR0isoSnDlgTmIqukAORkXTz6C9ABpEWp1Yw4Fx6
G97yzpX8HPnbmrVEC0Aoz2si9mlAiCfZmduqw99n,0tSt4SUsOj8fKBL2OwFTAz878S85snjiNnAx7n8z,I9zyEumkNRxIzJ9lhMe24gjeuA05krtaF8GygUHD,I9zyEumkNRxIzJ9lhMe24gjeuA05krtaF8GygUHD,G97yzpX8HPnbmrVEC0Aoz2si9mlAiCfZmduqw99n,0tSt4SUsOj8fKBL2OwFTAz878S85snjiNnAx7n8z
MOx9AM3J6rnEQQJCSsWfT7wdOetSni3OV0mrNgho,hBG5vMBqkXoKVhe5nKFmfjAVyNoGHSr22VXcrkoN,BR0isoSnDlgTmIqukAORkXTz6C9ABpEWp1Yw4Fx6,BR0isoSnDlgTmIqukAORkXTz6C9ABpEWp1Yw4Fx6,MOx9AM3J6rnEQQJCSsWfT7wdOetSni3OV0mrNgho,G97yzpX8HPnbmrVEC0Aoz2si9mlAiCfZmduqw99n
I9zyEumkNRxIzJ9lhMe24gjeuA05krtaF8GygUHD,G0PLr6xT9E96wJTJXQDNB728J4rHnKFKya5jIcwT,0tSt4SUsOj8fKBL2OwFTAz878S85snjiNnAx7n8z,0tSt4SUsOj8fKBL2OwFTAz878S85snjiNnAx7n8z,I9zyEumkNRxIzJ9lhMe24gjeuA05krtaF8GygUHD,MOx9AM3J6rnEQQJCSsWfT7wdOetSni3OV0mrNgho
BR0isoSnDlgTmIqukAORkXTz6C9ABpEWp1Yw4Fx6,DboXcHUzjiTnEyfVzMA8hgefX2B7suIPftuPWSyq,hBG5vMBqkXoKVhe5nKFmfjAVyNoGHSr22VXcrkoN,hBG5vMBqkXoKVhe5nKFmfjAVyNoGHSr22VXcrkoN,BR0isoSnDlgTmIqukAORkXTz6C9ABpEWp1Yw4Fx6,I9zyEumkNRxIzJ9lhMe24gjeuA05krtaF8GygUHD
0tSt4SUsOj8fKBL2OwFTAz878S85snjiNnAx7n8z,neo9uYRJVawyUm1nyXvQrJxwVqapvXp6gVg6kwxr,G0PLr6xT9E96wJTJXQDNB728J4rHnKFKya5jIcwT,G0PLr6xT9E96wJTJXQDNB728J4rHnKFKya5jIcwT,0tSt4SUsOj8fKBL2OwFTAz878S85snjiNnAx7n8z,BR0isoSnDlgTmIqukAORkXTz6C9ABpEWp1Yw4Fx6
hBG5vMBqkXoKVhe5nKFmfjAVyNoGHSr22VXcrkoN,nOgJEtffp9e3P1qN9pqUrIZB0WQ9VIdptmx5wtia,DboXcHUzjiTnEyfVzMA8hgefX2B7suIPftuPWSyq,G97yzpX8HPnbmrVEC0Aoz2si9mlAiCfZmduqw99n,hBG5vMBqkXoKVhe5nKFmfjAVyNoGHSr22VXcrkoN,0tSt4SUsOj8fKBL2OwFTAz878S85snjiNnAx7n8z
G0PLr6xT9E96wJTJXQDNB728J4rHnKFKya5jIcwT,G97yzpX8HPnbmrVEC0Aoz2si9mlAiCfZmduqw99n,G97yzpX8HPnbmrVEC0Aoz2si9mlAiCfZmduqw99n,MOx9AM3J6rnEQQJCSsWfT7wdOetSni3OV0mrNgho,G97yzpX8HPnbmrVEC0Aoz2si9mlAiCfZmduqw99n,G97yzpX8HPnbmrVEC0Aoz2si9mlAiCfZmduqw99n
DboXcHUzjiTnEyfVzMA8hgefX2B7suIPftuPWSyq,MOx9AM3J6rnEQQJCSsWfT7wdOetSni3OV0mrNgho,MOx9AM3J6rnEQQJCSsWfT7wdOetSni3OV0mrNgho,I9zyEumkNRxIzJ9lhMe24gjeuA05krtaF8GygUHD,MOx9AM3J6rnEQQJCSsWfT7wdOetSni3OV0mrNgho,MOx9AM3J6rnEQQJCSsWfT7wdOetSni3OV0mrNgho
neo9uYRJVawyUm1nyXvQrJxwVqapvXp6gVg6kwxr,I9zyEumkNRxIzJ9lhMe24gjeuA05krtaF8GygUHD,I9zyEumkNRxIzJ9lhMe24gjeuA05krtaF8GygUHD,BR0isoSnDlgTmIqukAORkXTz6C9ABpEWp1Yw4Fx6,I9zyEumkNRxIzJ9lhMe24gjeuA05krtaF8GygUHD,I9zyEumkNRxIzJ9lhMe24gjeuA05krtaF8GygUHD
G97yzpX8HPnbmrVEC0Aoz2si9mlAiCfZmduqw99n,BR0isoSnDlgTmIqukAORkXTz6C9ABpEWp1Yw4Fx6,BR0isoSnDlgTmIqukAORkXTz6C9ABpEWp1Yw4Fx6,0tSt4SUsOj8fKBL2OwFTAz878S85snjiNnAx7n8z,BR0isoSnDlgTmIqukAORkXTz6C9ABpEWp1Yw4Fx6,BR0isoSnDlgTmIqukAORkXTz6C9ABpEWp1Yw4Fx6
MOx9AM3J6rnEQQJCSsWfT7wdOetSni3OV0mrNgho,0tSt4SUsOj8fKBL2OwFTAz878S85snjiNnAx7n8z,0tSt4SUsOj8fKBL2OwFTAz878S85snjiNnAx7n8z,hBG5vMBqkXoKVhe5nKFmfjAVyNoGHSr22VXcrkoN,0tSt4SUsOj8fKBL2OwFTAz878S85snjiNnAx7n8z,0tSt4SUsOj8fKBL2OwFTAz878S85snjiNnAx7n8z
I9zyEumkNRxIzJ9lhMe24gjeuA05krtaF8GygUHD,hBG5vMBqkXoKVhe5nKFmfjAVyNoGHSr22VXcrkoN,hBG5vMBqkXoKVhe5nKFmfjAVyNoGHSr22VXcrkoN,G0PLr6xT9E96wJTJXQDNB728J4rHnKFKya5jIcwT,hBG5vMBqkXoKVhe5nKFmfjAVyNoGHSr22VXcrkoN,G97yzpX8HPnbmrVEC0Aoz2si9mlAiCfZmduqw99n
BR0isoSnDlgTmIqukAORkXTz6C9ABpEWp1Yw4Fx6,G0PLr6xT9E96wJTJXQDNB728J4rHnKFKya5jIcwT,G0PLr6xT9E96wJTJXQDNB728J4rHnKFKya5jIcwT,G97yzpX8HPnbmrVEC0Aoz2si9mlAiCfZmduqw99n,G97yzpX8HPnbmrVEC0Aoz2si9mlAiCfZmduqw99n,MOx9AM3J6rnEQQJCSsWfT7wdOetSni3OV0mrNgho
0tSt4SUsOj8fKBL2OwFTAz878S85snjiNnAx7n8z,DboXcHUzjiTnEyfVzMA8hgefX2B7suIPftuPWSyq,DboXcHUzjiTnEyfVzMA8hgefX2B7suIPftuPWSyq,MOx9AM3J6rnEQQJCSsWfT7wdOetSni3OV0mrNgho,MOx9AM3J6rnEQQJCSsWfT7wdOetSni3OV0mrNgho,I9zyEumkNRxIzJ9lhMe24gjeuA05krtaF8GygUHD
hBG5vMBqkXoKVhe5nKFmfjAVyNoGHSr22VXcrkoN,neo9uYRJVawyUm1nyXvQrJxwVqapvXp6gVg6kwxr,G97yzpX8HPnbmrVEC0Aoz2si9mlAiCfZmduqw99n,I9zyEumkNRxIzJ9lhMe24gjeuA05krtaF8GygUHD,I9zyEumkNRxIzJ9lhMe24gjeuA05krtaF8GygUHD,BR0isoSnDlgTmIqukAORkXTz6C9ABpEWp1Yw4Fx6
G0PLr6xT9E96wJTJXQDNB728J4rHnKFKya5jIcwT,nOgJEtffp9e3P1qN9pqUrIZB0WQ9VIdptmx5wtia,MOx9AM3J6rnEQQJCSsWfT7wdOetSni3OV0mrNgho,BR0isoSnDlgTmIqukAORkXTz6C9ABpEWp1Yw4Fx6,BR0isoSnDlgTmIqukAORkXTz6C9ABpEWp1Yw4Fx6,0tSt4SUsOj8fKBL2OwFTAz878S85snjiNnAx7n8z
DboXcHUzjiTnEyfVzMA8hgefX2B7suIPftuPWSyq,G97yzpX8HPnbmrVEC0Aoz2si9mlAiCfZmduqw99n,I9zyEumkNRxIzJ9lhMe24gjeuA05krtaF8GygUHD,0tSt4SUsOj8fKBL2OwFTAz878S85snjiNnAx7n8z,0tSt4SUsOj8fKBL2OwFTAz878S85snjiNnAx7n8z,G97yzpX8HPnbmrVEC0Aoz2si9mlAiCfZmduqw99n
neo9uYRJVawyUm1nyXvQrJxwVqapvXp6gVg6kwxr,MOx9AM3J6rnEQQJCSsWfT7wdOetSni3OV0mrNgho,BR0isoSnDlgTmIqukAORkXTz6C9ABpEWp1Yw4Fx6,hBG5vMBqkXoKVhe5nKFmfjAVyNoGHSr22VXcrkoN,hBG5vMBqkXoKVhe5nKFmfjAVyNoGHSr22VXcrkoN,MOx9AM3J6rnEQQJCSsWfT7wdOetSni3OV0mrNgho
G97yzpX8HPnbmrVEC0Aoz2si9mlAiCfZmduqw99n,I9zyEumkNRxIzJ9lhMe24gjeuA05krtaF8GygUHD,0tSt4SUsOj8fKBL2OwFTAz878S85snjiNnAx7n8z,G0PLr6xT9E96wJTJXQDNB728J4rHnKFKya5jIcwT,G97yzpX8HPnbmrVEC0Aoz2si9mlAiCfZmduqw99n,I9zyEumkNRxIzJ9lhMe24gjeuA05krtaF8GygUHD
MOx9AM3J6rnEQQJCSsWfT7wdOetSni3OV0mrNgho,BR0isoSnDlgTmIqukAORkXTz6C9ABpEWp1Yw4Fx6,hBG5vMBqkXoKVhe5nKFmfjAVyNoGHSr22VXcrkoN,G97yzpX8HPnbmrVEC0Aoz2si9mlAiCfZmduqw99n,MOx9AM3J6rnEQQJCSsWfT7wdOetSni3OV0mrNgho,BR0isoSnDlgTmIqukAORkXTz6C9ABpEWp1Yw4Fx6
I9zyEumkNRxIzJ9lhMe24gjeuA05krtaF8GygUHD,0tSt4SUsOj8fKBL2OwFTAz878S85snjiNnAx7n8z,G0PLr6xT9E96wJTJXQDNB728J4rHnKFKya5jIcwT,MOx9AM3J6rnEQQJCSsWfT7wdOetSni3OV0mrNgho,I9zyEumkNRxIzJ9lhMe24gjeuA05krtaF8GygUHD,0tSt4SUsOj8fKBL2OwFTAz878S85snjiNnAx7n8z
BR0isoSnDlgTmIqukAORkXTz6C9ABpEWp1Yw4Fx6,hBG5vMBqkXoKVhe5nKFmfjAVyNoGHSr22VXcrkoN,DboXcHUzjiTnEyfVzMA8hgefX2B7suIPftuPWSyq,I9zyEumkNRxIzJ9lhMe24gjeuA05krtaF8GygUHD,BR0isoSnDlgTmIqukAORkXTz6C9ABpEWp1Yw4Fx6,G97yzpX8HPnbmrVEC0Aoz2si9mlAiCfZmduqw99n
0tSt4SUsOj8fKBL2OwFTAz878S85snjiNnAx7n8z,G0PLr6xT9E96wJTJXQDNB728J4rHnKFKya5jIcwT,G97yzpX8HPnbmrVEC0Aoz2si9mlAiCfZmduqw99n,BR0isoSnDlgTmIqukAORkXTz6C9ABpEWp1Yw4Fx6,0tSt4SUsOj8fKBL2OwFTAz878S85snjiNnAx7n8z,MOx9AM3J6rnEQQJCSsWfT7wdOetSni3OV0mrNgho
hBG5vMBqkXoKVhe5nKFmfjAVyNoGHSr22VXcrkoN,DboXcHUzjiTnEyfVzMA8hgefX2B7suIPftuPWSyq,MOx9AM3J6rnEQQJCSsWfT7wdOetSni3OV0mrNgho,0tSt4SUsOj8fKBL2OwFTAz878S85snjiNnAx7n8z,hBG5vMBqkXoKVhe5nKFmfjAVyNoGHSr22VXcrkoN,I9zyEumkNRxIzJ9lhMe24gjeuA05krtaF8GygUHD
G0PLr6xT9E96wJTJXQDNB728J4rHnKFKya5jIcwT,neo9uYRJVawyUm1nyXvQrJxwVqapvXp6gVg6kwxr,I9zyEumkNRxIzJ9lhMe24gjeuA05krtaF8GygUHD,hBG5vMBqkXoKVhe5nKFmfjAVyNoGHSr22VXcrkoN,G97yzpX8HPnbmrVEC0Aoz2si9mlAiCfZmduqw99n,BR0isoSnDlgTmIqukAORkXTz6C9ABpEWp1Yw4Fx6
DboXcHUzjiTnEyfVzMA8hgefX2B7suIPftuPWSyq,nOgJEtffp9e3P1qN9pqUrIZB0WQ9VIdptmx5wtia,BR0isoSnDlgTmIqukAORkXTz6C9ABpEWp1Yw4Fx6,G0PLr6xT9E96wJTJXQDNB728J4rHnKFKya5jIcwT,MOx9AM3J6rnEQQJCSsWfT7wdOetSni3OV0mrNgho,0tSt4SUsOj8fKBL2OwFTAz878S85snjiNnAx7n8z
neo9uYRJVawyUm1nyXvQrJxwVqapvXp6gVg6kwxr,G97yzpX8HPnbmrVEC0Aoz2si9mlAiCfZmduqw99n,0tSt4SUsOj8fKBL2OwFTAz878S85snjiNnAx7n8z,G97yzpX8HPnbmrVEC0Aoz2si9mlAiCfZmduqw99n,I9zyEumkNRxIzJ9lhMe24gjeuA05krtaF8GygUHD,G97yzpX8HPnbmrVEC0Aoz2si9mlAiCfZmduqw99n
G97yzpX8HPnbmrVEC0Aoz2si9mlAiCfZmduqw99n,MOx9AM3J6rnEQQJCSsWfT7wdOetSni3OV0mrNgho,hBG5vMBqkXoKVhe5nKFmfjAVyNoGHSr22VXcrkoN,MOx9AM3J6rnEQQJCSsWfT7wdOetSni3OV0mrNgho,BR0isoSnDlgTmIqukAORkXTz6C9ABpEWp1Yw4Fx6,MOx9AM3J6rnEQQJCSsWfT7wdOetSni3OV0mrNgho
MOx9AM3J6rnEQQJCSsWfT7wdOetSni3OV0mrNgho,I9zyEumkNRxIzJ9lhMe24gjeuA05krtaF8GygUHD,G0PLr6xT9E96wJTJXQDNB728J4rHnKFKya5jIcwT,I9zyEumkNRxIzJ9lhMe24gjeuA05krtaF8GygUHD,0tSt4SUsOj8fKBL2OwFTAz878S85snjiNnAx7n8z,I9zyEumkNRxIzJ9lhMe24gjeuA05krtaF8GygUHD
I9zyEumkNRxIzJ9lhMe24gjeuA05krtaF8GygUHD,BR0isoSnDlgTmIqukAORkXTz6C9ABpEWp1Yw4Fx6,DboXcHUzjiTnEyfVzMA8hgefX2B7suIPftuPWSyq,BR0isoSnDlgTmIqukAORkXTz6C9ABpEWp1Yw4Fx6,hBG5vMBqkXoKVhe5nKFmfjAVyNoGHSr22VXcrkoN,BR0isoSnDlgTmIqukAORkXTz6C9ABpEWp1Yw4Fx6
BR0isoSnDlgTmIqukAORkXTz6C9ABpEWp1Yw4Fx6,0tSt4SUsOj8fKBL2OwFTAz878S85snjiNnAx7n8z,G97yzpX8HPnbmrVEC0Aoz2si9mlAiCfZmduqw99n,0tSt4SUsOj8fKBL2OwFTAz878S85snjiNnAx7n8z,G97yzpX8HPnbmrVEC0Aoz2si9mlAiCfZmduqw99n,0tSt4SUsOj8fKBL2OwFTAz878S85snjiNnAx7n8z
0tSt4SUsOj8fKBL2OwFTAz878S85snjiNnAx7n8z,hBG5vMBqkXoKVhe5nKFmfjAVyNoGHSr22VXcrkoN,MOx9AM3J6rnEQQJCSsWfT7wdOetSni3OV0mrNgho,hBG5vMBqkXoKVhe5nKFmfjAVyNoGHSr22VXcrkoN,MOx9AM3J6rnEQQJCSsWfT7wdOetSni3OV0mrNgho,G97yzpX8HPnbmrVEC0Aoz2si9mlAiCfZmduqw99n
hBG5vMBqkXoKVhe5nKFmfjAVyNoGHSr22VXcrkoN,G0PLr6xT9E96wJTJXQDNB728J4rHnKFKya5jIcwT,I9zyEumkNRxIzJ9lhMe24gjeuA05krtaF8GygUHD,G0PLr6xT9E96wJTJXQDNB728J4rHnKFKya5jIcwT,I9zyEumkNRxIzJ9lhMe24gjeuA05krtaF8GygUHD,MOx9AM3J6rnEQQJCSsWfT7wdOetSni3OV0mrNgho
G0PLr6xT9E96wJTJXQDNB728J4rHnKFKya5jIcwT,DboXcHUzjiTnEyfVzMA8hgefX2B7suIPftuPWSyq,BR0isoSnDlgTmIqukAORkXTz6C9ABpEWp1Yw4Fx6,G97yzpX8HPnbmrVEC0Aoz2si9mlAiCfZmduqw99n,BR0isoSnDlgTmIqukAORkXTz6C9ABpEWp1Yw4Fx6,I9zyEumkNRxIzJ9lhMe24gjeuA05krtaF8GygUHD
DboXcHUzjiTnEyfVzMA8hgefX2B7suIPftuPWSyq,neo9uYRJVawyUm1nyXvQrJxwVqapvXp6gVg6kwxr,0tSt4SUsOj8fKBL2OwFTAz878S85snjiNnAx7n8z,MOx9AM3J6rnEQQJCSsWfT7wdOetSni3OV0mrNgho,0tSt4SUsOj8fKBL2OwFTAz878S85snjiNnAx7n8z,BR0isoSnDlgTmIqukAORkXTz6C9ABpEWp1Yw4Fx6
neo9uYRJVawyUm1nyXvQrJxwVqapvXp6gVg6kwxr,nOgJEtffp9e3P1qN9pqUrIZB0WQ9VIdptmx5wtia,hBG5vMBqkXoKVhe5nKFmfjAVyNoGHSr22VXcrkoN,I9zyEumkNRxIzJ9lhMe24gjeuA05krtaF8GygUHD,hBG5vMBqkXoKVhe5nKFmfjAVyNoGHSr22VXcrkoN,0tSt4SUsOj8fKBL2OwFTAz878S85snjiNnAx7n8z
G97yzpX8HPnbmrVEC0Aoz2si9mlAiCfZmduqw99n,G97yzpX8HPnbmrVEC0Aoz2si9mlAiCfZmduqw99n,G0PLr6xT9E96wJTJXQDNB728J4rHnKFKya5jIcwT,BR0isoSnDlgTmIqukAORkXTz6C9ABpEWp1Yw4Fx6,G97yzpX8HPnbmrVEC0Aoz2si9mlAiCfZmduqw99n,G97yzpX8HPnbmrVEC0Aoz2si9mlAiCfZmduqw99n
MOx9AM3J6rnEQQJCSsWfT7wdOetSni3OV0mrNgho,MOx9AM3J6rnEQQJCSsWfT7wdOetSni3OV0mrNgho,DboXcHUzjiTnEyfVzMA8hgefX2B7suIPftuPWSyq,0tSt4SUsOj8fKBL2OwFTAz878S85snjiNnAx7n8z,MOx9AM3J6rnEQQJCSsWfT7wdOetSni3OV0mrNgho,MOx9AM3J6rnEQQJCSsWfT7wdOetSni3OV0mrNgho
I9zyEumkNRxIzJ9lhMe24gjeuA05krtaF8GygUHD,I9zyEumkNRxIzJ9lhMe24gjeuA05krtaF8GygUHD,G97yzpX8HPnbmrVEC0Aoz2si9mlAiCfZmduqw99n,hBG5vMBqkXoKVhe5nKFmfjAVyNoGHSr22VXcrkoN,I9zyEumkNRxIzJ9lhMe24gjeuA05krtaF8GygUHD,I9zyEumkNRxIzJ9lhMe24gjeuA05krtaF8GygUHD
BR0isoSnDlgTmIqukAORkXTz6C9ABpEWp1Yw4Fx6,BR0isoSnDlgTmIqukAORkXTz6C9ABpEWp1Yw4Fx6,MOx9AM3J6rnEQQJCSsWfT7wdOetSni3OV0mrNgho,G0PLr6xT9E96wJTJXQDNB728J4rHnKFKya5jIcwT,BR0isoSnDlgTmIqukAORkXTz6C9ABpEWp1Yw4Fx6,BR0isoSnDlgTmIqukAORkXTz6C9ABpEWp1Yw4Fx6
0tSt4SUsOj8fKBL2OwFTAz878S85snjiNnAx7n8z,0tSt4SUsOj8fKBL2OwFTAz878S85snjiNnAx7n8z,I9zyEumkNRxIzJ9lhMe24gjeuA05krtaF8GygUHD,G97yzpX8HPnbmrVEC0Aoz2si9mlAiCfZmduqw99n,0tSt4SUsOj8fKBL2OwFTAz878S85snjiNnAx7n8z,0tSt4SUsOj8fKBL2OwFTAz878S85snjiNnAx7n8z
hBG5vMBqkXoKVhe5nKFmfjAVyNoGHSr22VXcrkoN,hBG5vMBqkXoKVhe5nKFmfjAVyNoGHSr22VXcrkoN,BR0isoSnDlgTmIqukAORkXTz6C9ABpEWp1Yw4Fx6,MOx9AM3J6rnEQQJCSsWfT7wdOetSni3OV0mrNgho,hBG5vMBqkXoKVhe5nKFmfjAVyNoGHSr22VXcrkoN,G97yzpX8HPnbmrVEC0Aoz2si9mlAiCfZmduqw99n
G0PLr6xT9E96wJTJXQDNB728J4rHnKFKya5jIcwT,G0PLr6xT9E96wJTJXQDNB728J4rHnKFKya5jIcwT,0tSt4SUsOj8fKBL2OwFTAz878S85snjiNnAx7n8z,I9zyEumkNRxIzJ9lhMe24gjeuA05krtaF8GygUHD,G97yzpX8HPnbmrVEC0Aoz2si9mlAiCfZmduqw99n,MOx9AM3J6rnEQQJCSsWfT7wdOetSni3OV0mrNgho
DboXcHUzjiTnEyfVzMA8hgefX2B7suIPftuPWSyq,DboXcHUzjiTnEyfVzMA8hgefX2B7suIPftuPWSyq,hBG5vMBqkXoKVhe5nKFmfjAVyNoGHSr22VXcrkoN,BR0isoSnDlgTmIqukAORkXTz6C9ABpEWp1Yw4Fx6,MOx9AM3J6rnEQQJCSsWfT7wdOetSni3OV0mrNgho,I9zyEumkNRxIzJ9lhMe24gjeuA05krtaF8GygUHD
neo9uYRJVawyUm1nyXvQrJxwVqapvXp6gVg6kwxr,neo9uYRJVawyUm1nyXvQrJxwVqapvXp6gVg6kwxr,G0PLr6xT9E96wJTJXQDNB728J4rHnKFKya5jIcwT,0tSt4SUsOj8fKBL2OwFTAz878S85snjiNnAx7n8z,I9zyEumkNRxIzJ9lhMe24gjeuA05krtaF8GygUHD,BR0isoSnDlgTmIqukAORkXTz6C9ABpEWp1Yw4Fx6
G97yzpX8HPnbmrVEC0Aoz2si9mlAiCfZmduqw99n,nOgJEtffp9e3P1qN9pqUrIZB0WQ9VIdptmx5wtia,DboXcHUzjiTnEyfVzMA8hgefX2B7suIPftuPWSyq,hBG5vMBqkXoKVhe5nKFmfjAVyNoGHSr22VXcrkoN,BR0isoSnDlgTmIqukAORkXTz6C9ABpEWp1Yw4Fx6,0tSt4SUsOj8fKBL2OwFTAz878S85snjiNnAx7n8z
MOx9AM3J6rnEQQJCSsWfT7wdOetSni3OV0mrNgho,G97yzpX8HPnbmrVEC0Aoz2si9mlAiCfZmduqw99n,G97yzpX8HPnbmrVEC0Aoz2si9mlAiCfZmduqw99n,G0PLr6xT9E96wJTJXQDNB728J4rHnKFKya5jIcwT,0tSt4SUsOj8fKBL2OwFTAz878S85snjiNnAx7n8z,G97yzpX8HPnbmrVEC0Aoz2si9mlAiCfZmduqw99n
I9zyEumkNRxIzJ9lhMe24gjeuA05krtaF8GygUHD,MOx9AM3J6rnEQQJCSsWfT7wdOetSni3OV0mrNgho,MOx9AM3J6rnEQQJCSsWfT7wdOetSni3OV0mrNgho,G97yzpX8HPnbmrVEC0Aoz2si9mlAiCfZmduqw99n,hBG5vMBqkXoKVhe5nKFmfjAVyNoGHSr22VXcrkoN,MOx9AM3J6rnEQQJCSsWfT7wdOetSni3OV0mrNgho
BR0isoSnDlgTmIqukAORkXTz6C9ABpEWp1Yw4Fx6,I9zyEumkNRxIzJ9lhMe24gjeuA05krtaF8GygUHD,I9zyEumkNRxIzJ9lhMe24gjeuA05krtaF8GygUHD,MOx9AM3J6rnEQQJCSsWfT7wdOetSni3OV0mrNgho,G97yzpX8HPnbmrVEC0Aoz2si9mlAiCfZmduqw99n,I9zyEumkNRxIzJ9lhMe24gjeuA05krtaF8GygUHD
0tSt4SUsOj8fKBL2OwFTAz878S85snjiNnAx7n8z,BR0isoSnDlgTmIqukAORkXTz6C9ABpEWp1Yw4Fx6,BR0isoSnDlgTmIqukAORkXTz6C9ABpEWp1Yw4Fx6,I9zyEumkNRxIzJ9lhMe24gjeuA05krtaF8GygUHD,MOx9AM3J6rnEQQJCSsWfT7wdOetSni3OV0mrNgho,BR0isoSnDlgTmIqukAORkXTz6C9ABpEWp1Yw4Fx6
hBG5vMBqkXoKVhe5nKFmfjAVyNoGHSr22VXcrkoN,0tSt4SUsOj8fKBL2OwFTAz878S85snjiNnAx7n8z,0tSt4SUsOj8fKBL2OwFTAz878S85snjiNnAx7n8z,BR0isoSnDlgTmIqukAORkXTz6C9ABpEWp1Yw4Fx6,I9zyEumkNRxIzJ9lhMe24gjeuA05krtaF8GygUHD,0tSt4SUsOj8fKBL2OwFTAz878S85snjiNnAx7n8z
G0PLr6xT9E96wJTJXQDNB728J4rHnKFKya5jIcwT,hBG5vMBqkXoKVhe5nKFmfjAVyNoGHSr22VXcrkoN,hBG5vMBqkXoKVhe5nKFmfjAVyNoGHSr22VXcrkoN,0tSt4SUsOj8fKBL2OwFTAz878S85snjiNnAx7n8z,BR0isoSnDlgTmIqukAORkXTz6C9ABpEWp1Yw4Fx6,G97yzpX8HPnbmrVEC0Aoz2si9mlAiCfZmduqw99n
DboXcHUzjiTnEyfVzMA8hgefX2B7suIPftuPWSyq,G0PLr6xT9E96wJTJXQDNB728J4rHnKFKya5jIcwT,G0PLr6xT9E96wJTJXQDNB728J4rHnKFKya5jIcwT,hBG5vMBqkXoKVhe5nKFmfjAVyNoGHSr22VXcrkoN,0tSt4SUsOj8fKBL2OwFTAz878S85snjiNnAx7n8z,MOx9AM3J6rnEQQJCSsWfT7wdOetSni3OV0mrNgho
neo9uYRJVawyUm1nyXvQrJxwVqapvXp6gVg6kwxr,DboXcHUzjiTnEyfVzMA8hgefX2B7suIPftuPWSyq,DboXcHUzjiTnEyfVzMA8hgefX2B7suIPftuPWSyq,G0PLr6xT9E96wJTJXQDNB728J4rHnKFKya5jIcwT,hBG5vMBqkXoKVhe5nKFmfjAVyNoGHSr22VXcrkoN,I9zyEumkNRxIzJ9lhMe24gjeuA05krtaF8GygUHD
G97yzpX8HPnbmrVEC0Aoz2si9mlAiCfZmduqw99n,neo9uYRJVawyUm1nyXvQrJxwVqapvXp6gVg6kwxr,G97yzpX8HPnbmrVEC0Aoz2si9mlAiCfZmduqw99n,G97yzpX8HPnbmrVEC0Aoz2si9mlAiCfZmduqw99n,G97yzpX8HPnbmrVEC0Aoz2si9mlAiCfZmduqw99n,BR0isoSnDlgTmIqukAORkXTz6C9ABpEWp1Yw4Fx6
MOx9AM3J6rnEQQJCSsWfT7wdOetSni3OV0mrNgho,nOgJEtffp9e3P1qN9pqUrIZB0WQ9VIdptmx5wtia,MOx9AM3J6rnEQQJCSsWfT7wdOetSni3OV0mrNgho,MOx9AM3J6rnEQQJCSsWfT7wdOetSni3OV0mrNgho,MOx9AM3J6rnEQQJCSsWfT7wdOetSni3OV0mrNgho,0tSt4SUsOj8fKBL2OwFTAz878S85snjiNnAx7n8z
I9zyEumkNRxIzJ9lhMe24gjeuA05krtaF8GygUHD,G97yzpX8HPnbmrVEC0Aoz2si9mlAiCfZmduqw99n,I9zyEumkNRxIzJ9lhMe24gjeuA05krtaF8GygUHD,I9zyEumkNRxIzJ9lhMe24gjeuA05krtaF8GygUHD,I9zyEumkNRxIzJ9lhMe24gjeuA05krtaF8GygUHD,G97yzpX8HPnbmrVEC0Aoz2si9mlAiCfZmduqw99n
BR0isoSnDlgTmIqukAORkXTz6C9ABpEWp1Yw4Fx6,MOx9AM3J6rnEQQJCSsWfT7wdOetSni3OV0mrNgho,BR0isoSnDlgTmIqukAORkXTz6C9ABpEWp1Yw4Fx6,BR0isoSnDlgTmIqukAORkXTz6C9ABpEWp1Yw4Fx6,BR0isoSnDlgTmIqukAORkXTz6C9ABpEWp1Yw4Fx6,MOx9AM3J6rnEQQJCSsWfT7wdOetSni3OV0mrNgho
0tSt4SUsOj8fKBL2OwFTAz878S85snjiNnAx7n8z,I9zyEumkNRxIzJ9lhMe24gjeuA05krtaF8GygUHD,0tSt4SUsOj8fKBL2OwFTAz878S85snjiNnAx7n8z,0tSt4SUsOj8fKBL2OwFTAz878S85snjiNnAx7n8z,0tSt4SUsOj8fKBL2OwFTAz878S85snjiNnAx7n8z,I9zyEumkNRxIzJ9lhMe24gjeuA05krtaF8GygUHD
hBG5vMBqkXoKVhe5nKFmfjAVyNoGHSr22VXcrkoN,BR0isoSnDlgTmIqukAORkXTz6C9ABpEWp1Yw4Fx6,hBG5vMBqkXoKVhe5nKFmfjAVyNoGHSr22VXcrkoN,hBG5vMBqkXoKVhe5nKFmfjAVyNoGHSr22VXcrkoN,hBG5vMBqkXoKVhe5nKFmfjAVyNoGHSr22VXcrkoN,BR0isoSnDlgTmIqukAORkXTz6C9ABpEWp1Yw4Fx6
G0PLr6xT9E96wJTJXQDNB728J4rHnKFKya5jIcwT,0tSt4SUsOj8fKBL2OwFTAz878S85snjiNnAx7n8z,G0PLr6xT9E96wJTJXQDNB728J4rHnKFKya5jIcwT,G0PLr6xT9E96wJTJXQDNB728J4rHnKFKya5jIcwT,G97yzpX8HPnbmrVEC0Aoz2si9mlAiCfZmduqw99n,0tSt4SUsOj8fKBL2OwFTAz878S85snjiNnAx7n8z
DboXcHUzjiTnEyfVzMA8hgefX2B7suIPftuPWSyq,hBG5vMBqkXoKVhe5nKFmfjAVyNoGHSr22VXcrkoN,DboXcHUzjiTnEyfVzMA8hgefX2B7suIPftuPWSyq,G97yzpX8HPnbmrVEC0Aoz2si9mlAiCfZmduqw99n,MOx9AM3J6rnEQQJCSsWfT7wdOetSni3OV0mrNgho,G97yzpX8HPnbmrVEC0Aoz2si9mlAiCfZmduqw99n
neo9uYRJVawyUm1nyXvQrJxwVqapvXp6gVg6kwxr,G0PLr6xT9E96wJTJXQDNB728J4rHnKFKya5jIcwT,G97yzpX8HPnbmrVEC0Aoz2si9mlAiCfZmduqw99n,MOx9AM3J6rnEQQJCSsWfT7wdOetSni3OV0mrNgho,I9zyEumkNRxIzJ9lhMe24gjeuA05krtaF8GygUHD,MOx9AM3J6rnEQQJCSsWfT7wdOetSni3OV0mrNgho
G97yzpX8HPnbmrVEC0Aoz2si9mlAiCfZmduqw99n,DboXcHUzjiTnEyfVzMA8hgefX2B7suIPftuPWSyq,MOx9AM3J6rnEQQJCSsWfT7wdOetSni3OV0mrNgho,I9zyEumkNRxIzJ9lhMe24gjeuA05krtaF8GygUHD,BR0isoSnDlgTmIqukAORkXTz6C9ABpEWp1Yw4Fx6,I9zyEumkNRxIzJ9lhMe24gjeuA05krtaF8GygUHD
MOx9AM3J6rnEQQJCSsWfT7wdOetSni3OV0mrNgho,neo9uYRJVawyUm1nyXvQrJxwVqapvXp6gVg6kwxr,I9zyEumkNRxIzJ9lhMe24gjeuA05krtaF8GygUHD,BR0isoSnDlgTmIqukAORkXTz6C9ABpEWp1Yw4Fx6,0tSt4SUsOj8fKBL2OwFTAz878S85snjiNnAx7n8z,BR0isoSnDlgTmIqukAORkXTz6C9ABpEWp1Yw4Fx6
I9zyEumkNRxIzJ9lhMe24gjeuA05krtaF8GygUHD,nOgJEtffp9e3P1qN9pqUrIZB0WQ9VIdptmx5wtia,BR0isoSnDlgTmIqukAORkXTz6C9ABpEWp1Yw4Fx6,0tSt4SUsOj8fKBL2OwFTAz878S85snjiNnAx7n8z,hBG5vMBqkXoKVhe5nKFmfjAVyNoGHSr22VXcrkoN,0tSt4SUsOj8fKBL2OwFTAz878S85snjiNnAx7n8z
BR0isoSnDlgTmIqukAORkXTz6C9ABpEWp1Yw4Fx6,G97yzpX8HPnbmrVEC0Aoz2si9mlAiCfZmduqw99n,0tSt4SUsOj8fKBL2OwFTAz878S85snjiNnAx7n8z,hBG5vMBqkXoKVhe5nKFmfjAVyNoGHSr22VXcrkoN,G97yzpX8HPnbmrVEC0Aoz2si9mlAiCfZmduqw99n,G97yzpX8HPnbmrVEC0Aoz2si9mlAiCfZmduqw99n
0tSt4SUsOj8fKBL2OwFTAz878S85snjiNnAx7n8z,MOx9AM3J6rnEQQJCSsWfT7wdOetSni3OV0mrNgho,hBG5vMBqkXoKVhe5nKFmfjAVyNoGHSr22VXcrkoN,G0PLr6xT9E96wJTJXQDNB728J4rHnKFKya5jIcwT,MOx9AM3J6rnEQQJCSsWfT7wdOetSni3OV0mrNgho,MOx9AM3J6rnEQQJCSsWfT7wdOetSni3OV0mrNgho
hBG5vMBqkXoKVhe5nKFmfjAVyNoGHSr22VXcrkoN,I9zyEumkNRxIzJ9lhMe24gjeuA05krtaF8GygUHD,G0PLr6xT9E96wJTJXQDNB728J4rHnKFKya5jIcwT,G97yzpX8HPnbmrVEC0Aoz2si9mlAiCfZmduqw99n,I9zyEumkNRxIzJ9lhMe24gjeuA05krtaF8GygUHD,I9zyEumkNRxIzJ9lhMe24gjeuA05krtaF8GygUHD
G0PLr6xT9E96wJTJXQDNB728J4rHnKFKya5jIcwT,BR0isoSnDlgTmIqukAORkXTz6C9ABpEWp1Yw4Fx6,DboXcHUzjiTnEyfVzMA8hgefX2B7suIPftuPWSyq,MOx9AM3J6rnEQQJCSsWfT7wdOetSni3OV0mrNgho,BR0isoSnDlgTmIqukAORkXTz6C9ABpEWp1Yw4Fx6,BR0isoSnDlgTmIqukAORkXTz6C9ABpEWp1Yw4Fx6
DboXcHUzjiTnEyfVzMA8hgefX2B7suIPftuPWSyq,0tSt4SUsOj8fKBL2OwFTAz878S85snjiNnAx7n8z,G97yzpX8HPnbmrVEC0Aoz2si9mlAiCfZmduqw99n,I9zyEumkNRxIzJ9lhMe24gjeuA05krtaF8GygUHD,0tSt4SUsOj8fKBL2OwFTAz878S85snjiNnAx7n8z,0tSt4SUsOj8fKBL2OwFTAz878S85snjiNnAx7n8z
neo9uYRJVawyUm1nyXvQrJxwVqapvXp6gVg6kwxr,hBG5vMBqkXoKVhe5nKFmfjAVyNoGHSr22VXcrkoN,MOx9AM3J6rnEQQJCSsWfT7wdOetSni3OV0mrNgho,BR0isoSnDlgTmIqukAORkXTz6C9ABpEWp1Yw4Fx6,hBG5vMBqkXoKVhe5nKFmfjAVyNoGHSr22VXcrkoN,G97yzpX8HPnbmrVEC0Aoz2si9mlAiCfZmduqw99n
G97yzpX8HPnbmrVEC0Aoz2si9mlAiCfZmduqw99n,G0PLr6xT9E96wJTJXQDNB728J4rHnKFKya5jIcwT,I9zyEumkNRxIzJ9lhMe24gjeuA05krtaF8GygUHD,0tSt4SUsOj8fKBL2OwFTAz878S85snjiNnAx7n8z,G97yzpX8HPnbmrVEC0Aoz2si9mlAiCfZmduqw99n,MOx9AM3J6rnEQQJCSsWfT7wdOetSni3OV0mrNgho
MOx9AM3J6rnEQQJCSsWfT7wdOetSni3OV0mrNgho,DboXcHUzjiTnEyfVzMA8hgefX2B7suIPftuPWSyq,BR0isoSnDlgTmIqukAORkXTz6C9ABpEWp1Yw4Fx6,hBG5vMBqkXoKVhe5nKFmfjAVyNoGHSr22VXcrkoN,MOx9AM3J6rnEQQJCSsWfT7wdOetSni3OV0mrNgho,I9zyEumkNRxIzJ9lhMe24gjeuA05krtaF8GygUHD
I9zyEumkNRxIzJ9lhMe24gjeuA05krtaF8GygUHD,neo9uYRJVawyUm1nyXvQrJxwVqapvXp6gVg6kwxr,0tSt4SUsOj8fKBL2OwFTAz878S85snjiNnAx7n8z,G0PLr6xT9E96wJTJXQDNB728J4rHnKFKya5jIcwT,I9zyEumkNRxIzJ9lhMe24gjeuA05krtaF8GygUHD,BR0isoSnDlgTmIqukAORkXTz6C9ABpEWp1Yw4Fx6
BR0isoSnDlgTmIqukAORkXTz6C9ABpEWp1Yw4Fx6,nOgJEtffp9e3P1qN9pqUrIZB0WQ9VIdptmx5wtia,hBG5vMBqkXoKVhe5nKFmfjAVyNoGHSr22VXcrkoN,G97yzpX8HPnbmrVEC0Aoz2si9mlAiCfZmduqw99n,BR0isoSnDlgTmIqukAORkXTz6C9ABpEWp1Yw4Fx6,0tSt4SUsOj8fKBL2OwFTAz878S85snjiNnAx7n8z
0tSt4SUsOj8fKBL2OwFTAz878S85snjiNnAx7n8z,G97yzpX8HPnbmrVEC0Aoz2si9mlAiCfZmduqw99n,G0PLr6xT9E96wJTJXQDNB728J4rHnKFKya5jIcwT,MOx9AM3J6rnEQQJCSsWfT7wdOetSni3OV0mrNgho,0tSt4SUsOj8fKBL2OwFTAz878S85snjiNnAx7n8z,G97yzpX8HPnbmrVEC0Aoz2si9mlAiCfZmduqw99n
hBG5vMBqkXoKVhe5nKFmfjAVyNoGHSr22VXcrkoN,MOx9AM3J6rnEQQJCSsWfT7wdOetSni3OV0mrNgho,DboXcHUzjiTnEyfVzMA8hgefX2B7suIPftuPWSyq,I9zyEumkNRxIzJ9lhMe24gjeuA05krtaF8GygUHD,hBG5vMBqkXoKVhe5nKFmfjAVyNoGHSr22VXcrkoN,MOx9AM3J6rnEQQJCSsWfT7wdOetSni3OV0mrNgho
G0PLr6xT9E96wJTJXQDNB728J4rHnKFKya5jIcwT,I9zyEumkNRxIzJ9lhMe24gjeuA05krtaF8GygUHD,G97yzpX8HPnbmrVEC0Aoz2si9mlAiCfZmduqw99n,BR0isoSnDlgTmIqukAORkXTz6C9ABpEWp1Yw4Fx6,G97yzpX8HPnbmrVEC0Aoz2si9mlAiCfZmduqw99n,I9zyEumkNRxIzJ9lhMe24gjeuA05krtaF8GygUHD
DboXcHUzjiTnEyfVzMA8hgefX2B7suIPftuPWSyq,BR0isoSnDlgTmIqukAORkXTz6C9ABpEWp1Yw4Fx6,MOx9AM3J6rnEQQJCSsWfT7wdOetSni3OV0mrNgho,0tSt4SUsOj8fKBL2OwFTAz878S85snjiNnAx7n8z,MOx9AM3J6rnEQQJCSsWfT7wdOetSni3OV0mrNgho,BR0isoSnDlgTmIqukAORkXTz6C9ABpEWp1Yw4Fx6
neo9uYRJVawyUm1nyXvQrJxwVqapvXp6gVg6kwxr,0tSt4SUsOj8fKBL2OwFTAz878S85snjiNnAx7n8z,I9zyEumkNRxIzJ9lhMe24gjeuA05krtaF8GygUHD,hBG5vMBqkXoKVhe5nKFmfjAVyNoGHSr22VXcrkoN,I9zyEumkNRxIzJ9lhMe24gjeuA05krtaF8GygUHD,0tSt4SUsOj8fKBL2OwFTAz878S85snjiNnAx7n8z
G97yzpX8HPnbmrVEC0Aoz2si9mlAiCfZmduqw99n,hBG5vMBqkXoKVhe5nKFmfjAVyNoGHSr22VXcrkoN,BR0isoSnDlgTmIqukAORkXTz6C9ABpEWp1Yw4Fx6,G0PLr6xT9E96wJTJXQDNB728J4rHnKFKya5jIcwT,BR0isoSnDlgTmIqukAORkXTz6C9ABpEWp1Yw4Fx6,G97yzpX8HPnbmrVEC0Aoz2si9mlAiCfZmduqw99n
MOx9AM3J6rnEQQJCSsWfT7wdOetSni3OV0mrNgho,G0PLr6xT9E96wJTJXQDNB728J4rHnKFKya5jIcwT,0tSt4SUsOj8fKBL2OwFTAz878S85snjiNnAx7n8z,G97yzpX8HPnbmrVEC0Aoz2si9mlAiCfZmduqw99n,0tSt4SUsOj8fKBL2OwFTAz878S85snjiNnAx7n8z,MOx9AM3J6rnEQQJCSsWfT7wdOetSni3OV0mrNgho
I9zyEumkNRxIzJ9lhMe24gjeuA05krtaF8GygUHD,DboXcHUzjiTnEyfVzMA8hgefX2B7suIPftuPWSyq,hBG5vMBqkXoKVhe5nKFmfjAVyNoGHSr22VXcrkoN,MOx9AM3J6rnEQQJCSsWfT7wdOetSni3OV0mrNgho,hBG5vMBqkXoKVhe5nKFmfjAVyNoGHSr22VXcrkoN,I9zyEumkNRxIzJ9lhMe24gjeuA05krtaF8GygUHD
BR0isoSnDlgTmIqukAORkXTz6C9ABpEWp1Yw4Fx6,neo9uYRJVawyUm1nyXvQrJxwVqapvXp6gVg6kwxr,G0PLr6xT9E96wJTJXQDNB728J4rHnKFKya5jIcwT,I9zyEumkNRxIzJ9lhMe24gjeuA05krtaF8GygUHD,G97yzpX8HPnbmrVEC0Aoz2si9mlAiCfZmduqw99n,BR0isoSnDlgTmIqukAORkXTz6C9ABpEWp1Yw4Fx6
0tSt4SUsOj8fKBL2OwFTAz878S85snjiNnAx7n8z,nOgJEtffp9e3P1qN9pqUrIZB0WQ9VIdptmx5wtia,DboXcHUzjiTnEyfVzMA8hgefX2B7suIPftuPWSyq,BR0isoSnDlgTmIqukAORkXTz6C9ABpEWp1Yw4Fx6,MOx9AM3J6rnEQQJCSsWfT7wdOetSni3OV0mrNgho,0tSt4SUsOj8fKBL2OwFTAz878S85snjiNnAx7n8z
hBG5vMBqkXoKVhe5nKFmfjAVyNoGHSr22VXcrkoN,G97yzpX8HPnbmrVEC0Aoz2si9mlAiCfZmduqw99n,G97yzpX8HPnbmrVEC0Aoz2si9mlAiCfZmduqw99n,0tSt4SUsOj8fKBL2OwFTAz878S85snjiNnAx7n8z,I9zyEumkNRxIzJ9lhMe24gjeuA05krtaF8GygUHD,G97yzpX8HPnbmrVEC0Aoz2si9mlAiCfZmduqw99n
G0PLr6xT9E96wJTJXQDNB728J4rHnKFKya5jIcwT,MOx9AM3J6rnEQQJCSsWfT7wdOetSni3OV0mrNgho,MOx9AM3J6rnEQQJCSsWfT7wdOetSni3OV0mrNgho,hBG5vMBqkXoKVhe5nKFmfjAVyNoGHSr22VXcrkoN,BR0isoSnDlgTmIqukAORkXTz6C9ABpEWp1Yw4Fx6,MOx9AM3J6rnEQQJCSsWfT7wdOetSni3OV0mrNgho
DboXcHUzjiTnEyfVzMA8hgefX2B7suIPftuPWSyq,I9zyEumkNRxIzJ9lhMe24gjeuA05krtaF8GygUHD,I9zyEumkNRxIzJ9lhMe24gjeuA05krtaF8GygUHD,G0PLr6xT9E96wJTJXQDNB728J4rHnKFKya5jIcwT,0tSt4SUsOj8fKBL2OwFTAz878S85snjiNnAx7n8z,I9zyEumkNRxIzJ9lhMe24gjeuA05krtaF8GygUHD
neo9uYRJVawyUm1nyXvQrJxwVqapvXp6gVg6kwxr,BR0isoSnDlgTmIqukAORkXTz6C9ABpEWp1Yw4Fx6,BR0isoSnDlgTmIqukAORkXTz6C9ABpEWp1Yw4Fx6,G97yzpX8HPnbmrVEC0Aoz2si9mlAiCfZmduqw99n,hBG5vMBqkXoKVhe5nKFmfjAVyNoGHSr22VXcrkoN,BR0isoSnDlgTmIqukAORkXTz6C9ABpEWp1Yw4Fx6
G97yzpX8HPnbmrVEC0Aoz2si9mlAiCfZmduqw99n,0tSt4SUsOj8fKBL2OwFTAz878S85snjiNnAx7n8z,0tSt4SUsOj8fKBL2OwFTAz878S85snjiNnAx7n8z,MOx9AM3J6rnEQQJCSsWfT7wdOetSni3OV0mrNgho,G97yzpX8HPnbmrVEC0Aoz2si9mlAiCfZmduqw99n,0tSt4SUsOj8fKBL2OwFTAz878S85snjiNnAx7n8z
MOx9AM3J6rnEQQJCSsWfT7wdOetSni3OV0mrNgho,hBG5vMBqkXoKVhe5nKFmfjAVyNoGHSr22VXcrkoN,hBG5vMBqkXoKVhe5nKFmfjAVyNoGHSr22VXcrkoN,I9zyEumkNRxIzJ9lhMe24gjeuA05krtaF8GygUHD,MOx9AM3J6rnEQQJCSsWfT7wdOetSni3OV0mrNgho,G97yzpX8HPnbmrVEC0Aoz2si9mlAiCfZmduqw99n
I9zyEumkNRxIzJ9lhMe24gjeuA05krtaF8GygUHD,G0PLr6xT9E96wJTJXQDNB728J4rHnKFKya5jIcwT,G0PLr6xT9E96wJTJXQDNB728J4rHnKFKya5jIcwT,BR0isoSnDlgTmIqukAORkXTz6C9ABpEWp1Yw4Fx6,I9zyEumkNRxIzJ9lhMe24gjeuA05krtaF8GygUHD,MOx9AM3J6rnEQQJCSsWfT7wdOetSni3OV0mrNgho
BR0isoSnDlgTmIqukAORkXTz6C9ABpEWp1Yw4Fx6,DboXcHUzjiTnEyfVzMA8hgefX2B7suIPftuPWSyq,DboXcHUzjiTnEyfVzMA8hgefX2B7suIPftuPWSyq,0tSt4SUsOj8fKBL2OwFTAz878S85snjiNnAx7n8z,BR0isoSnDlgTmIqukAORkXTz6C9ABpEWp1Yw4Fx6,I9zyEumkNRxIzJ9lhMe24gjeuA05krtaF8GygUHD
0tSt4SUsOj8fKBL2OwFTAz878S85snjiNnAx7n8z,neo9uYRJVawyUm1nyXvQrJxwVqapvXp6gVg6kwxr,G97yzpX8HPnbmrVEC0Aoz2si9mlAiCfZmduqw99n,hBG5vMBqkXoKVhe5nKFmfjAVyNoGHSr22VXcrkoN,0tSt4SUsOj8fKBL2OwFTAz878S85snjiNnAx7n8z,BR0isoSnDlgTmIqukAORkXTz6C9ABpEWp1Yw4Fx6
hBG5vMBqkXoKVhe5nKFmfjAVyNoGHSr22VXcrkoN,nOgJEtffp9e3P1qN9pqUrIZB0WQ9VIdptmx5wtia,MOx9AM3J6rnEQQJCSsWfT7wdOetSni3OV0mrNgho,G0PLr6xT9E96wJTJXQDNB728J4rHnKFKya5jIcwT,hBG5vMBqkXoKVhe5nKFmfjAVyNoGHSr22VXcrkoN,0tSt4SUsOj8fKBL2OwFTAz878S85snjiNnAx7n8z
G0PLr6xT9E96wJTJXQDNB728J4rHnKFKya5jIcwT,G97yzpX8HPnbmrVEC0Aoz2si9mlAiCfZmduqw99n,I9zyEumkNRxIzJ9lhMe24gjeuA05krtaF8GygUHD,G97yzpX8HPnbmrVEC0Aoz2si9mlAiCfZmduqw99n,G97yzpX8HPnbmrVEC0Aoz2si9mlAiCfZmduqw99n,G97yzpX8HPnbmrVEC0Aoz2si9mlAiCfZmduqw99n
DboXcHUzjiTnEyfVzMA8hgefX2B7suIPftuPWSyq,MOx9AM3J6rnEQQJCSsWfT7wdOetSni3OV0mrNgho,BR0isoSnDlgTmIqukAORkXTz6C9ABpEWp1Yw4Fx6,MOx9AM3J6rnEQQJCSsWfT7wdOetSni3OV0mrNgho,MOx9AM3J6rnEQQJCSsWfT7wdOetSni3OV0mrNgho,MOx9AM3J6rnEQQJCSsWfT7wdOetSni3OV0mrNgho
neo9uYRJVawyUm1nyXvQrJxwVqapvXp6gVg6kwxr,I9zyEumkNRxIzJ9lhMe24gjeuA05krtaF8GygUHD,0tSt4SUsOj8fKBL2OwFTAz878S85snjiNnAx7n8z,I9zyEumkNRxIzJ9lhMe24gjeuA05krtaF8GygUHD,I9zyEumkNRxIzJ9lhMe24gjeuA05krtaF8GygUHD,I9zyEumkNRxIzJ9lhMe24gjeuA05krtaF8GygUHD
G97yzpX8HPnbmrVEC0Aoz2si9mlAiCfZmduqw99n,BR0isoSnDlgTmIqukAORkXTz6C9ABpEWp1Yw4Fx6,hBG5vMBqkXoKVhe5nKFmfjAVyNoGHSr22VXcrkoN,BR0isoSnDlgTmIqukAORkXTz6C9ABpEWp1Yw4Fx6,BR0isoSnDlgTmIqukAORkXTz6C9ABpEWp1Yw4Fx6,BR0isoSnDlgTmIqukAORkXTz6C9ABpEWp1Yw4Fx6
MOx9AM3J6rnEQQJCSsWfT7wdOetSni3OV0mrNgho,0tSt4SUsOj8fKBL2OwFTAz878S85snjiNnAx7n8z,G0PLr6xT9E96wJTJXQDNB728J4rHnKFKya5jIcwT,0tSt4SUsOj8fKBL2OwFTAz878S85snjiNnAx7n8z,0tSt4SUsOj8fKBL2OwFTAz878S85snjiNnAx7n8z,0tSt4SUsOj8fKBL2OwFTAz878S85snjiNnAx7n8z
I9zyEumkNRxIzJ9lhMe24gjeuA05krtaF8GygUHD,hBG5vMBqkXoKVhe5nKFmfjAVyNoGHSr22VXcrkoN,DboXcHUzjiTnEyfVzMA8hgefX2B7suIPftuPWSyq,hBG5vMBqkXoKVhe5nKFmfjAVyNoGHSr22VXcrkoN,hBG5vMBqkXoKVhe5nKFmfjAVyNoGHSr22VXcrkoN,G97yzpX8HPnbmrVEC0Aoz2si9mlAiCfZmduqw99n
BR0isoSnDlgTmIqukAORkXTz6C9ABpEWp1Yw4Fx6,G0PLr6xT9E96wJTJXQDNB728J4rHnKFKya5jIcwT,G97yzpX8HPnbmrVEC0Aoz2si9mlAiCfZmduqw99n,G0PLr6xT9E96wJTJXQDNB728J4rHnKFKya5jIcwT,G97yzpX8HPnbmrVEC0Aoz2si9mlAiCfZmduqw99n,MOx9AM3J6rnEQQJCSsWfT7wdOetSni3OV0mrNgho
0tSt4SUsOj8fKBL2OwFTAz878S85snjiNnAx7n8z,DboXcHUzjiTnEyfVzMA8hgefX2B7suIPftuPWSyq,MOx9AM3J6rnEQQJCSsWfT7wdOetSni3OV0mrNgho,G97yzpX8HPnbmrVEC0Aoz2si9mlAiCfZmduqw99n,MOx9AM3J6rnEQQJCSsWfT7wdOetSni3OV0mrNgho,I9zyEumkNRxIzJ9lhMe24gjeuA05krtaF8GygUHD
hBG5vMBqkXoKVhe5nKFmfjAVyNoGHSr22VXcrkoN,neo9uYRJVawyUm1nyXvQrJxwVqapvXp6gVg6kwxr,I9zyEumkNRxIzJ9lhMe24gjeuA05krtaF8GygUHD,MOx9AM3J6rnEQQJCSsWfT7wdOetSni3OV0mrNgho,I9zyEumkNRxIzJ9lhMe24gjeuA05krtaF8GygUHD,BR0isoSnDlgTmIqukAORkXTz6C9ABpEWp1Yw4Fx6
G0PLr6xT9E96wJTJXQDNB728J4rHnKFKya5jIcwT,nOgJEtffp9e3P1qN9pqUrIZB0WQ9VIdptmx5wtia,BR0isoSnDlgTmIqukAORkXTz6C9ABpEWp1Yw4Fx6,I9zyEumkNRxIzJ9lhMe24gjeuA05krtaF8GygUHD,BR0isoSnDlgTmIqukAORkXTz6C9ABpEWp1Yw4Fx6,0tSt4SUsOj8fKBL2OwFTAz878S85snjiNnAx7n8z
DboXcHUzjiTnEyfVzMA8hgefX2B7suIPftuPWSyq,G97yzpX8HPnbmrVEC0Aoz2si9mlAiCfZmduqw99n,0tSt4SUsOj8fKBL2OwFTAz878S85snjiNnAx7n8z,BR0isoSnDlgTmIqukAORkXTz6C9ABpEWp1Yw4Fx6,0tSt4SUsOj8fKBL2OwFTAz878S85snjiNnAx7n8z,G97yzpX8HPnbmrVEC0Aoz2si9mlAiCfZmduqw99n
neo9uYRJVawyUm1nyXvQrJxwVqapvXp6gVg6kwxr,MOx9AM3J6rnEQQJCSsWfT7wdOetSni3OV0mrNgho,hBG5vMBqkXoKVhe5nKFmfjAVyNoGHSr22VXcrkoN,0tSt4SUsOj8fKBL2OwFTAz878S85snjiNnAx7n8z,hBG5vMBqkXoKVhe5nKFmfjAVyNoGHSr22VXcrkoN,MOx9AM3J6rnEQQJCSsWfT7wdOetSni3OV0mrNgho
G97yzpX8HPnbmrVEC0Aoz2si9mlAiCfZmduqw99n,I9zyEumkNRxIzJ9lhMe24gjeuA05krtaF8GygUHD,G0PLr6xT9E96wJTJXQDNB728J4rHnKFKya5jIcwT,hBG5vMBqkXoKVhe5nKFmfjAVyNoGHSr22VXcrkoN,G97yzpX8HPnbmrVEC0Aoz2si9mlAiCfZmduqw99n,I9zyEumkNRxIzJ9lhMe24gjeuA05krtaF8GygUHD
MOx9AM3J6rnEQQJCSsWfT7wdOetSni3OV0mrNgho,BR0isoSnDlgTmIqukAORkXTz6C9ABpEWp1Yw4Fx6,DboXcHUzjiTnEyfVzMA8hgefX2B7suIPftuPWSyq,G0PLr6xT9E96wJTJXQDNB728J4rHnKFKya5jIcwT,MOx9AM3J6rnEQQJCSsWfT7wdOetSni3OV0mrNgho,BR0isoSnDlgTmIqukAORkXTz6C9ABpEWp1Yw4Fx6
I9zyEumkNRxIzJ9lhMe24gjeuA05krtaF8GygUHD,0tSt4SUsOj8fKBL2OwFTAz878S85snjiNnAx7n8z,G97yzpX8HPnbmrVEC0Aoz2si9mlAiCfZmduqw99n,G97yzpX8HPnbmrVEC0Aoz2si9mlAiCfZmduqw99n,I9zyEumkNRxIzJ9lhMe24gjeuA05krtaF8GygUHD,0tSt4SUsOj8fKBL2OwFTAz878S85snjiNnAx7n8z
BR0isoSnDlgTmIqukAORkXTz6C9ABpEWp1Yw4Fx6,hBG5vMBqkXoKVhe5nKFmfjAVyNoGHSr22VXcrkoN,MOx9AM3J6rnEQQJCSsWfT7wdOetSni3OV0mrNgho,MOx9AM3J6rnEQQJCSsWfT7wdOetSni3OV0mrNgho,BR0isoSnDlgTmIqukAORkXTz6C9ABpEWp1Yw4Fx6,G97yzpX8HPnbmrVEC0Aoz2si9mlAiCfZmduqw99n
0tSt4SUsOj8fKBL2OwFTAz878S85snjiNnAx7n8z,G0PLr6xT9E96wJTJXQDNB728J4rHnKFKya5jIcwT,I9zyEumkNRxIzJ9lhMe24gjeuA05krtaF8GygUHD,I9zyEumkNRxIzJ9lhMe24gjeuA05krtaF8GygUHD,0tSt4SUsOj8fKBL2OwFTAz878S85snjiNnAx7n8z,MOx9AM3J6rnEQQJCSsWfT7wdOetSni3OV0mrNgho
hBG5vMBqkXoKVhe5nKFmfjAVyNoGHSr22VXcrkoN,DboXcHUzjiTnEyfVzMA8hgefX2B7suIPftuPWSyq,BR0isoSnDlgTmIqukAORkXTz6C9ABpEWp1Yw4Fx6,BR0isoSnDlgTmIqukAORkXTz6C9ABpEWp1Yw4Fx6,hBG5vMBqkXoKVhe5nKFmfjAVyNoGHSr22VXcrkoN,I9zyEumkNRxIzJ9lhMe24gjeuA05krtaF8GygUHD
G0PLr6xT9E96wJTJXQDNB728J4rHnKFKya5jIcwT,neo9uYRJVawyUm1nyXvQrJxwVqapvXp6gVg6kwxr,0tSt4SUsOj8fKBL2OwFTAz878S85snjiNnAx7n8z,0tSt4SUsOj8fKBL2OwFTAz878S85snjiNnAx7n8z,G97yzpX8HPnbmrVEC0Aoz2si9mlAiCfZmduqw99n,BR0isoSnDlgTmIqukAORkXTz6C9ABpEWp1Yw4Fx6
DboXcHUzjiTnEyfVzMA8hgefX2B7suIPftuPWSyq,nOgJEtffp9e3P1qN9pqUrIZB0WQ9VIdptmx5wtia,hBG5vMBqkXoKVhe5nKFmfjAVyNoGHSr22VXcrkoN,hBG5vMBqkXoKVhe5nKFmfjAVyNoGHSr22VXcrkoN,MOx9AM3J6rnEQQJCSsWfT7wdOetSni3OV0mrNgho,0tSt4SUsOj8fKBL2OwFTAz878S85snjiNnAx7n8z
neo9uYRJVawyUm1nyXvQrJxwVqapvXp6gVg6kwxr,G97yzpX8HPnbmrVEC0Aoz2si9mlAiCfZmduqw99n,G0PLr6xT9E96wJTJXQDNB728J4rHnKFKya5jIcwT,G0PLr6xT9E96wJTJXQDNB728J4rHnKFKya5jIcwT,I9zyEumkNRxIzJ9lhMe24gjeuA05krtaF8GygUHD,G97yzpX8HPnbmrVEC0Aoz2si9mlAiCfZmduqw99n
G97yzpX8HPnbmrVEC0Aoz2si9mlAiCfZmduqw99n,MOx9AM3J6rnEQQJCSsWfT7wdOetSni3OV0mrNgho,DboXcHUzjiTnEyfVzMA8hgefX2B7suIPftuPWSyq,G97yzpX8HPnbmrVEC0Aoz2si9mlAiCfZmduqw99n,BR0isoSnDlgTmIqukAORkXTz6C9ABpEWp1Yw4Fx6,MOx9AM3J6rnEQQJCSsWfT7wdOetSni3OV0mrNgho
MOx9AM3J6rnEQQJCSsWfT7wdOetSni3OV0mrNgho,I9zyEumkNRxIzJ9lhMe24gjeuA05krtaF8GygUHD,G97yzpX8HPnbmrVEC0Aoz2si9mlAiCfZmduqw99n,MOx9AM3J6rnEQQJCSsWfT7wdOetSni3OV0mrNgho,0tSt4SUsOj8fKBL2OwFTAz878S85snjiNnAx7n8z,I9zyEumkNRxIzJ9lhMe24gjeuA05krtaF8GygUHD
I9zyEumkNRxIzJ9lhMe24gjeuA05krtaF8GygUHD,BR0isoSnDlgTmIqukAORkXTz6C9ABpEWp1Yw4Fx6,MOx9AM3J6rnEQQJCSsWfT7wdOetSni3OV0mrNgho,I9zyEumkNRxIzJ9lhMe24gjeuA05krtaF8GygUHD,hBG5vMBqkXoKVhe5nKFmfjAVyNoGHSr22VXcrkoN,BR0isoSnDlgTmIqukAORkXTz6C9ABpEWp1Yw4Fx6
BR0isoSnDlgTmIqukAORkXTz6C9ABpEWp1Yw4Fx6,0tSt4SUsOj8fKBL2OwFTAz878S85snjiNnAx7n8z,I9zyEumkNRxIzJ9lhMe24gjeuA05krtaF8GygUHD,BR0isoSnDlgTmIqukAORkXTz6C9ABpEWp1Yw4Fx6,G97yzpX8HPnbmrVEC0Aoz2si9mlAiCfZmduqw99n,0tSt4SUsOj8fKBL2OwFTAz878S85snjiNnAx7n8z
0tSt4SUsOj8fKBL2OwFTAz878S85snjiNnAx7n8z,hBG5vMBqkXoKVhe5nKFmfjAVyNoGHSr22VXcrkoN,BR0isoSnDlgTmIqukAORkXTz6C9ABpEWp1Yw4Fx6,0tSt4SUsOj8fKBL2OwFTAz878S85snjiNnAx7n8z,MOx9AM3J6rnEQQJCSsWfT7wdOetSni3OV0mrNgho,G97yzpX8HPnbmrVEC0Aoz2si9mlAiCfZmduqw99n
hBG5vMBqkXoKVhe5nKFmfjAVyNoGHSr22VXcrkoN,G0PLr6xT9E96wJTJXQDNB728J4rHnKFKya5jIcwT,0tSt4SUsOj8fKBL2OwFTAz878S85snjiNnAx7n8z,hBG5vMBqkXoKVhe5nKFmfjAVyNoGHSr22VXcrkoN,I9zyEumkNRxIzJ9lhMe24gjeuA05krtaF8GygUHD,MOx9AM3J6rnEQQJCSsWfT7wdOetSni3OV0mrNgho
G0PLr6xT9E96wJTJXQDNB728J4rHnKFKya5jIcwT,DboXcHUzjiTnEyfVzMA8hgefX2B7suIPftuPWSyq,hBG5vMBqkXoKVhe5nKFmfjAVyNoGHSr22VXcrkoN,G0PLr6xT9E96wJTJXQDNB728J4rHnKFKya5jIcwT,BR0isoSnDlgTmIqukAORkXTz6C9ABpEWp1Yw4Fx6,I9zyEumkNRxIzJ9lhMe24gjeuA05krtaF8GygUHD
DboXcHUzjiTnEyfVzMA8hgefX2B7suIPftuPWSyq,neo9uYRJVawyUm1nyXvQrJxwVqapvXp6gVg6kwxr,G0PLr6xT9E96wJTJXQDNB728J4rHnKFKya5jIcwT,G97yzpX8HPnbmrVEC0Aoz2si9mlAiCfZmduqw99n,0tSt4SUsOj8fKBL2OwFTAz878S85snjiNnAx7n8z,BR0isoSnDlgTmIqukAORkXTz6C9ABpEWp1Yw4Fx6
neo9uYRJVawyUm1nyXvQrJxwVqapvXp6gVg6kwxr,nOgJEtffp9e3P1qN9pqUrIZB0WQ9VIdptmx5wtia,DboXcHUzjiTnEyfVzMA8hgefX2B7suIPftuPWSyq,MOx9AM3J6rnEQQJCSsWfT7wdOetSni3OV0mrNgho,hBG5vMBqkXoKVhe5nKFmfjAVyNoGHSr22VXcrkoN,0tSt4SUsOj8fKBL2OwFTAz878S85snjiNnAx7n8z
G97yzpX8HPnbmrVEC0Aoz2si9mlAiCfZmduqw99n,G97yzpX8HPnbmrVEC0Aoz2si9mlAiCfZmduqw99n,G97yzpX8HPnbmrVEC0Aoz2si9mlAiCfZmduqw99n,I9zyEumkNRxIzJ9lhMe24gjeuA05krtaF8GygUHD,G97yzpX8HPnbmrVEC0Aoz2si9mlAiCfZmduqw99n,G97yzpX8HPnbmrVEC0Aoz2si9mlAiCfZmduqw99n
MOx9AM3J6rnEQQJCSsWfT7wdOetSni3OV0mrNgho,MOx9AM3J6rnEQQJCSsWfT7wdOetSni3OV0mrNgho,MOx9AM3J6rnEQQJCSsWfT7wdOetSni3OV0mrNgho,BR0isoSnDlgTmIqukAORkXTz6C9ABpEWp1Yw4Fx6,MOx9AM3J6rnEQQJCSsWfT7wdOetSni3OV0mrNgho,MOx9AM3J6rnEQQJCSsWfT7wdOetSni3OV0mrNgho
I9zyEumkNRxIzJ9lhMe24gjeuA05krtaF8GygUHD,I9zyEumkNRxIzJ9lhMe24gjeuA05krtaF8GygUHD,I9zyEumkNRxIzJ9lhMe24gjeuA05krtaF8GygUHD,0tSt4SUsOj8fKBL2OwFTAz878S85snjiNnAx7n8z,I9zyEumkNRxIzJ9lhMe24gjeuA05krtaF8GygUHD,I9zyEumkNRxIzJ9lhMe24gjeuA05krtaF8GygUHD
BR0isoSnDlgTmIqukAORkXTz6C9ABpEWp1Yw4Fx6,BR0isoSnDlgTmIqukAORkXTz6C9ABpEWp1Yw4Fx6,BR0isoSnDlgTmIqukAORkXTz6C9ABpEWp1Yw4Fx6,hBG5vMBqkXoKVhe5nKFmfjAVyNoGHSr22VXcrkoN,BR0isoSnDlgTmIqukAORkXTz6C9ABpEWp1Yw4Fx6,BR0isoSnDlgTmIqukAORkXTz6C9ABpEWp1Yw4Fx6
0tSt4SUsOj8fKBL2OwFTAz878S85snjiNnAx7n8z,0tSt4SUsOj8fKBL2OwFTAz878S85snjiNnAx7n8z,0tSt4SUsOj8fKBL2OwFTAz878S85snjiNnAx7n8z,G0PLr6xT9E96wJTJXQDNB728J4rHnKFKya5jIcwT,0tSt4SUsOj8fKBL2OwFTAz878S85snjiNnAx7n8z,0tSt4SUsOj8fKBL2OwFTAz878S85snjiNnAx7n8z
hBG5vMBqkXoKVhe5nKFmfjAVyNoGHSr22VXcrkoN,hBG5vMBqkXoKVhe5nKFmfjAVyNoGHSr22VXcrkoN,hBG5vMBqkXoKVhe5nKFmfjAVyNoGHSr22VXcrkoN,G97yzpX8HPnbmrVEC0Aoz2si9mlAiCfZmduqw99n,hBG5vMBqkXoKVhe5nKFmfjAVyNoGHSr22VXcrkoN,G97yzpX8HPnbmrVEC0Aoz2si9mlAiCfZmduqw99n
G0PLr6xT9E96wJTJXQDNB728J4rHnKFKya5jIcwT,G0PLr6xT9E96wJTJXQDNB728J4rHnKFKya5jIcwT,G0PLr6xT9E96wJTJXQDNB728J4rHnKFKya5jIcwT,MOx9AM3J6rnEQQJCSsWfT7wdOetSni3OV0mrNgho,G97yzpX8HPnbmrVEC0Aoz2si9mlAiCfZmduqw99n,MOx9AM3J6rnEQQJCSsWfT7wdOetSni3OV0mrNgho
DboXcHUzjiTnEyfVzMA8hgefX2B7suIPftuPWSyq,DboXcHUzjiTnEyfVzMA8hgefX2B7suIPftuPWSyq,DboXcHUzjiTnEyfVzMA8hgefX2B7suIPftuPWSyq,I9zyEumkNRxIzJ9lhMe24gjeuA05krtaF8GygUHD,MOx9AM3J6rnEQQJCSsWfT7wdOetSni3OV0mrNgho,I9zyEumkNRxIzJ9lhMe24gjeuA05krtaF8GygUHD
neo9uYRJVawyUm1nyXvQrJxwVqapvXp6gVg6kwxr,neo9uYRJVawyUm1nyXvQrJxwVqapvXp6gVg6kwxr,G97yzpX8HPnbmrVEC0Aoz2si9mlAiCfZmduqw99n,BR0isoSnDlgTmIqukAORkXTz6C9ABpEWp1Yw4Fx6,I9zyEumkNRxIzJ9lhMe24gjeuA05krtaF8GygUHD,BR0isoSnDlgTmIqukAORkXTz6C9ABpEWp1Yw4Fx6
G97yzpX8HPnbmrVEC0Aoz2si9mlAiCfZmduqw99n,nOgJEtffp9e3P1qN9pqUrIZB0WQ9VIdptmx5wtia,MOx9AM3J6rnEQQJCSsWfT7wdOetSni3OV0mrNgho,0tSt4SUsOj8fKBL2OwFTAz878S85snjiNnAx7n8z,BR0isoSnDlgTmIqukAORkXTz6C9ABpEWp1Yw4Fx6,0tSt4SUsOj8fKBL2OwFTAz878S85snjiNnAx7n8z
MOx9AM3J6rnEQQJCSsWfT7wdOetSni3OV0mrNgho,G97yzpX8HPnbmrVEC0Aoz2si9mlAiCfZmduqw99n,I9zyEumkNRxIzJ9lhMe24gjeuA05krtaF8GygUHD,hBG5vMBqkXoKVhe5nKFmfjAVyNoGHSr22VXcrkoN,0tSt4SUsOj8fKBL2OwFTAz878S85snjiNnAx7n8z,G97yzpX8HPnbmrVEC0Aoz2si9mlAiCfZmduqw99n
I9zyEumkNRxIzJ9lhMe24gjeuA05krtaF8GygUHD,MOx9AM3J6rnEQQJCSsWfT7wdOetSni3OV0mrNgho,BR0isoSnDlgTmIqukAORkXTz6C9ABpEWp1Yw4Fx6,G0PLr6xT9E96wJTJXQDNB728J4rHnKFKya5jIcwT,hBG5vMBqkXoKVhe5nKFmfjAVyNoGHSr22VXcrkoN,MOx9AM3J6rnEQQJCSsWfT7wdOetSni3OV0mrNgho
BR0isoSnDlgTmIqukAORkXTz6C9ABpEWp1Yw4Fx6,I9zyEumkNRxIzJ9lhMe24gjeuA05krtaF8GygUHD,0tSt4SUsOj8fKBL2OwFTAz878S85snjiNnAx7n8z,G97yzpX8HPnbmrVEC0Aoz2si9mlAiCfZmduqw99n,G97yzpX8HPnbmrVEC0Aoz2si9mlAiCfZmduqw99n,I9zyEumkNRxIzJ9lhMe24gjeuA05krtaF8GygUHD
0tSt4SUsOj8fKBL2OwFTAz878S85snjiNnAx7n8z,BR0isoSnDlgTmIqukAORkXTz6C9ABpEWp1Yw4Fx6,hBG5vMBqkXoKVhe5nKFmfjAVyNoGHSr22VXcrkoN,MOx9AM3J6rnEQQJCSsWfT7wdOetSni3OV0mrNgho,MOx9AM3J6rnEQQJCSsWfT7wdOetSni3OV0mrNgho,BR0isoSnDlgTmIqukAORkXTz6C9ABpEWp1Yw4Fx6
hBG5vMBqkXoKVhe5nKFmfjAVyNoGHSr22VXcrkoN,0tSt4SUsOj8fKBL2OwFTAz878S85snjiNnAx7n8z,G0PLr6xT9E96wJTJXQDNB728J4rHnKFKya5jIcwT,I9zyEumkNRxIzJ9lhMe24gjeuA05krtaF8GygUHD,I9zyEumkNRxIzJ9lhMe24gjeuA05krtaF8GygUHD,0tSt4SUsOj8fKBL2OwFTAz878S85snjiNnAx7n8z
G0PLr6xT9E96wJTJXQDNB728J4rHnKFKya5jIcwT,hBG5vMBqkXoKVhe5nKFmfjAVyNoGHSr22VXcrkoN,DboXcHUzjiTnEyfVzMA8hgefX2B7suIPftuPWSyq,BR0isoSnDlgTmIqukAORkXTz6C9ABpEWp1Yw4Fx6,BR0isoSnDlgTmIqukAORkXTz6C9ABpEWp1Yw4Fx6,G97yzpX8HPnbmrVEC0Aoz2si9mlAiCfZmduqw99n
DboXcHUzjiTnEyfVzMA8hgefX2B7suIPftuPWSyq,G0PLr6xT9E96wJTJXQDNB728J4rHnKFKya5jIcwT,G97yzpX8HPnbmrVEC0Aoz2si9mlAiCfZmduqw99n,0tSt4SUsOj8fKBL2OwFTAz878S85snjiNnAx7n8z,0tSt4SUsOj8fKBL2OwFTAz878S85snjiNnAx7n8z,MOx9AM3J6rnEQQJCSsWfT7wdOetSni3OV0mrNgho
neo9uYRJVawyUm1nyXvQrJxwVqapvXp6gVg6kwxr,DboXcHUzjiTnEyfVzMA8hgefX2B7suIPftuPWSyq,MOx9AM3J6rnEQQJCSsWfT7wdOetSni3OV0mrNgho,hBG5vMBqkXoKVhe5nKFmfjAVyNoGHSr22VXcrkoN,hBG5vMBqkXoKVhe5nKFmfjAVyNoGHSr22VXcrkoN,I9zyEumkNRxIzJ9lhMe24gjeuA05krtaF8GygUHD
G97yzpX8HPnbmrVEC0Aoz2si9mlAiCfZmduqw99n,neo9uYRJVawyUm1nyXvQrJxwVqapvXp6gVg6kwxr,I9zyEumkNRxIzJ9lhMe24gjeuA05krtaF8GygUHD,G0PLr6xT9E96wJTJXQDNB728J4rHnKFKya5jIcwT,G97yzpX8HPnbmrVEC0Aoz2si9mlAiCfZmduqw99n,BR0isoSnDlgTmIqukAORkXTz6C9ABpEWp1Yw4Fx6
MOx9AM3J6rnEQQJCSsWfT7wdOetSni3OV0mrNgho,nOgJEtffp9e3P1qN9pqUrIZB0WQ9VIdptmx5wtia,BR0isoSnDlgTmIqukAORkXTz6C9ABpEWp1Yw4Fx6,G97yzpX8HPnbmrVEC0Aoz2si9mlAiCfZmduqw99n,MOx9AM3J6rnEQQJCSsWfT7wdOetSni3OV0mrNgho,0tSt4SUsOj8fKBL2OwFTAz878S85snjiNnAx7n8z
I9zyEumkNRxIzJ9lhMe24gjeuA05krtaF8GygUHD,G97yzpX8HPnbmrVEC0Aoz2si9mlAiCfZmduqw99n,0tSt4SUsOj8fKBL2OwFTAz878S85snjiNnAx7n8z,MOx9AM3J6rnEQQJCSsWfT7wdOetSni3OV0mrNgho,I9zyEumkNRxIzJ9lhMe24gjeuA05krtaF8GygUHD,G97yzpX8HPnbmrVEC0Aoz2si9mlAiCfZmduqw99n
BR0isoSnDlgTmIqukAORkXTz6C9ABpEWp1Yw4Fx6,MOx9AM3J6rnEQQJCSsWfT7wdOetSni3OV0mrNgho,hBG5vMBqkXoKVhe5nKFmfjAVyNoGHSr22VXcrkoN,I9zyEumkNRxIzJ9lhMe24gjeuA05krtaF8GygUHD,BR0isoSnDlgTmIqukAORkXTz6C9ABpEWp1Yw4Fx6,MOx9AM3J6rnEQQJCSsWfT7wdOetSni3OV0mrNgho
0tSt4SUsOj8fKBL2OwFTAz878S85snjiNnAx7n8z,I9zyEumkNRxIzJ9lhMe24gjeuA05krtaF8GygUHD,G0PLr6xT9E96wJTJXQDNB728J4rHnKFKya5jIcwT,BR0isoSnDlgTmIqukAORkXTz6C9ABpEWp1Yw4Fx6,0tSt4SUsOj8fKBL2OwFTAz878S85snjiNnAx7n8z,I9zyEumkNRxIzJ9lhMe24gjeuA05krtaF8GygUHD
hBG5vMBqkXoKVhe5nKFmfjAVyNoGHSr22VXcrkoN,BR0isoSnDlgTmIqukAORkXTz6C9ABpEWp1Yw4Fx6,DboXcHUzjiTnEyfVzMA8hgefX2B7suIPftuPWSyq,0tSt4SUsOj8fKBL2OwFTAz878S85snjiNnAx7n8z,hBG5vMBqkXoKVhe5nKFmfjAVyNoGHSr22VXcrkoN,BR0isoSnDlgTmIqukAORkXTz6C9ABpEWp1Yw4Fx6
G0PLr6xT9E96wJTJXQDNB728J4rHnKFKya5jIcwT,0tSt4SUsOj8fKBL2OwFTAz878S85snjiNnAx7n8z,G97yzpX8HPnbmrVEC0Aoz2si9mlAiCfZmduqw99n,hBG5vMBqkXoKVhe5nKFmfjAVyNoGHSr22VXcrkoN,G97yzpX8HPnbmrVEC0Aoz2si9mlAiCfZmduqw99n,0tSt4SUsOj8fKBL2OwFTAz878S85snjiNnAx7n8z
DboXcHUzjiTnEyfVzMA8hgefX2B7suIPftuPWSyq,hBG5vMBqkXoKVhe5nKFmfjAVyNoGHSr22VXcrkoN,MOx9AM3J6rnEQQJCSsWfT7wdOetSni3OV0mrNgho,G0PLr6xT9E96wJTJXQDNB728J4rHnKFKya5jIcwT,MOx9AM3J6rnEQQJCSsWfT7wdOetSni3OV0mrNgho,G97yzpX8HPnbmrVEC0Aoz2si9mlAiCfZmduqw99n
neo9uYRJVawyUm1nyXvQrJxwVqapvXp6gVg6kwxr,G0PLr6xT9E96wJTJXQDNB728J4rHnKFKya5jIcwT,I9zyEumkNRxIzJ9lhMe24gjeuA05krtaF8GygUHD,G97yzpX8HPnbmrVEC0Aoz2si9mlAiCfZmduqw99n,I9zyEumkNRxIzJ9lhMe24gjeuA05krtaF8GygUHD,MOx9AM3J6rnEQQJCSsWfT7wdOetSni3OV0mrNgho
G97yzpX8HPnbmrVEC0Aoz2si9mlAiCfZmduqw99n,DboXcHUzjiTnEyfVzMA8hgefX2B7suIPftuPWSyq,BR0isoSnDlgTmIqukAORkXTz6C9ABpEWp1Yw4Fx6,MOx9AM3J6rnEQQJCSsWfT7wdOetSni3OV0mrNgho,BR0isoSnDlgTmIqukAORkXTz6C9ABpEWp1Yw4Fx6,I9zyEumkNRxIzJ9lhMe24gjeuA05krtaF8GygUHD
MOx9AM3J6rnEQQJCSsWfT7wdOetSni3OV0mrNgho,neo9uYRJVawyUm1nyXvQrJxwVqapvXp6gVg6kwxr,0tSt4SUsOj8fKBL2OwFTAz878S85snjiNnAx7n8z,I9zyEumkNRxIzJ9lhMe24gjeuA05krtaF8GygUHD,0tSt4SUsOj8fKBL2OwFTAz878S85snjiNnAx7n8z,BR0isoSnDlgTmIqukAORkXTz6C9ABpEWp1Yw4Fx6
I9zyEumkNRxIzJ9lhMe24gjeuA05krtaF8GygUHD,nOgJEtffp9e3P1qN9pqUrIZB0WQ9VIdptmx5wtia,hBG5vMBqkXoKVhe5nKFmfjAVyNoGHSr22VXcrkoN,BR0isoSnDlgTmIqukAORkXTz6C9ABpEWp1Yw4Fx6,hBG5vMBqkXoKVhe5nKFmfjAVyNoGHSr22VXcrkoN,0tSt4SUsOj8fKBL2OwFTAz878S85snjiNnAx7n8z
BR0isoSnDlgTmIqukAORkXTz6C9ABpEWp1Yw4Fx6,G97yzpX8HPnbmrVEC0Aoz2si9mlAiCfZmduqw99n,G0PLr6xT9E96wJTJXQDNB728J4rHnKFKya5jIcwT,0tSt4SUsOj8fKBL2OwFTAz878S85snjiNnAx7n8z,G97yzpX8HPnbmrVEC0Aoz2si9mlAiCfZmduqw99n,G97yzpX8HPnbmrVEC0Aoz2si9mlAiCfZmduqw99n
0tSt4SUsOj8fKBL2OwFTAz878S85snjiNnAx7n8z,MOx9AM3J6rnEQQJCSsWfT7wdOetSni3OV0mrNgho,DboXcHUzjiTnEyfVzMA8hgefX2B7suIPftuPWSyq,hBG5vMBqkXoKVhe5nKFmfjAVyNoGHSr22VXcrkoN,MOx9AM3J6rnEQQJCSsWfT7wdOetSni3OV0mrNgho,MOx9AM3J6rnEQQJCSsWfT7wdOetSni3OV0mrNgho
hBG5vMBqkXoKVhe5nKFmfjAVyNoGHSr22VXcrkoN,I9zyEumkNRxIzJ9lhMe24gjeuA05krtaF8GygUHD,G97yzpX8HPnbmrVEC0Aoz2si9mlAiCfZmduqw99n,G0PLr6xT9E96wJTJXQDNB728J4rHnKFKya5jIcwT,I9zyEumkNRxIzJ9lhMe24gjeuA05krtaF8GygUHD,I9zyEumkNRxIzJ9lhMe24gjeuA05krtaF8GygUHD
G0PLr6xT9E96wJTJXQDNB728J4rHnKFKya5jIcwT,BR0isoSnDlgTmIqukAORkXTz6C9ABpEWp1Yw4Fx6,MOx9AM3J6rnEQQJCSsWfT7wdOetSni3OV0mrNgho,G97yzpX8HPnbmrVEC0Aoz2si9mlAiCfZmduqw99n,BR0isoSnDlgTmIqukAORkXTz6C9ABpEWp1Yw4Fx6,BR0isoSnDlgTmIqukAORkXTz6C9ABpEWp1Yw4Fx6
DboXcHUzjiTnEyfVzMA8hgefX2B7suIPftuPWSyq,0tSt4SUsOj8fKBL2OwFTAz878S85snjiNnAx7n8z,I9zyEumkNRxIzJ9lhMe24gjeuA05krtaF8GygUHD,MOx9AM3J6rnEQQJCSsWfT7wdOetSni3OV0mrNgho,0tSt4SUsOj8fKBL2OwFTAz878S85snjiNnAx7n8z,0tSt4SUsOj8fKBL2OwFTAz878S85snjiNnAx7n8z
neo9uYRJVawyUm1nyXvQrJxwVqapvXp6gVg6kwxr,hBG5vMBqkXoKVhe5nKFmfjAVyNoGHSr22VXcrkoN,BR0isoSnDlgTmIqukAORkXTz6C9ABpEWp1Yw4Fx6,I9zyEumkNRxIzJ9lhMe24gjeuA05krtaF8GygUHD,hBG5vMBqkXoKVhe5nKFmfjAVyNoGHSr22VXcrkoN,G97yzpX8HPnbmrVEC0Aoz2si9mlAiCfZmduqw99n
G97yzpX8HPnbmrVEC0Aoz2si9mlAiCfZmduqw99n,G0PLr6xT9E96wJTJXQDNB728J4rHnKFKya5jIcwT,0tSt4SUsOj8fKBL2OwFTAz878S85snjiNnAx7n8z,BR0isoSnDlgTmIqukAORkXTz6C9ABpEWp1Yw4Fx6,G97yzpX8HPnbmrVEC0Aoz2si9mlAiCfZmduqw99n,MOx9AM3J6rnEQQJCSsWfT7wdOetSni3OV0mrNgho
MOx9AM3J6rnEQQJCSsWfT7wdOetSni3OV0mrNgho,DboXcHUzjiTnEyfVzMA8hgefX2B7suIPftuPWSyq,hBG5vMBqkXoKVhe5nKFmfjAVyNoGHSr22VXcrkoN,0tSt4SUsOj8fKBL2OwFTAz878S85snjiNnAx7n8z,MOx9AM3J6rnEQQJCSsWfT7wdOetSni3OV0mrNgho,I9zyEumkNRxIzJ9lhMe24gjeuA05krtaF8GygUHD
I9zyEumkNRxIzJ9lhMe24gjeuA05krtaF8GygUHD,neo9uYRJVawyUm1nyXvQrJxwVqapvXp6gVg6kwxr,G0PLr6xT9E96wJTJXQDNB728J4rHnKFKya5jIcwT,hBG5vMBqkXoKVhe5nKFmfjAVyNoGHSr22VXcrkoN,I9zyEumkNRxIzJ9lhMe24gjeuA05krtaF8GygUHD,BR0isoSnDlgTmIqukAORkXTz6C9ABpEWp1Yw4Fx6
BR0isoSnDlgTmIqukAORkXTz6C9ABpEWp1Yw4Fx6,nOgJEtffp9e3P1qN9pqUrIZB0WQ9VIdptmx5wtia,DboXcHUzjiTnEyfVzMA8hgefX2B7suIPftuPWSyq,G0PLr6xT9E96wJTJXQDNB728J4rHnKFKya5jIcwT,BR0isoSnDlgTmIqukAORkXTz6C9ABpEWp1Yw4Fx6,0tSt4SUsOj8fKBL2OwFTAz878S85snjiNnAx7n8z
0tSt4SUsOj8fKBL2OwFTAz878S85snjiNnAx7n8z,G97yzpX8HPnbmrVEC0Aoz2si9mlAiCfZmduqw99n,G97yzpX8HPnbmrVEC0Aoz2si9mlAiCfZmduqw99n,G97yzpX8HPnbmrVEC0Aoz2si9mlAiCfZmduqw99n,0tSt4SUsOj8fKBL2OwFTAz878S85snjiNnAx7n8z,G97yzpX8HPnbmrVEC0Aoz2si9mlAiCfZmduqw99n
hBG5vMBqkXoKVhe5nKFmfjAVyNoGHSr22VXcrkoN,MOx9AM3J6rnEQQJCSsWfT7wdOetSni3OV0mrNgho,MOx9AM3J6rnEQQJCSsWfT7wdOetSni3OV0mrNgho,MOx9AM3J6rnEQQJCSsWfT7wdOetSni3OV0mrNgho,hBG5vMBqkXoKVhe5nKFmfjAVyNoGHSr22VXcrkoN,MOx9AM3J6rnEQQJCSsWfT7wdOetSni3OV0mrNgho
G0PLr6xT9E96wJTJXQDNB728J4rHnKFKya5jIcwT,I9zyEumkNRxIzJ9lhMe24gjeuA05krtaF8GygUHD,I9zyEumkNRxIzJ9lhMe24gjeuA05krtaF8GygUHD,I9zyEumkNRxIzJ9lhMe24gjeuA05krtaF8GygUHD,G97yzpX8HPnbmrVEC0Aoz2si9mlAiCfZmduqw99n,I9zyEumkNRxIzJ9lhMe24gjeuA05krtaF8GygUHD
DboXcHUzjiTnEyfVzMA8hgefX2B7suIPftuPWSyq,BR0isoSnDlgTmIqukAORkXTz6C9ABpEWp1Yw4Fx6,BR0isoSnDlgTmIqukAORkXTz6C9ABpEWp1Yw4Fx6,BR0isoSnDlgTmIqukAORkXTz6C9ABpEWp1Yw4Fx6,MOx9AM3J6rnEQQJCSsWfT7wdOetSni3OV0mrNgho,BR0isoSnDlgTmIqukAORkXTz6C9ABpEWp1Yw4Fx6
neo9uYRJVawyUm1nyXvQrJxwVqapvXp6gVg6kwxr,0tSt4SUsOj8fKBL2OwFTAz878S85snjiNnAx7n8z,0tSt4SUsOj8fKBL2OwFTAz878S85snjiNnAx7n8z,0tSt4SUsOj8fKBL2OwFTAz878S85snjiNnAx7n8z,I9zyEumkNRxIzJ9lhMe24gjeuA05krtaF8GygUHD,0tSt4SUsOj8fKBL2OwFTAz878S85snjiNnAx7n8z
G97yzpX8HPnbmrVEC0Aoz2si9mlAiCfZmduqw99n,hBG5vMBqkXoKVhe5nKFmfjAVyNoGHSr22VXcrkoN,hBG5vMBqkXoKVhe5nKFmfjAVyNoGHSr22VXcrkoN,hBG5vMBqkXoKVhe5nKFmfjAVyNoGHSr22VXcrkoN,BR0isoSnDlgTmIqukAORkXTz6C9ABpEWp1Yw4Fx6,G97yzpX8HPnbmrVEC0Aoz2si9mlAiCfZmduqw99n
MOx9AM3J6rnEQQJCSsWfT7wdOetSni3OV0mrNgho,G0PLr6xT9E96wJTJXQDNB728J4rHnKFKya5jIcwT,G0PLr6xT9E96wJTJXQDNB728J4rHnKFKya5jIcwT,G0PLr6xT9E96wJTJXQDNB728J4rHnKFKya5jIcwT,0tSt4SUsOj8fKBL2OwFTAz878S85snjiNnAx7n8z,MOx9AM3J6rnEQQJCSsWfT7wdOetSni3OV0mrNgho
I9zyEumkNRxIzJ9lhMe24gjeuA05krtaF8GygUHD,DboXcHUzjiTnEyfVzMA8hgefX2B7suIPftuPWSyq,DboXcHUzjiTnEyfVzMA8hgefX2B7suIPftuPWSyq,G97yzpX8HPnbmrVEC0Aoz2si9mlAiCfZmduqw99n,hBG5vMBqkXoKVhe5nKFmfjAVyNoGHSr22VXcrkoN,I9zyEumkNRxIzJ9lhMe24gjeuA05krtaF8GygUHD
BR0isoSnDlgTmIqukAORkXTz6C9ABpEWp1Yw4Fx6,neo9uYRJVawyUm1nyXvQrJxwVqapvXp6gVg6kwxr,G97yzpX8HPnbmrVEC0Aoz2si9mlAiCfZmduqw99n,MOx9AM3J6rnEQQJCSsWfT7wdOetSni3OV0mrNgho,G97yzpX8HPnbmrVEC0Aoz2si9mlAiCfZmduqw99n,BR0isoSnDlgTmIqukAORkXTz6C9ABpEWp1Yw4Fx6
0tSt4SUsOj8fKBL2OwFTAz878S85snjiNnAx7n8z,nOgJEtffp9e3P1qN9pqUrIZB0WQ9VIdptmx5wtia,MOx9AM3J6rnEQQJCSsWfT7wdOetSni3OV0mrNgho,I9zyEumkNRxIzJ9lhMe24gjeuA05krtaF8GygUHD,MOx9AM3J6rnEQQJCSsWfT7wdOetSni3OV0mrNgho,0tSt4SUsOj8fKBL2OwFTAz878S85snjiNnAx7n8z
hBG5vMBqkXoKVhe5nKFmfjAVyNoGHSr22VXcrkoN,G97yzpX8HPnbmrVEC0Aoz2si9mlAiCfZmduqw99n,I9zyEumkNRxIzJ9lhMe24gjeuA05krtaF8GygUHD,BR0isoSnDlgTmIqukAORkXTz6C9ABpEWp1Yw4Fx6,I9zyEumkNRxIzJ9lhMe24gjeuA05krtaF8GygUHD,G97yzpX8HPnbmrVEC0Aoz2si9mlAiCfZmduqw99n
G0PLr6xT9E96wJTJXQDNB728J4rHnKFKya5jIcwT,MOx9AM3J6rnEQQJCSsWfT7wdOetSni3OV0mrNgho,BR0isoSnDlgTmIqukAORkXTz6C9ABpEWp1Yw4Fx6,0tSt4SUsOj8fKBL2OwFTAz878S85snjiNnAx7n8z,BR0isoSnDlgTmIqukAORkXTz6C9ABpEWp1Yw4Fx6,MOx9AM3J6rnEQQJCSsWfT7wdOetSni3OV0mrNgho
DboXcHUzjiTnEyfVzMA8hgefX2B7suIPftuPWSyq,I9zyEumkNRxIzJ9lhMe24gjeuA05krtaF8GygUHD,0tSt4SUsOj8fKBL2OwFTAz878S85snjiNnAx7n8z,hBG5vMBqkXoKVhe5nKFmfjAVyNoGHSr22VXcrkoN,0tSt4SUsOj8fKBL2OwFTAz878S85snjiNnAx7n8z,I9zyEumkNRxIzJ9lhMe24gjeuA05krtaF8GygUHD
neo9uYRJVawyUm1nyXvQrJxwVqapvXp6gVg6kwxr,BR0isoSnDlgTmIqukAORkXTz6C9ABpEWp1Yw4Fx6,hBG5vMBqkXoKVhe5nKFmfjAVyNoGHSr22VXcrkoN,G0PLr6xT9E96wJTJXQDNB728J4rHnKFKya5jIcwT,hBG5vMBqkXoKVhe5nKFmfjAVyNoGHSr22VXcrkoN,BR0isoSnDlgTmIqukAORkXTz6C9ABpEWp1Yw4Fx6
G97yzpX8HPnbmrVEC0Aoz2si9mlAiCfZmduqw99n,0tSt4SUsOj8fKBL2OwFTAz878S85snjiNnAx7n8z,G0PLr6xT9E96wJTJXQDNB728J4rHnKFKya5jIcwT,G97yzpX8HPnbmrVEC0Aoz2si9mlAiCfZmduqw99n,G97yzpX8HPnbmrVEC0Aoz2si9mlAiCfZmduqw99n,0tSt4SUsOj8fKBL2OwFTAz878S85snjiNnAx7n8z
MOx9AM3J6rnEQQJCSsWfT7wdOetSni3OV0mrNgho,hBG5vMBqkXoKVhe5nKFmfjAVyNoGHSr22VXcrkoN,DboXcHUzjiTnEyfVzMA8hgefX2B7suIPftuPWSyq,MOx9AM3J6rnEQQJCSsWfT7wdOetSni3OV0mrNgho,MOx9AM3J6rnEQQJCSsWfT7wdOetSni3OV0mrNgho,G97yzpX8HPnbmrVEC0Aoz2si9mlAiCfZmduqw99n
I9zyEumkNRxIzJ9lhMe24gjeuA05krtaF8GygUHD,G0PLr6xT9E96wJTJXQDNB728J4rHnKFKya5jIcwT,G97yzpX8HPnbmrVEC0Aoz2si9mlAiCfZmduqw99n,I9zyEumkNRxIzJ9lhMe24gjeuA05krtaF8GygUHD,I9zyEumkNRxIzJ9lhMe24gjeuA05krtaF8GygUHD,MOx9AM3J6rnEQQJCSsWfT7wdOetSni3OV0mrNgho
BR0isoSnDlgTmIqukAORkXTz6C9ABpEWp1Yw4Fx6,DboXcHUzjiTnEyfVzMA8hgefX2B7suIPftuPWSyq,MOx9AM3J6rnEQQJCSsWfT7wdOetSni3OV0mrNgho,BR0isoSnDlgTmIqukAORkXTz6C9ABpEWp1Yw4Fx6,BR0isoSnDlgTmIqukAORkXTz6C9ABpEWp1Yw4Fx6,I9zyEumkNRxIzJ9lhMe24gjeuA05krtaF8GygUHD
0tSt4SUsOj8fKBL2OwFTAz878S85snjiNnAx7n8z,neo9uYRJVawyUm1nyXvQrJxwVqapvXp6gVg6kwxr,I9zyEumkNRxIzJ9lhMe24gjeuA05krtaF8GygUHD,0tSt4SUsOj8fKBL2OwFTAz878S85snjiNnAx7n8z,0tSt4SUsOj8fKBL2OwFTAz878S85snjiNnAx7n8z,BR0isoSnDlgTmIqukAORkXTz6C9ABpEWp1Yw4Fx6
hBG5vMBqkXoKVhe5nKFmfjAVyNoGHSr22VXcrkoN,nOgJEtffp9e3P1qN9pqUrIZB0WQ9VIdptmx5wtia,BR0isoSnDlgTmIqukAORkXTz6C9ABpEWp1Yw4Fx6,hBG5vMBqkXoKVhe5nKFmfjAVyNoGHSr22VXcrkoN,hBG5vMBqkXoKVhe5nKFmfjAVyNoGHSr22VXcrkoN,0tSt4SUsOj8fKBL2OwFTAz878S85snjiNnAx7n8z
G0PLr6xT9E96wJTJXQDNB728J4rHnKFKya5jIcwT,G97yzpX8HPnbmrVEC0Aoz2si9mlAiCfZmduqw99n,0tSt4SUsOj8fKBL2OwFTAz878S85snjiNnAx7n8z,G0PLr6xT9E96wJTJXQDNB728J4rHnKFKya5jIcwT,G97yzpX8HPnbmrVEC0Aoz2si9mlAiCfZmduqw99n,G97yzpX8HPnbmrVEC0Aoz2si9mlAiCfZmduqw99n
DboXcHUzjiTnEyfVzMA8hgefX2B7suIPftuPWSyq,MOx9AM3J6rnEQQJCSsWfT7wdOetSni3OV0mrNgho,hBG5vMBqkXoKVhe5nKFmfjAVyNoGHSr22VXcrkoN,G97yzpX8HPnbmrVEC0Aoz2si9mlAiCfZmduqw99n,MOx9AM3J6rnEQQJCSsWfT7wdOetSni3OV0mrNgho,MOx9AM3J6rnEQQJCSsWfT7wdOetSni3OV0mrNgho
neo9uYRJVawyUm1nyXvQrJxwVqapvXp6gVg6kwxr,I9zyEumkNRxIzJ9lhMe24gjeuA05krtaF8GygUHD,G0PLr6xT9E96wJTJXQDNB728J4rHnKFKya5jIcwT,MOx9AM3J6rnEQQJCSsWfT7wdOetSni3OV0mrNgho,I9zyEumkNRxIzJ9lhMe24gjeuA05krtaF8GygUHD,I9zyEumkNRxIzJ9lhMe24gjeuA05krtaF8GygUHD
G97yzpX8HPnbmrVEC0Aoz2si9mlAiCfZmduqw99n,BR0isoSnDlgTmIqukAORkXTz6C9ABpEWp1Yw4Fx6,DboXcHUzjiTnEyfVzMA8hgefX2B7suIPftuPWSyq,I9zyEumkNRxIzJ9lhMe24gjeuA05krtaF8GygUHD,BR0isoSnDlgTmIqukAORkXTz6C9ABpEWp1Yw4Fx6,BR0isoSnDlgTmIqukAORkXTz6C9ABpEWp1Yw4Fx6
MOx9AM3J6rnEQQJCSsWfT7wdOetSni3OV0mrNgho,0tSt4SUsOj8fKBL2OwFTAz878S85snjiNnAx7n8z,G97yzpX8HPnbmrVEC0Aoz2si9mlAiCfZmduqw99n,BR0isoSnDlgTmIqukAORkXTz6C9ABpEWp1Yw4Fx6,0tSt4SUsOj8fKBL2OwFTAz878S85snjiNnAx7n8z,0tSt4SUsOj8fKBL2OwFTAz878S85snjiNnAx7n8z
I9zyEumkNRxIzJ9lhMe24gjeuA05krtaF8GygUHD,hBG5vMBqkXoKVhe5nKFmfjAVyNoGHSr22VXcrkoN,MOx9AM3J6rnEQQJCSsWfT7wdOetSni3OV0mrNgho,0tSt4SUsOj8fKBL2OwFTAz878S85snjiNnAx7n8z,hBG5vMBqkXoKVhe5nKFmfjAVyNoGHSr22VXcrkoN,G97yzpX8HPnbmrVEC0Aoz2si9mlAiCfZmduqw99n
BR0isoSnDlgTmIqukAORkXTz6C9ABpEWp1Yw4Fx6,G0PLr6xT9E96wJTJXQDNB728J4rHnKFKya5jIcwT,I9zyEumkNRxIzJ9lhMe24gjeuA05krtaF8GygUHD,hBG5vMBqkXoKVhe5nKFmfjAVyNoGHSr22VXcrkoN,G97yzpX8HPnbmrVEC0Aoz2si9mlAiCfZmduqw99n,MOx9AM3J6rnEQQJCSsWfT7wdOetSni3OV0mrNgho
0tSt4SUsOj8fKBL2OwFTAz878S85snjiNnAx7n8z,DboXcHUzjiTnEyfVzMA8hgefX2B7suIPftuPWSyq,BR0isoSnDlgTmIqukAORkXTz6C9ABpEWp1Yw4Fx6,G0PLr6xT9E96wJTJXQDNB728J4rHnKFKya5jIcwT,MOx9AM3J6rnEQQJCSsWfT7wdOetSni3OV0mrNgho,I9zyEumkNRxIzJ9lhMe24gjeuA05krtaF8GygUHD
hBG5vMBqkXoKVhe5nKFmfjAVyNoGHSr22VXcrkoN,neo9uYRJVawyUm1nyXvQrJxwVqapvXp6gVg6kwxr,0tSt4SUsOj8fKBL2OwFTAz878S85snjiNnAx7n8z,G97yzpX8HPnbmrVEC0Aoz2si9mlAiCfZmduqw99n,I9zyEumkNRxIzJ9lhMe24gjeuA05krtaF8GygUHD,BR0isoSnDlgTmIqukAORkXTz6C9ABpEWp1Yw4Fx6
G0PLr6xT9E96wJTJXQDNB728J4rHnKFKya5jIcwT,nOgJEtffp9e3P1qN9pqUrIZB0WQ9VIdptmx5wtia,hBG5vMBqkXoKVhe5nKFmfjAVyNoGHSr22VXcrkoN,MOx9AM3J6rnEQQJCSsWfT7wdOetSni3OV0mrNgho,BR0isoSnDlgTmIqukAORkXTz6C9ABpEWp1Yw4Fx6,0tSt4SUsOj8fKBL2OwFTAz878S85snjiNnAx7n8z
DboXcHUzjiTnEyfVzMA8hgefX2B7suIPftuPWSyq,G97yzpX8HPnbmrVEC0Aoz2si9mlAiCfZmduqw99n,G0PLr6xT9E96wJTJXQDNB728J4rHnKFKya5jIcwT,I9zyEumkNRxIzJ9lhMe24gjeuA05krtaF8GygUHD,0tSt4SUsOj8fKBL2OwFTAz878S85snjiNnAx7n8z,G97yzpX8HPnbmrVEC0Aoz2si9mlAiCfZmduqw99n
neo9uYRJVawyUm1nyXvQrJxwVqapvXp6gVg6kwxr,MOx9AM3J6rnEQQJCSsWfT7wdOetSni3OV0mrNgho,DboXcHUzjiTnEyfVzMA8hgefX2B7suIPftuPWSyq,BR0isoSnDlgTmIqukAORkXTz6C9ABpEWp1Yw4Fx6,hBG5vMBqkXoKVhe5nKFmfjAVyNoGHSr22VXcrkoN,MOx9AM3J6rnEQQJCSsWfT7wdOetSni3OV0mrNgho
G97yzpX8HPnbmrVEC0Aoz2si9mlAiCfZmduqw99n,I9zyEumkNRxIzJ9lhMe24gjeuA05krtaF8GygUHD,G97yzpX8HPnbmrVEC0Aoz2si9mlAiCfZmduqw99n,0tSt4SUsOj8fKBL2OwFTAz878S85snjiNnAx7n8z,G97yzpX8HPnbmrVEC0Aoz2si9mlAiCfZmduqw99n,I9zyEumkNRxIzJ9lhMe24gjeuA05krtaF8GygUHD
MOx9AM3J6rnEQQJCSsWfT7wdOetSni3OV0mrNgho,BR0isoSnDlgTmIqukAORkXTz6C9ABpEWp1Yw4Fx6,MOx9AM3J6rnEQQJCSsWfT7wdOetSni3OV0mrNgho,hBG5vMBqkXoKVhe5nKFmfjAVyNoGHSr22VXcrkoN,MOx9AM3J6rnEQQJCSsWfT7wdOetSni3OV0mrNgho,BR0isoSnDlgTmIqukAORkXTz6C9ABpEWp1Yw4Fx6
I9zyEumkNRxIzJ9lhMe24gjeuA05krtaF8GygUHD,0tSt4SUsOj8fKBL2OwFTAz878S85snjiNnAx7n8z,I9zyEumkNRxIzJ9lhMe24gjeuA05krtaF8GygUHD,G0PLr6xT9E96wJTJXQDNB728J4rHnKFKya5jIcwT,I9zyEumkNRxIzJ9lhMe24gjeuA05krtaF8GygUHD,0tSt4SUsOj8fKBL2OwFTAz878S85snjiNnAx7n8z
BR0isoSnDlgTmIqukAORkXTz6C9ABpEWp1Yw4Fx6,hBG5vMBqkXoKVhe5nKFmfjAVyNoGHSr22VXcrkoN,BR0isoSnDlgTmIqukAORkXTz6C9ABpEWp1Yw4Fx6,G97yzpX8HPnbmrVEC0Aoz2si9mlAiCfZmduqw99n,BR0isoSnDlgTmIqukAORkXTz6C9ABpEWp1Yw4Fx6,G97yzpX8HPnbmrVEC0Aoz2si9mlAiCfZmduqw99n
0tSt4SUsOj8fKBL2OwFTAz878S85snjiNnAx7n8z,G0PLr6xT9E96wJTJXQDNB728J4rHnKFKya5jIcwT,0tSt4SUsOj8fKBL2OwFTAz878S85snjiNnAx7n8z,MOx9AM3J6rnEQQJCSsWfT7wdOetSni3OV0mrNgho,0tSt4SUsOj8fKBL2OwFTAz878S85snjiNnAx7n8z,MOx9AM3J6rnEQQJCSsWfT7wdOetSni3OV0mrNgho
hBG5vMBqkXoKVhe5nKFmfjAVyNoGHSr22VXcrkoN,DboXcHUzjiTnEyfVzMA8hgefX2B7suIPftuPWSyq,hBG5vMBqkXoKVhe5nKFmfjAVyNoGHSr22VXcrkoN,I9zyEumkNRxIzJ9lhMe24gjeuA05krtaF8GygUHD,hBG5vMBqkXoKVhe5nKFmfjAVyNoGHSr22VXcrkoN,I9zyEumkNRxIzJ9lhMe24gjeuA05krtaF8GygUHD
G0PLr6xT9E96wJTJXQDNB728J4rHnKFKya5jIcwT,neo9uYRJVawyUm1nyXvQrJxwVqapvXp6gVg6kwxr,G0PLr6xT9E96wJTJXQDNB728J4rHnKFKya5jIcwT,BR0isoSnDlgTmIqukAORkXTz6C9ABpEWp1Yw4Fx6,G97yzpX8HPnbmrVEC0Aoz2si9mlAiCfZmduqw99n,BR0isoSnDlgTmIqukAORkXTz6C9ABpEWp1Yw4Fx6
DboXcHUzjiTnEyfVzMA8hgefX2B7suIPftuPWSyq,nOgJEtffp9e3P1qN9pqUrIZB0WQ9VIdptmx5wtia,DboXcHUzjiTnEyfVzMA8hgefX2B7suIPftuPWSyq,0tSt4SUsOj8fKBL2OwFTAz878S85snjiNnAx7n8z,MOx9AM3J6rnEQQJCSsWfT7wdOetSni3OV0mrNgho,0tSt4SUsOj8fKBL2OwFTAz878S85snjiNnAx7n8z
neo9uYRJVawyUm1nyXvQrJxwVqapvXp6gVg6kwxr,G97yzpX8HPnbmrVEC0Aoz2si9mlAiCfZmduqw99n,G97yzpX8HPnbmrVEC0Aoz2si9mlAiCfZmduqw99n,hBG5vMBqkXoKVhe5nKFmfjAVyNoGHSr22VXcrkoN,I9zyEumkNRxIzJ9lhMe24gjeuA05krtaF8GygUHD,G97yzpX8HPnbmrVEC0Aoz2si9mlAiCfZmduqw99n
G97yzpX8HPnbmrVEC0Aoz2si9mlAiCfZmduqw99n,MOx9AM3J6rnEQQJCSsWfT7wdOetSni3OV0mrNgho,MOx9AM3J6rnEQQJCSsWfT7wdOetSni3OV0mrNgho,G0PLr6xT9E96wJTJXQDNB728J4rHnKFKya5jIcwT,BR0isoSnDlgTmIqukAORkXTz6C9ABpEWp1Yw4Fx6,MOx9AM3J6rnEQQJCSsWfT7wdOetSni3OV0mrNgho
MOx9AM3J6rnEQQJCSsWfT7wdOetSni3OV0mrNgho,I9zyEumkNRxIzJ9lhMe24gjeuA05krtaF8GygUHD,I9zyEumkNRxIzJ9lhMe24gjeuA05krtaF8GygUHD,G97yzpX8HPnbmrVEC0Aoz2si9mlAiCfZmduqw99n,0tSt4SUsOj8fKBL2OwFTAz878S85snjiNnAx7n8z,I9zyEumkNRxIzJ9lhMe24gjeuA05krtaF8GygUHD
I9zyEumkNRxIzJ9lhMe24gjeuA05krtaF8GygUHD,BR0isoSnDlgTmIqukAORkXTz6C9ABpEWp1Yw4Fx6,BR0isoSnDlgTmIqukAORkXTz6C9ABpEWp1Yw4Fx6,MOx9AM3J6rnEQQJCSsWfT7wdOetSni3OV0mrNgho,hBG5vMBqkXoKVhe5nKFmfjAVyNoGHSr22VXcrkoN,BR0isoSnDlgTmIqukAORkXTz6C9ABpEWp1Yw4Fx6
BR0isoSnDlgTmIqukAORkXTz6C9ABpEWp1Yw4Fx6,0tSt4SUsOj8fKBL2OwFTAz878S85snjiNnAx7n8z,0tSt4SUsOj8fKBL2OwFTAz878S85snjiNnAx7n8z,I9zyEumkNRxIzJ9lhMe24gjeuA05krtaF8GygUHD,G97yzpX8HPnbmrVEC0Aoz2si9mlAiCfZmduqw99n,0tSt4SUsOj8fKBL2OwFTAz878S85snjiNnAx7n8z
0tSt4SUsOj8fKBL2OwFTAz878S85snjiNnAx7n8z,hBG5vMBqkXoKVhe5nKFmfjAVyNoGHSr22VXcrkoN,hBG5vMBqkXoKVhe5nKFmfjAVyNoGHSr22VXcrkoN,BR0isoSnDlgTmIqukAORkXTz6C9ABpEWp1Yw4Fx6,MOx9AM3J6rnEQQJCSsWfT7wdOetSni3OV0mrNgho,G97yzpX8HPnbmrVEC0Aoz2si9mlAiCfZmduqw99n
hBG5vMBqkXoKVhe5nKFmfjAVyNoGHSr22VXcrkoN,G0PLr6xT9E96wJTJXQDNB728J4rHnKFKya5jIcwT,G0PLr6xT9E96wJTJXQDNB728J4rHnKFKya5jIcwT,0tSt4SUsOj8fKBL2OwFTAz878S85snjiNnAx7n8z,I9zyEumkNRxIzJ9lhMe24gjeuA05krtaF8GygUHD,MOx9AM3J6rnEQQJCSsWfT7wdOetSni3OV0mrNgho
G0PLr6xT9E96wJTJXQDNB728J4rHnKFKya5jIcwT,DboXcHUzjiTnEyfVzMA8hgefX2B7suIPftuPWSyq,DboXcHUzjiTnEyfVzMA8hgefX2B7suIPftuPWSyq,hBG5vMBqkXoKVhe5nKFmfjAVyNoGHSr22VXcrkoN,BR0isoSnDlgTmIqukAORkXTz6C9ABpEWp1Yw4Fx6,I9zyEumkNRxIzJ9lhMe24gjeuA05krtaF8GygUHD
DboXcHUzjiTnEyfVzMA8hgefX2B7suIPftuPWSyq,neo9uYRJVawyUm1nyXvQrJxwVqapvXp6gVg6kwxr,G97yzpX8HPnbmrVEC0Aoz2si9mlAiCfZmduqw99n,G0PLr6xT9E96wJTJXQDNB728J4rHnKFKya5jIcwT,0tSt4SUsOj8fKBL2OwFTAz878S85snjiNnAx7n8z,BR0isoSnDlgTmIqukAORkXTz6C9ABpEWp1Yw4Fx6
neo9uYRJVawyUm1nyXvQrJxwVqapvXp6gVg6kwxr,nOgJEtffp9e3P1qN9pqUrIZB0WQ9VIdptmx5wtia,MOx9AM3J6rnEQQJCSsWfT7wdOetSni3OV0mrNgho,G97yzpX8HPnbmrVEC0Aoz2si9mlAiCfZmduqw99n,hBG5vMBqkXoKVhe5nKFmfjAVyNoGHSr22VXcrkoN,0tSt4SUsOj8fKBL2OwFTAz878S85snjiNnAx7n8z
G97yzpX8HPnbmrVEC0Aoz2si9mlAiCfZmduqw99n,G97yzpX8HPnbmrVEC0Aoz2si9mlAiCfZmduqw99n,I9zyEumkNRxIzJ9lhMe24gjeuA05krtaF8GygUHD,MOx9AM3J6rnEQQJCSsWfT7wdOetSni3OV0mrNgho,G97yzpX8HPnbmrVEC0Aoz2si9mlAiCfZmduqw99n,G97yzpX8HPnbmrVEC0Aoz2si9mlAiCfZmduqw99n
MOx9AM3J6rnEQQJCSsWfT7wdOetSni3OV0mrNgho,MOx9AM3J6rnEQQJCSsWfT7wdOetSni3OV0mrNgho,BR0isoSnDlgTmIqukAORkXTz6C9ABpEWp1Yw4Fx6,I9zyEumkNRxIzJ9lhMe24gjeuA05krtaF8GygUHD,MOx9AM3J6rnEQQJCSsWfT7wdOetSni3OV0mrNgho,MOx9AM3J6rnEQQJCSsWfT7wdOetSni3OV0mrNgho
I9zyEumkNRxIzJ9lhMe24gjeuA05krtaF8GygUHD,I9zyEumkNRxIzJ9lhMe24gjeuA05krtaF8GygUHD,0tSt4SUsOj8fKBL2OwFTAz878S85snjiNnAx7n8z,BR0isoSnDlgTmIqukAORkXTz6C9ABpEWp1Yw4Fx6,I9zyEumkNRxIzJ9lhMe24gjeuA05krtaF8GygUHD,I9zyEumkNRxIzJ9lhMe24gjeuA05krtaF8GygUHD
BR0isoSnDlgTmIqukAORkXTz6C9ABpEWp1Yw4Fx6,BR0isoSnDlgTmIqukAORkXTz6C9ABpEWp1Yw4Fx6,hBG5vMBqkXoKVhe5nKFmfjAVyNoGHSr22VXcrkoN,0tSt4SUsOj8fKBL2OwFTAz878S85snjiNnAx7n8z,BR0isoSnDlgTmIqukAORkXTz6C9ABpEWp1Yw4Fx6,BR0isoSnDlgTmIqukAORkXTz6C9ABpEWp1Yw4Fx6
0tSt4SUsOj8fKBL2OwFTAz878S85snjiNnAx7n8z,0tSt4SUsOj8fKBL2OwFTAz878S85snjiNnAx7n8z,G0PLr6xT9E96wJTJXQDNB728J4rHnKFKya5jIcwT,hBG5vMBqkXoKVhe5nKFmfjAVyNoGHSr22VXcrkoN,0tSt4SUsOj8fKBL2OwFTAz878S85snjiNnAx7n8z,0tSt4SUsOj8fKBL2OwFTAz878S85snjiNnAx7n8z
hBG5vMBqkXoKVhe5nKFmfjAVyNoGHSr22VXcrkoN,hBG5vMBqkXoKVhe5nKFmfjAVyNoGHSr22VXcrkoN,DboXcHUzjiTnEyfVzMA8hgefX2B7suIPftuPWSyq,G0PLr6xT9E96wJTJXQDNB728J4rHnKFKya5jIcwT,hBG5vMBqkXoKVhe5nKFmfjAVyNoGHSr22VXcrkoN,G97yzpX8HPnbmrVEC0Aoz2si9mlAiCfZmduqw99n
G0PLr6xT9E96wJTJXQDNB728J4rHnKFKya5jIcwT,G0PLr6xT9E96wJTJXQDNB728J4rHnKFKya5jIcwT,G97yzpX8HPnbmrVEC0Aoz2si9mlAiCfZmduqw99n,G97yzpX8HPnbmrVEC0Aoz2si9mlAiCfZmduqw99n,G97yzpX8HPnbmrVEC0Aoz2si9mlAiCfZmduqw99n,MOx9AM3J6rnEQQJCSsWfT7wdOetSni3OV0mrNgho
DboXcHUzjiTnEyfVzMA8hgefX2B7suIPftuPWSyq,DboXcHUzjiTnEyfVzMA8hgefX2B7suIPftuPWSyq,MOx9AM3J6rnEQQJCSsWfT7wdOetSni3OV0mrNgho,MOx9AM3J6rnEQQJCSsWfT7wdOetSni3OV0mrNgho,MOx9AM3J6rnEQQJCSsWfT7wdOetSni3OV0mrNgho,I9zyEumkNRxIzJ9lhMe24gjeuA05krtaF8GygUHD
neo9uYRJVawyUm1nyXvQrJxwVqapvXp6gVg6kwxr,neo9uYRJVawyUm1nyXvQrJxwVqapvXp6gVg6kwxr,I9zyEumkNRxIzJ9lhMe24gjeuA05krtaF8GygUHD,I9zyEumkNRxIzJ9lhMe24gjeuA05krtaF8GygUHD,I9zyEumkNRxIzJ9lhMe24gjeuA05krtaF8GygUHD,BR0isoSnDlgTmIqukAORkXTz6C9ABpEWp1Yw4Fx6
G97yzpX8HPnbmrVEC0Aoz2si9mlAiCfZmduqw99n,nOgJEtffp9e3P1qN9pqUrIZB0WQ9VIdptmx5wtia,BR0isoSnDlgTmIqukAORkXTz6C9ABpEWp1Yw4Fx6,BR0isoSnDlgTmIqukAORkXTz6C9ABpEWp1Yw4Fx6,BR0isoSnDlgTmIqukAORkXTz6C9ABpEWp1Yw4Fx6,0tSt4SUsOj8fKBL2OwFTAz878S85snjiNnAx7n8z
MOx9AM3J6rnEQQJCSsWfT7wdOetSni3OV0mrNgho,G97yzpX8HPnbmrVEC0Aoz2si9mlAiCfZmduqw99n,0tSt4SUsOj8fKBL2OwFTAz878S85snjiNnAx7n8z,0tSt4SUsOj8fKBL2OwFTAz878S85snjiNnAx7n8z,0tSt4SUsOj8fKBL2OwFTAz878S85snjiNnAx7n8z,G97yzpX8HPnbmrVEC0Aoz2si9mlAiCfZmduqw99n
I9zyEumkNRxIzJ9lhMe24gjeuA05krtaF8GygUHD,MOx9AM3J6rnEQQJCSsWfT7wdOetSni3OV0mrNgho,hBG5vMBqkXoKVhe5nKFmfjAVyNoGHSr22VXcrkoN,hBG5vMBqkXoKVhe5nKFmfjAVyNoGHSr22VXcrkoN,hBG5vMBqkXoKVhe5nKFmfjAVyNoGHSr22VXcrkoN,MOx9AM3J6rnEQQJCSsWfT7wdOetSni3OV0mrNgho
BR0isoSnDlgTmIqukAORkXTz6C9ABpEWp1Yw4Fx6,I9zyEumkNRxIzJ9lhMe24gjeuA05krtaF8GygUHD,G0PLr6xT9E96wJTJXQDNB728J4rHnKFKya5jIcwT,G0PLr6xT9E96wJTJXQDNB728J4rHnKFKya5jIcwT,G97yzpX8HPnbmrVEC0Aoz2si9mlAiCfZmduqw99n,I9zyEumkNRxIzJ9lhMe24gjeuA05krtaF8GygUHD
0tSt4SUsOj8fKBL2OwFTAz878S85snjiNnAx7n8z,BR0isoSnDlgTmIqukAORkXTz6C9ABpEWp1Yw4Fx6,DboXcHUzjiTnEyfVzMA8hgefX2B7suIPftuPWSyq,G97yzpX8HPnbmrVEC0Aoz2si9mlAiCfZmduqw99n,MOx9AM3J6rnEQQJCSsWfT7wdOetSni3OV0mrNgho,BR0isoSnDlgTmIqukAORkXTz6C9ABpEWp1Yw4Fx6
hBG5vMBqkXoKVhe5nKFmfjAVyNoGHSr22VXcrkoN,0tSt4SUsOj8fKBL2OwFTAz878S85snjiNnAx7n8z,G97yzpX8HPnbmrVEC0Aoz2si9mlAiCfZmduqw99n,MOx9AM3J6rnEQQJCSsWfT7wdOetSni3OV0mrNgho,I9zyEumkNRxIzJ9lhMe24gjeuA05krtaF8GygUHD,0tSt4SUsOj8fKBL2OwFTAz878S85snjiNnAx7n8z
G0PLr6xT9E96wJTJXQDNB728J4rHnKFKya5jIcwT,hBG5vMBqkXoKVhe5nKFmfjAVyNoGHSr22VXcrkoN,MOx9AM3J6rnEQQJCSsWfT7wdOetSni3OV0mrNgho,I9zyEumkNRxIzJ9lhMe24gjeuA05krtaF8GygUHD,BR0isoSnDlgTmIqukAORkXTz6C9ABpEWp1Yw4Fx6,G97yzpX8HPnbmrVEC0Aoz2si9mlAiCfZmduqw99n
DboXcHUzjiTnEyfVzMA8hgefX2B7suIPftuPWSyq,G0PLr6xT9E96wJTJXQDNB728J4rHnKFKya5jIcwT,I9zyEumkNRxIzJ9lhMe24gjeuA05krtaF8GygUHD,BR0isoSnDlgTmIqukAORkXTz6C9ABpEWp1Yw4Fx6,0tSt4SUsOj8fKBL2OwFTAz878S85snjiNnAx7n8z,MOx9AM3J6rnEQQJCSsWfT7wdOetSni3OV0mrNgho
neo9uYRJVawyUm1nyXvQrJxwVqapvXp6gVg6kwxr,DboXcHUzjiTnEyfVzMA8hgefX2B7suIPftuPWSyq,BR0isoSnDlgTmIqukAORkXTz6C9ABpEWp1Yw4Fx6,0tSt4SUsOj8fKBL2OwFTAz878S85snjiNnAx7n8z,hBG5vMBqkXoKVhe5nKFmfjAVyNoGHSr22VXcrkoN,I9zyEumkNRxIzJ9lhMe24gjeuA05krtaF8GygUHD
G97yzpX8HPnbmrVEC0Aoz2si9mlAiCfZmduqw99n,neo9uYRJVawyUm1nyXvQrJxwVqapvXp6gVg6kwxr,0tSt4SUsOj8fKBL2OwFTAz878S85snjiNnAx7n8z,hBG5vMBqkXoKVhe5nKFmfjAVyNoGHSr22VXcrkoN,G97yzpX8HPnbmrVEC0Aoz2si9mlAiCfZmduqw99n,BR0isoSnDlgTmIqukAORkXTz6C9ABpEWp1Yw4Fx6
MOx9AM3J6rnEQQJCSsWfT7wdOetSni3OV0mrNgho,nOgJEtffp9e3P1qN9pqUrIZB0WQ9VIdptmx5wtia,hBG5vMBqkXoKVhe5nKFmfjAVyNoGHSr22VXcrkoN,G0PLr6xT9E96wJTJXQDNB728J4rHnKFKya5jIcwT,MOx9AM3J6rnEQQJCSsWfT7wdOetSni3OV0mrNgho,0tSt4SUsOj8fKBL2OwFTAz878S85snjiNnAx7n8z
I9zyEumkNRxIzJ9lhMe24gjeuA05krtaF8GygUHD,G97yzpX8HPnbmrVEC0Aoz2si9mlAiCfZmduqw99n,G0PLr6xT9E96wJTJXQDNB728J4rHnKFKya5jIcwT,G97yzpX8HPnbmrVEC0Aoz2si9mlAiCfZmduqw99n,I9zyEumkNRxIzJ9lhMe24gjeuA05krtaF8GygUHD,G97yzpX8HPnbmrVEC0Aoz2si9mlAiCfZmduqw99n
BR0isoSnDlgTmIqukAORkXTz6C9ABpEWp1Yw4Fx6,MOx9AM3J6rnEQQJCSsWfT7wdOetSni3OV0mrNgho,DboXcHUzjiTnEyfVzMA8hgefX2B7suIPftuPWSyq,MOx9AM3J6rnEQQJCSsWfT7wdOetSni3OV0mrNgho,BR0isoSnDlgTmIqukAORkXTz6C9ABpEWp1Yw4Fx6,MOx9AM3J6rnEQQJCSsWfT7wdOetSni3OV0mrNgho
0tSt4SUsOj8fKBL2OwFTAz878S85snjiNnAx7n8z,I9zyEumkNRxIzJ9lhMe24gjeuA05krtaF8GygUHD,G97yzpX8HPnbmrVEC0Aoz2si9mlAiCfZmduqw99n,I9zyEumkNRxIzJ9lhMe24gjeuA05krtaF8GygUHD,0tSt4SUsOj8fKBL2OwFTAz878S85snjiNnAx7n8z,I9zyEumkNRxIzJ9lhMe24gjeuA05krtaF8GygUHD
hBG5vMBqkXoKVhe5nKFmfjAVyNoGHSr22VXcrkoN,BR0isoSnDlgTmIqukAORkXTz6C9ABpEWp1Yw4Fx6,MOx9AM3J6rnEQQJCSsWfT7wdOetSni3OV0mrNgho,BR0isoSnDlgTmIqukAORkXTz6C9ABpEWp1Yw4Fx6,hBG5vMBqkXoKVhe5nKFmfjAVyNoGHSr22VXcrkoN,BR0isoSnDlgTmIqukAORkXTz6C9ABpEWp1Yw4Fx6
G0PLr6xT9E96wJTJXQDNB728J4rHnKFKya5jIcwT,0tSt4SUsOj8fKBL2OwFTAz878S85snjiNnAx7n8z,I9zyEumkNRxIzJ9lhMe24gjeuA05krtaF8GygUHD,0tSt4SUsOj8fKBL2OwFTAz878S85snjiNnAx7n8z,G97yzpX8HPnbmrVEC0Aoz2si9mlAiCfZmduqw99n,0tSt4SUsOj8fKBL2OwFTAz878S85snjiNnAx7n8z
DboXcHUzjiTnEyfVzMA8hgefX2B7suIPftuPWSyq,hBG5vMBqkXoKVhe5nKFmfjAVyNoGHSr22VXcrkoN,BR0isoSnDlgTmIqukAORkXTz6C9ABpEWp1Yw4Fx6,hBG5vMBqkXoKVhe5nKFmfjAVyNoGHSr22VXcrkoN,MOx9AM3J6rnEQQJCSsWfT7wdOetSni3OV0mrNgho,G97yzpX8HPnbmrVEC0Aoz2si9mlAiCfZmduqw99n
neo9uYRJVawyUm1nyXvQrJxwVqapvXp6gVg6kwxr,G0PLr6xT9E96wJTJXQDNB728J4rHnKFKya5jIcwT,0tSt4SUsOj8fKBL2OwFTAz878S85snjiNnAx7n8z,G0PLr6xT9E96wJTJXQDNB728J4rHnKFKya5jIcwT,I9zyEumkNRxIzJ9lhMe24gjeuA05krtaF8GygUHD,MOx9AM3J6rnEQQJCSsWfT7wdOetSni3OV0mrNgho
G97yzpX8HPnbmrVEC0Aoz2si9mlAiCfZmduqw99n,DboXcHUzjiTnEyfVzMA8hgefX2B7suIPftuPWSyq,hBG5vMBqkXoKVhe5nKFmfjAVyNoGHSr22VXcrkoN,G97yzpX8HPnbmrVEC0Aoz2si9mlAiCfZmduqw99n,BR0isoSnDlgTmIqukAORkXTz6C9ABpEWp1Yw4Fx6,I9zyEumkNRxIzJ9lhMe24gjeuA05krtaF8GygUHD
MOx9AM3J6rnEQQJCSsWfT7wdOetSni3OV0mrNgho,neo9uYRJVawyUm1nyXvQrJxwVqapvXp6gVg6kwxr,G0PLr6xT9E96wJTJXQDNB728J4rHnKFKya5jIcwT,MOx9AM3J6rnEQQJCSsWfT7wdOetSni3OV0mrNgho,0tSt4SUsOj8fKBL2OwFTAz878S85snjiNnAx7n8z,BR0isoSnDlgTmIqukAORkXTz6C9ABpEWp1Yw4Fx6
I9zyEumkNRxIzJ9lhMe24gjeuA05krtaF8GygUHD,nOgJEtffp9e3P1qN9pqUrIZB0WQ9VIdptmx5wtia,DboXcHUzjiTnEyfVzMA8hgefX2B7suIPftuPWSyq,I9zyEumkNRxIzJ9lhMe24gjeuA05krtaF8GygUHD,hBG5vMBqkXoKVhe5nKFmfjAVyNoGHSr22VXcrkoN,0tSt4SUsOj8fKBL2OwFTAz878S85snjiNnAx7n8z
BR0isoSnDlgTmIqukAORkXTz6C9ABpEWp1Yw4Fx6,G97yzpX8HPnbmrVEC0Aoz2si9mlAiCfZmduqw99n,G97yzpX8HPnbmrVEC0Aoz2si9mlAiCfZmduqw99n,BR0isoSnDlgTmIqukAORkXTz6C9ABpEWp1Yw4Fx6,G97yzpX8HPnbmrVEC0Aoz2si9mlAiCfZmduqw99n,G97yzpX8HPnbmrVEC0Aoz2si9mlAiCfZmduqw99n
0tSt4SUsOj8fKBL2OwFTAz878S85snjiNnAx7n8z,MOx9AM3J6rnEQQJCSsWfT7wdOetSni3OV0mrNgho,MOx9AM3J6rnEQQJCSsWfT7wdOetSni3OV0mrNgho,0tSt4SUsOj8fKBL2OwFTAz878S85snjiNnAx7n8z,MOx9AM3J6rnEQQJCSsWfT7wdOetSni3OV0mrNgho,MOx9AM3J6rnEQQJCSsWfT7wdOetSni3OV0mrNgho
hBG5vMBqkXoKVhe5nKFmfjAVyNoGHSr22VXcrkoN,I9zyEumkNRxIzJ9lhMe24gjeuA05krtaF8GygUHD,I9zyEumkNRxIzJ9lhMe24gjeuA05krtaF8GygUHD,hBG5vMBqkXoKVhe5nKFmfjAVyNoGHSr22VXcrkoN,I9zyEumkNRxIzJ9lhMe24gjeuA05krtaF8GygUHD,I9zyEumkNRxIzJ9lhMe24gjeuA05krtaF8GygUHD
G0PLr6xT9E96wJTJXQDNB728J4rHnKFKya5jIcwT,BR0isoSnDlgTmIqukAORkXTz6C9ABpEWp1Yw4Fx6,BR0isoSnDlgTmIqukAORkXTz6C9ABpEWp1Yw4Fx6,G0PLr6xT9E96wJTJXQDNB728J4rHnKFKya5jIcwT,BR0isoSnDlgTmIqukAORkXTz6C9ABpEWp1Yw4Fx6,BR0isoSnDlgTmIqukAORkXTz6C9ABpEWp1Yw4Fx6
DboXcHUzjiTnEyfVzMA8hgefX2B7suIPftuPWSyq,0tSt4SUsOj8fKBL2OwFTAz878S85snjiNnAx7n8z,0tSt4SUsOj8fKBL2OwFTAz878S85snjiNnAx7n8z,G97yzpX8HPnbmrVEC0Aoz2si9mlAiCfZmduqw99n,0tSt4SUsOj8fKBL2OwFTAz878S85snjiNnAx7n8z,0tSt4SUsOj8fKBL2OwFTAz878S85snjiNnAx7n8z
neo9uYRJVawyUm1nyXvQrJxwVqapvXp6gVg6kwxr,hBG5vMBqkXoKVhe5nKFmfjAVyNoGHSr22VXcrkoN,hBG5vMBqkXoKVhe5nKFmfjAVyNoGHSr22VXcrkoN,MOx9AM3J6rnEQQJCSsWfT7wdOetSni3OV0mrNgho,hBG5vMBqkXoKVhe5nKFmfjAVyNoGHSr22VXcrkoN,G97yzpX8HPnbmrVEC0Aoz2si9mlAiCfZmduqw99n
G97yzpX8HPnbmrVEC0Aoz2si9mlAiCfZmduqw99n,G0PLr6xT9E96wJTJXQDNB728J4rHnKFKya5jIcwT,G0PLr6xT9E96wJTJXQDNB728J4rHnKFKya5jIcwT,I9zyEumkNRxIzJ9lhMe24gjeuA05krtaF8GygUHD,G97yzpX8HPnbmrVEC0Aoz2si9mlAiCfZmduqw99n,MOx9AM3J6rnEQQJCSsWfT7wdOetSni3OV0mrNgho
MOx9AM3J6rnEQQJCSsWfT7wdOetSni3OV0mrNgho,DboXcHUzjiTnEyfVzMA8hgefX2B7suIPftuPWSyq,DboXcHUzjiTnEyfVzMA8hgefX2B7suIPftuPWSyq,BR0isoSnDlgTmIqukAORkXTz6C9ABpEWp1Yw4Fx6,MOx9AM3J6rnEQQJCSsWfT7wdOetSni3OV0mrNgho,I9zyEumkNRxIzJ9lhMe24gjeuA05krtaF8GygUHD
I9zyEumkNRxIzJ9lhMe24gjeuA05krtaF8GygUHD,neo9uYRJVawyUm1nyXvQrJxwVqapvXp6gVg6kwxr,G97yzpX8HPnbmrVEC0Aoz2si9mlAiCfZmduqw99n,0tSt4SUsOj8fKBL2OwFTAz878S85snjiNnAx7n8z,I9zyEumkNRxIzJ9lhMe24gjeuA05krtaF8GygUHD,BR0isoSnDlgTmIqukAORkXTz6C9ABpEWp1Yw4Fx6
BR0isoSnDlgTmIqukAORkXTz6C9ABpEWp1Yw4Fx6,nOgJEtffp9e3P1qN9pqUrIZB0WQ9VIdptmx5wtia,MOx9AM3J6rnEQQJCSsWfT7wdOetSni3OV0mrNgho,hBG5vMBqkXoKVhe5nKFmfjAVyNoGHSr22VXcrkoN,BR0isoSnDlgTmIqukAORkXTz6C9ABpEWp1Yw4Fx6,0tSt4SUsOj8fKBL2OwFTAz878S85snjiNnAx7n8z
0tSt4SUsOj8fKBL2OwFTAz878S85snjiNnAx7n8z,G97yzpX8HPnbmrVEC0Aoz2si9mlAiCfZmduqw99n,I9zyEumkNRxIzJ9lhMe24gjeuA05krtaF8GygUHD,G0PLr6xT9E96wJTJXQDNB728J4rHnKFKya5jIcwT,0tSt4SUsOj8fKBL2OwFTAz878S85snjiNnAx7n8z,G97yzpX8HPnbmrVEC0Aoz2si9mlAiCfZmduqw99n
hBG5vMBqkXoKVhe5nKFmfjAVyNoGHSr22VXcrkoN,MOx9AM3J6rnEQQJCSsWfT7wdOetSni3OV0mrNgho,BR0isoSnDlgTmIqukAORkXTz6C9ABpEWp1Yw4Fx6,G97yzpX8HPnbmrVEC0Aoz2si9mlAiCfZmduqw99n,hBG5vMBqkXoKVhe5nKFmfjAVyNoGHSr22VXcrkoN,MOx9AM3J6rnEQQJCSsWfT7wdOetSni3OV0mrNgho
G0PLr6xT9E96wJTJXQDNB728J4rHnKFKya5jIcwT,I9zyEumkNRxIzJ9lhMe24gjeuA05krtaF8GygUHD,0tSt4SUsOj8fKBL2OwFTAz878S85snjiNnAx7n8z,MOx9AM3J6rnEQQJCSsWfT7wdOetSni3OV0mrNgho,G97yzpX8HPnbmrVEC0Aoz2si9mlAiCfZmduqw99n,I9zyEumkNRxIzJ9lhMe24gjeuA05krtaF8GygUHD
DboXcHUzjiTnEyfVzMA8hgefX2B7suIPftuPWSyq,BR0isoSnDlgTmIqukAORkXTz6C9ABpEWp1Yw4Fx6,hBG5vMBqkXoKVhe5nKFmfjAVyNoGHSr22VXcrkoN,I9zyEumkNRxIzJ9lhMe24gjeuA05krtaF8GygUHD,MOx9AM3J6rnEQQJCSsWfT7wdOetSni3OV0mrNgho,BR0isoSnDlgTmIqukAORkXTz6C9ABpEWp1Yw4Fx6
neo9uYRJVawyUm1nyXvQrJxwVqapvXp6gVg6kwxr,0tSt4SUsOj8fKBL2OwFTAz878S85snjiNnAx7n8z,G0PLr6xT9E96wJTJXQDNB728J4rHnKFKya5jIcwT,BR0isoSnDlgTmIqukAORkXTz6C9ABpEWp1Yw4Fx6,I9zyEumkNRxIzJ9lhMe24gjeuA05krtaF8GygUHD,0tSt4SUsOj8fKBL2OwFTAz878S85snjiNnAx7n8z
G97yzpX8HPnbmrVEC0Aoz2si9mlAiCfZmduqw99n,hBG5vMBqkXoKVhe5nKFmfjAVyNoGHSr22VXcrkoN,DboXcHUzjiTnEyfVzMA8hgefX2B7suIPftuPWSyq,0tSt4SUsOj8fKBL2OwFTAz878S85snjiNnAx7n8z,BR0isoSnDlgTmIqukAORkXTz6C9ABpEWp1Yw4Fx6,G97yzpX8HPnbmrVEC0Aoz2si9mlAiCfZmduqw99n
MOx9AM3J6rnEQQJCSsWfT7wdOetSni3OV0mrNgho,G0PLr6xT9E96wJTJXQDNB728J4rHnKFKya5jIcwT,G97yzpX8HPnbmrVEC0Aoz2si9mlAiCfZmduqw99n,hBG5vMBqkXoKVhe5nKFmfjAVyNoGHSr22VXcrkoN,0tSt4SUsOj8fKBL2OwFTAz878S85snjiNnAx7n8z,MOx9AM3J6rnEQQJCSsWfT7wdOetSni3OV0mrNgho
I9zyEumkNRxIzJ9lhMe24gjeuA05krtaF8GygUHD,DboXcHUzjiTnEyfVzMA8hgefX2B7suIPftuPWSyq,MOx9AM3J6rnEQQJCSsWfT7wdOetSni3OV0mrNgho,G0PLr6xT9E96wJTJXQDNB728J4rHnKFKya5jIcwT,hBG5vMBqkXoKVhe5nKFmfjAVyNoGHSr22VXcrkoN,I9zyEumkNRxIzJ9lhMe24gjeuA05krtaF8GygUHD
BR0isoSnDlgTmIqukAORkXTz6C9ABpEWp1Yw4Fx6,neo9uYRJVawyUm1nyXvQrJxwVqapvXp6gVg6kwxr,I9zyEumkNRxIzJ9lhMe24gjeuA05krtaF8GygUHD,G97yzpX8HPnbmrVEC0Aoz2si9mlAiCfZmduqw99n,G97yzpX8HPnbmrVEC0Aoz2si9mlAiCfZmduqw99n,BR0isoSnDlgTmIqukAORkXTz6C9ABpEWp1Yw4Fx6
0tSt4SUsOj8fKBL2OwFTAz878S85snjiNnAx7n8z,nOgJEtffp9e3P1qN9pqUrIZB0WQ9VIdptmx5wtia,BR0isoSnDlgTmIqukAORkXTz6C9ABpEWp1Yw4Fx6,MOx9AM3J6rnEQQJCSsWfT7wdOetSni3OV0mrNgho,MOx9AM3J6rnEQQJCSsWfT7wdOetSni3OV0mrNgho,0tSt4SUsOj8fKBL2OwFTAz878S85snjiNnAx7n8z
hBG5vMBqkXoKVhe5nKFmfjAVyNoGHSr22VXcrkoN,G97yzpX8HPnbmrVEC0Aoz2si9mlAiCfZmduqw99n,0tSt4SUsOj8fKBL2OwFTAz878S85snjiNnAx7n8z,I9zyEumkNRxIzJ9lhMe24gjeuA05krtaF8GygUHD,I9zyEumkNRxIzJ9lhMe24gjeuA05krtaF8GygUHD,G97yzpX8HPnbmrVEC0Aoz2si9mlAiCfZmduqw99n
G0PLr6xT9E96wJTJXQDNB728J4rHnKFKya5jIcwT,MOx9AM3J6rnEQQJCSsWfT7wdOetSni3OV0mrNgho,hBG5vMBqkXoKVhe5nKFmfjAVyNoGHSr22VXcrkoN,BR0isoSnDlgTmIqukAORkXTz6C9ABpEWp1Yw4Fx6,BR0isoSnDlgTmIqukAORkXTz6C9ABpEWp1Yw4Fx6,MOx9AM3J6rnEQQJCSsWfT7wdOetSni3OV0mrNgho
DboXcHUzjiTnEyfVzMA8hgefX2B7suIPftuPWSyq,I9zyEumkNRxIzJ9lhMe24gjeuA05krtaF8GygUHD,G0PLr6xT9E96wJTJXQDNB728J4rHnKFKya5jIcwT,0tSt4SUsOj8fKBL2OwFTAz878S85snjiNnAx7n8z,0tSt4SUsOj8fKBL2OwFTAz878S85snjiNnAx7n8z,I9zyEumkNRxIzJ9lhMe24gjeuA05krtaF8GygUHD
neo9uYRJVawyUm1nyXvQrJxwVqapvXp6gVg6kwxr,BR0isoSnDlgTmIqukAORkXTz6C9ABpEWp1Yw4Fx6,DboXcHUzjiTnEyfVzMA8hgefX2B7suIPftuPWSyq,hBG5vMBqkXoKVhe5nKFmfjAVyNoGHSr22VXcrkoN,hBG5vMBqkXoKVhe5nKFmfjAVyNoGHSr22VXcrkoN,BR0isoSnDlgTmIqukAORkXTz6C9ABpEWp1Yw4Fx6
G97yzpX8HPnbmrVEC0Aoz2si9mlAiCfZmduqw99n,0tSt4SUsOj8fKBL2OwFTAz878S85snjiNnAx7n8z,G97yzpX8HPnbmrVEC0Aoz2si9mlAiCfZmduqw99n,G0PLr6xT9E96wJTJXQDNB728J4rHnKFKya5jIcwT,G97yzpX8HPnbmrVEC0Aoz2si9mlAiCfZmduqw99n,0tSt4SUsOj8fKBL2OwFTAz878S85snjiNnAx7n8z
MOx9AM3J6rnEQQJCSsWfT7wdOetSni3OV0mrNgho,hBG5vMBqkXoKVhe5nKFmfjAVyNoGHSr22VXcrkoN,MOx9AM3J6rnEQQJCSsWfT7wdOetSni3OV0mrNgho,G97yzpX8HPnbmrVEC0Aoz2si9mlAiCfZmduqw99n,MOx9AM3J6rnEQQJCSsWfT7wdOetSni3OV0mrNgho,G97yzpX8HPnbmrVEC0Aoz2si9mlAiCfZmduqw99n
I9zyEumkNRxIzJ9lhMe24gjeuA05krtaF8GygUHD,G0PLr6xT9E96wJTJXQDNB728J4rHnKFKya5jIcwT,I9zyEumkNRxIzJ9lhMe24gjeuA05krtaF8GygUHD,MOx9AM3J6rnEQQJCSsWfT7wdOetSni3OV0mrNgho,I9zyEumkNRxIzJ9lhMe24gjeuA05krtaF8GygUHD,MOx9AM3J6rnEQQJCSsWfT7wdOetSni3OV0mrNgho
BR0isoSnDlgTmIqukAORkXTz6C9ABpEWp1Yw4Fx6,DboXcHUzjiTnEyfVzMA8hgefX2B7suIPftuPWSyq,BR0isoSnDlgTmIqukAORkXTz6C9ABpEWp1Yw4Fx6,I9zyEumkNRxIzJ9lhMe24gjeuA05krtaF8GygUHD,BR0isoSnDlgTmIqukAORkXTz6C9ABpEWp1Yw4Fx6,I9zyEumkNRxIzJ9lhMe24gjeuA05krtaF8GygUHD
0tSt4SUsOj8fKBL2OwFTAz878S85snjiNnAx7n8z,neo9uYRJVawyUm1nyXvQrJxwVqapvXp6gVg6kwxr,0tSt4SUsOj8fKBL2OwFTAz878S85snjiNnAx7n8z,BR0isoSnDlgTmIqukAORkXTz6C9ABpEWp1Yw4Fx6,0tSt4SUsOj8fKBL2OwFTAz878S85snjiNnAx7n8z,BR0isoSnDlgTmIqukAORkXTz6C9ABpEWp1Yw4Fx6
hBG5vMBqkXoKVhe5nKFmfjAVyNoGHSr22VXcrkoN,nOgJEtffp9e3P1qN9pqUrIZB0WQ9VIdptmx5wtia,hBG5vMBqkXoKVhe5nKFmfjAVyNoGHSr22VXcrkoN,0tSt4SUsOj8fKBL2OwFTAz878S85snjiNnAx7n8z,hBG5vMBqkXoKVhe5nKFmfjAVyNoGHSr22VXcrkoN,0tSt4SUsOj8fKBL2OwFTAz878S85snjiNnAx7n8z
G0PLr6xT9E96wJTJXQDNB728J4rHnKFKya5jIcwT,G97yzpX8HPnbmrVEC0Aoz2si9mlAiCfZmduqw99n,G0PLr6xT9E96wJTJXQDNB728J4rHnKFKya5jIcwT,hBG5vMBqkXoKVhe5nKFmfjAVyNoGHSr22VXcrkoN,G97yzpX8HPnbmrVEC0Aoz2si9mlAiCfZmduqw99n,G97yzpX8HPnbmrVEC0Aoz2si9mlAiCfZmduqw99n
DboXcHUzjiTnEyfVzMA8hgefX2B7suIPftuPWSyq,MOx9AM3J6rnEQQJCSsWfT7wdOetSni3OV0mrNgho,DboXcHUzjiTnEyfVzMA8hgefX2B7suIPftuPWSyq,G0PLr6xT9E96wJTJXQDNB728J4rHnKFKya5jIcwT,MOx9AM3J6rnEQQJCSsWfT7wdOetSni3OV0mrNgho,MOx9AM3J6rnEQQJCSsWfT7wdOetSni3OV0mrNgho
neo9uYRJVawyUm1nyXvQrJxwVqapvXp6gVg6kwxr,I9zyEumkNRxIzJ9lhMe24gjeuA05krtaF8GygUHD,G97yzpX8HPnbmrVEC0Aoz2si9mlAiCfZmduqw99n,G97yzpX8HPnbmrVEC0Aoz2si9mlAiCfZmduqw99n,I9zyEumkNRxIzJ9lhMe24gjeuA05krtaF8GygUHD,I9zyEumkNRxIzJ9lhMe24gjeuA05krtaF8GygUHD
G97yzpX8HPnbmrVEC0Aoz2si9mlAiCfZmduqw99n,BR0isoSnDlgTmIqukAORkXTz6C9ABpEWp1Yw4Fx6,MOx9AM3J6rnEQQJCSsWfT7wdOetSni3OV0mrNgho,MOx9AM3J6rnEQQJCSsWfT7wdOetSni3OV0mrNgho,BR0isoSnDlgTmIqukAORkXTz6C9ABpEWp1Yw4Fx6,BR0isoSnDlgTmIqukAORkXTz6C9ABpEWp1Yw4Fx6
MOx9AM3J6rnEQQJCSsWfT7wdOetSni3OV0mrNgho,0tSt4SUsOj8fKBL2OwFTAz878S85snjiNnAx7n8z,I9zyEumkNRxIzJ9lhMe24gjeuA05krtaF8GygUHD,I9zyEumkNRxIzJ9lhMe24gjeuA05krtaF8GygUHD,0tSt4SUsOj8fKBL2OwFTAz878S85snjiNnAx7n8z,0tSt4SUsOj8fKBL2OwFTAz878S85snjiNnAx7n8z
I9zyEumkNRxIzJ9lhMe24gjeuA05krtaF8GygUHD,hBG5vMBqkXoKVhe5nKFmfjAVyNoGHSr22VXcrkoN,BR0isoSnDlgTmIqukAORkXTz6C9ABpEWp1Yw4Fx6,BR0isoSnDlgTmIqukAORkXTz6C9ABpEWp1Yw4Fx6,hBG5vMBqkXoKVhe5nKFmfjAVyNoGHSr22VXcrkoN,G97yzpX8HPnbmrVEC0Aoz2si9mlAiCfZmduqw99n
BR0isoSnDlgTmIqukAORkXTz6C9ABpEWp1Yw4Fx6,G0PLr6xT9E96wJTJXQDNB728J4rHnKFKya5jIcwT,0tSt4SUsOj8fKBL2OwFTAz878S85snjiNnAx7n8z,0tSt4SUsOj8fKBL2OwFTAz878S85snjiNnAx7n8z,G97yzpX8HPnbmrVEC0Aoz2si9mlAiCfZmduqw99n,MOx9AM3J6rnEQQJCSsWfT7wdOetSni3OV0mrNgho
0tSt4SUsOj8fKBL2OwFTAz878S85snjiNnAx7n8z,DboXcHUzjiTnEyfVzMA8hgefX2B7suIPftuPWSyq,hBG5vMBqkXoKVhe5nKFmfjAVyNoGHSr22VXcrkoN,hBG5vMBqkXoKVhe5nKFmfjAVyNoGHSr22VXcrkoN,MOx9AM3J6rnEQQJCSsWfT7wdOetSni3OV0mrNgho,I9zyEumkNRxIzJ9lhMe24gjeuA05krtaF8GygUHD
hBG5vMBqkXoKVhe5nKFmfjAVyNoGHSr22VXcrkoN,neo9uYRJVawyUm1nyXvQrJxwVqapvXp6gVg6kwxr,G0PLr6xT9E96wJTJXQDNB728J4rHnKFKya5jIcwT,G0PLr6xT9E96wJTJXQDNB728J4rHnKFKya5jIcwT,I9zyEumkNRxIzJ9lhMe24gjeuA05krtaF8GygUHD,BR0isoSnDlgTmIqukAORkXTz6C9ABpEWp1Yw4Fx6
G0PLr6xT9E96wJTJXQDNB728J4rHnKFKya5jIcwT,nOgJEtffp9e3P1qN9pqUrIZB0WQ9VIdptmx5wtia,DboXcHUzjiTnEyfVzMA8hgefX2B7suIPftuPWSyq,G97yzpX8HPnbmrVEC0Aoz2si9mlAiCfZmduqw99n,BR0isoSnDlgTmIqukAORkXTz6C9ABpEWp1Yw4Fx6,0tSt4SUsOj8fKBL2OwFTAz878S85snjiNnAx7n8z
DboXcHUzjiTnEyfVzMA8hgefX2B7suIPftuPWSyq,G97yzpX8HPnbmrVEC0Aoz2si9mlAiCfZmduqw99n,G97yzpX8HPnbmrVEC0Aoz2si9mlAiCfZmduqw99n,MOx9AM3J6rnEQQJCSsWfT7wdOetSni3OV0mrNgho,0tSt4SUsOj8fKBL2OwFTAz878S85snjiNnAx7n8z,G97yzpX8HPnbmrVEC0Aoz2si9mlAiCfZmduqw99n
neo9uYRJVawyUm1nyXvQrJxwVqapvXp6gVg6kwxr,MOx9AM3J6rnEQQJCSsWfT7wdOetSni3OV0mrNgho,MOx9AM3J6rnEQQJCSsWfT7wdOetSni3OV0mrNgho,I9zyEumkNRxIzJ9lhMe24gjeuA05krtaF8GygUHD,hBG5vMBqkXoKVhe5nKFmfjAVyNoGHSr22VXcrkoN,MOx9AM3J6rnEQQJCSsWfT7wdOetSni3OV0mrNgho
G97yzpX8HPnbmrVEC0Aoz2si9mlAiCfZmduqw99n,I9zyEumkNRxIzJ9lhMe24gjeuA05krtaF8GygUHD,I9zyEumkNRxIzJ9lhMe24gjeuA05krtaF8GygUHD,BR0isoSnDlgTmIqukAORkXTz6C9ABpEWp1Yw4Fx6,G97yzpX8HPnbmrVEC0Aoz2si9mlAiCfZmduqw99n,I9zyEumkNRxIzJ9lhMe24gjeuA05krtaF8GygUHD
MOx9AM3J6rnEQQJCSsWfT7wdOetSni3OV0mrNgho,BR0isoSnDlgTmIqukAORkXTz6C9ABpEWp1Yw4Fx6,BR0isoSnDlgTmIqukAORkXTz6C9ABpEWp1Yw4Fx6,0tSt4SUsOj8fKBL2OwFTAz878S85snjiNnAx7n8z,MOx9AM3J6rnEQQJCSsWfT7wdOetSni3OV0mrNgho,BR0isoSnDlgTmIqukAORkXTz6C9ABpEWp1Yw4Fx6
I9zyEumkNRxIzJ9lhMe24gjeuA05krtaF8GygUHD,0tSt4SUsOj8fKBL2OwFTAz878S85snjiNnAx7n8z,0tSt4SUsOj8fKBL2OwFTAz878S85snjiNnAx7n8z,hBG5vMBqkXoKVhe5nKFmfjAVyNoGHSr22VXcrkoN,I9zyEumkNRxIzJ9lhMe24gjeuA05krtaF8GygUHD,0tSt4SUsOj8fKBL2OwFTAz878S85snjiNnAx7n8z
BR0isoSnDlgTmIqukAORkXTz6C9ABpEWp1Yw4Fx6,hBG5vMBqkXoKVhe5nKFmfjAVyNoGHSr22VXcrkoN,hBG5vMBqkXoKVhe5nKFmfjAVyNoGHSr22VXcrkoN,G0PLr6xT9E96wJTJXQDNB728J4rHnKFKya5jIcwT,BR0isoSnDlgTmIqukAORkXTz6C9ABpEWp1Yw4Fx6,G97yzpX8HPnbmrVEC0Aoz2si9mlAiCfZmduqw99n
0tSt4SUsOj8fKBL2OwFTAz878S85snjiNnAx7n8z,G0PLr6xT9E96wJTJXQDNB728J4rHnKFKya5jIcwT,G0PLr6xT9E96wJTJXQDNB728J4rHnKFKya5jIcwT,G97yzpX8HPnbmrVEC0Aoz2si9mlAiCfZmduqw99n,0tSt4SUsOj8fKBL2OwFTAz878S85snjiNnAx7n8z,MOx9AM3J6rnEQQJCSsWfT7wdOetSni3OV0mrNgho
hBG5vMBqkXoKVhe5nKFmfjAVyNoGHSr22VXcrkoN,DboXcHUzjiTnEyfVzMA8hgefX2B7suIPftuPWSyq,DboXcHUzjiTnEyfVzMA8hgefX2B7suIPftuPWSyq,MOx9AM3J6rnEQQJCSsWfT7wdOetSni3OV0mrNgho,hBG5vMBqkXoKVhe5nKFmfjAVyNoGHSr22VXcrkoN,I9zyEumkNRxIzJ9lhMe24gjeuA05krtaF8GygUHD
G0PLr6xT9E96wJTJXQDNB728J4rHnKFKya5jIcwT,neo9uYRJVawyUm1nyXvQrJxwVqapvXp6gVg6kwxr,G97yzpX8HPnbmrVEC0Aoz2si9mlAiCfZmduqw99n,I9zyEumkNRxIzJ9lhMe24gjeuA05krtaF8GygUHD,G97yzpX8HPnbmrVEC0Aoz2si9mlAiCfZmduqw99n,BR0isoSnDlgTmIqukAORkXTz6C9ABpEWp1Yw4Fx6
DboXcHUzjiTnEyfVzMA8hgefX2B7suIPftuPWSyq,nOgJEtffp9e3P1qN9pqUrIZB0WQ9VIdptmx5wtia,MOx9AM3J6rnEQQJCSsWfT7wdOetSni3OV0mrNgho,BR0isoSnDlgTmIqukAORkXTz6C9ABpEWp1Yw4Fx6,MOx9AM3J6rnEQQJCSsWfT7wdOetSni3OV0mrNgho,0tSt4SUsOj8fKBL2OwFTAz878S85snjiNnAx7n8z
neo9uYRJVawyUm1nyXvQrJxwVqapvXp6gVg6kwxr,G97yzpX8HPnbmrVEC0Aoz2si9mlAiCfZmduqw99n,I9zyEumkNRxIzJ9lhMe24gjeuA05krtaF8GygUHD,0tSt4SUsOj8fKBL2OwFTAz878S85snjiNnAx7n8z,I9zyEumkNRxIzJ9lhMe24gjeuA05krtaF8GygUHD,G97yzpX8HPnbmrVEC0Aoz2si9mlAiCfZmduqw99n
G97yzpX8HPnbmrVEC0Aoz2si9mlAiCfZmduqw99n,MOx9AM3J6rnEQQJCSsWfT7wdOetSni3OV0mrNgho,BR0isoSnDlgTmIqukAORkXTz6C9ABpEWp1Yw4Fx6,hBG5vMBqkXoKVhe5nKFmfjAVyNoGHSr22VXcrkoN,BR0isoSnDlgTmIqukAORkXTz6C9ABpEWp1Yw4Fx6,MOx9AM3J6rnEQQJCSsWfT7wdOetSni3OV0mrNgho
MOx9AM3J6rnEQQJCSsWfT7wdOetSni3OV0mrNgho,I9zyEumkNRxIzJ9lhMe24gjeuA05krtaF8GygUHD,0tSt4SUsOj8fKBL2OwFTAz878S85snjiNnAx7n8z,G0PLr6xT9E96wJTJXQDNB728J4rHnKFKya5jIcwT,0tSt4SUsOj8fKBL2OwFTAz878S85snjiNnAx7n8z,I9zyEumkNRxIzJ9lhMe24gjeuA05krtaF8GygUHD
I9zyEumkNRxIzJ9lhMe24gjeuA05krtaF8GygUHD,BR0isoSnDlgTmIqukAORkXTz6C9ABpEWp1Yw4Fx6,hBG5vMBqkXoKVhe5nKFmfjAVyNoGHSr22VXcrkoN,G97yzpX8HPnbmrVEC0Aoz2si9mlAiCfZmduqw99n,hBG5vMBqkXoKVhe5nKFmfjAVyNoGHSr22VXcrkoN,BR0isoSnDlgTmIqukAORkXTz6C9ABpEWp1Yw4Fx6
BR0isoSnDlgTmIqukAORkXTz6C9ABpEWp1Yw4Fx6,0tSt4SUsOj8fKBL2OwFTAz878S85snjiNnAx7n8z,G0PLr6xT9E96wJTJXQDNB728J4rHnKFKya5jIcwT,MOx9AM3J6rnEQQJCSsWfT7wdOetSni3OV0mrNgho,G97yzpX8HPnbmrVEC0Aoz2si9mlAiCfZmduqw99n,0tSt4SUsOj8fKBL2OwFTAz878S85snjiNnAx7n8z
0tSt4SUsOj8fKBL2OwFTAz878S85snjiNnAx7n8z,hBG5vMBqkXoKVhe5nKFmfjAVyNoGHSr22VXcrkoN,DboXcHUzjiTnEyfVzMA8hgefX2B7suIPftuPWSyq,I9zyEumkNRxIzJ9lhMe24gjeuA05krtaF8GygUHD,MOx9AM3J6rnEQQJCSsWfT7wdOetSni3OV0mrNgho,G97yzpX8HPnbmrVEC0Aoz2si9mlAiCfZmduqw99n
hBG5vMBqkXoKVhe5nKFmfjAVyNoGHSr22VXcrkoN,G0PLr6xT9E96wJTJXQDNB728J4rHnKFKya5jIcwT,G97yzpX8HPnbmrVEC0Aoz2si9mlAiCfZmduqw99n,BR0isoSnDlgTmIqukAORkXTz6C9ABpEWp1Yw4Fx6,I9zyEumkNRxIzJ9lhMe24gjeuA05krtaF8GygUHD,MOx9AM3J6rnEQQJCSsWfT7wdOetSni3OV0mrNgho
G0PLr6xT9E96wJTJXQDNB728J4rHnKFKya5jIcwT,DboXcHUzjiTnEyfVzMA8hgefX2B7suIPftuPWSyq,MOx9AM3J6rnEQQJCSsWfT7wdOetSni3OV0mrNgho,0tSt4SUsOj8fKBL2OwFTAz878S85snjiNnAx7n8z,BR0isoSnDlgTmIqukAORkXTz6C9ABpEWp1Yw4Fx6,I9zyEumkNRxIzJ9lhMe24gjeuA05krtaF8GygUHD
DboXcHUzjiTnEyfVzMA8hgefX2B7suIPftuPWSyq,neo9uYRJVawyUm1nyXvQrJxwVqapvXp6gVg6kwxr,I9zyEumkNRxIzJ9lhMe24gjeuA05krtaF8GygUHD,hBG5vMBqkXoKVhe5nKFmfjAVyNoGHSr22VXcrkoN,0tSt4SUsOj8fKBL2OwFTAz878S85snjiNnAx7n8z,BR0isoSnDlgTmIqukAORkXTz6C9ABpEWp1Yw4Fx6
neo9uYRJVawyUm1nyXvQrJxwVqapvXp6gVg6kwxr,nOgJEtffp9e3P1qN9pqUrIZB0WQ9VIdptmx5wtia,BR0isoSnDlgTmIqukAORkXTz6C9ABpEWp1Yw4Fx6,G0PLr6xT9E96wJTJXQDNB728J4rHnKFKya5jIcwT,hBG5vMBqkXoKVhe5nKFmfjAVyNoGHSr22VXcrkoN,0tSt4SUsOj8fKBL2OwFTAz878S85snjiNnAx7n8z
G97yzpX8HPnbmrVEC0Aoz2si9mlAiCfZmduqw99n,G97yzpX8HPnbmrVEC0Aoz2si9mlAiCfZmduqw99n,0tSt4SUsOj8fKBL2OwFTAz878S85snjiNnAx7n8z,G97yzpX8HPnbmrVEC0Aoz2si9mlAiCfZmduqw99n,G97yzpX8HPnbmrVEC0Aoz2si9mlAiCfZmduqw99n,G97yzpX8HPnbmrVEC0Aoz2si9mlAiCfZmduqw99n
MOx9AM3J6rnEQQJCSsWfT7wdOetSni3OV0mrNgho,MOx9AM3J6rnEQQJCSsWfT7wdOetSni3OV0mrNgho,hBG5vMBqkXoKVhe5nKFmfjAVyNoGHSr22VXcrkoN,MOx9AM3J6rnEQQJCSsWfT7wdOetSni3OV0mrNgho,MOx9AM3J6rnEQQJCSsWfT7wdOetSni3OV0mrNgho,MOx9AM3J6rnEQQJCSsWfT7wdOetSni3OV0mrNgho
I9zyEumkNRxIzJ9lhMe24gjeuA05krtaF8GygUHD,I9zyEumkNRxIzJ9lhMe24gjeuA05krtaF8GygUHD,G0PLr6xT9E96wJTJXQDNB728J4rHnKFKya5jIcwT,I9zyEumkNRxIzJ9lhMe24gjeuA05krtaF8GygUHD,I9zyEumkNRxIzJ9lhMe24gjeuA05krtaF8GygUHD,I9zyEumkNRxIzJ9lhMe24gjeuA05krtaF8GygUHD
BR0isoSnDlgTmIqukAORkXTz6C9ABpEWp1Yw4Fx6,BR0isoSnDlgTmIqukAORkXTz6C9ABpEWp1Yw4Fx6,DboXcHUzjiTnEyfVzMA8hgefX2B7suIPftuPWSyq,BR0isoSnDlgTmIqukAORkXTz6C9ABpEWp1Yw4Fx6,BR0isoSnDlgTmIqukAORkXTz6C9ABpEWp1Yw4Fx6,BR0isoSnDlgTmIqukAORkXTz6C9ABpEWp1Yw4Fx6
0tSt4SUsOj8fKBL2OwFTAz878S85snjiNnAx7n8z,0tSt4SUsOj8fKBL2OwFTAz878S85snjiNnAx7n8z,G97yzpX8HPnbmrVEC0Aoz2si9mlAiCfZmduqw99n,0tSt4SUsOj8fKBL2OwFTAz878S85snjiNnAx7n8z,0tSt4SUsOj8fKBL2OwFTAz878S85snjiNnAx7n8z,0tSt4SUsOj8fKBL2OwFTAz878S85snjiNnAx7n8z
hBG5vMBqkXoKVhe5nKFmfjAVyNoGHSr22VXcrkoN,hBG5vMBqkXoKVhe5nKFmfjAVyNoGHSr22VXcrkoN,MOx9AM3J6rnEQQJCSsWfT7wdOetSni3OV0mrNgho,hBG5vMBqkXoKVhe5nKFmfjAVyNoGHSr22VXcrkoN,hBG5vMBqkXoKVhe5nKFmfjAVyNoGHSr22VXcrkoN,G97yzpX8HPnbmrVEC0Aoz2si9mlAiCfZmduqw99n
G0PLr6xT9E96wJTJXQDNB728J4rHnKFKya5jIcwT,G0PLr6xT9E96wJTJXQDNB728J4rHnKFKya5jIcwT,I9zyEumkNRxIzJ9lhMe24gjeuA05krtaF8GygUHD,G0PLr6xT9E96wJTJXQDNB728J4rHnKFKya5jIcwT,G97yzpX8HPnbmrVEC0Aoz2si9mlAiCfZmduqw99n,MOx9AM3J6rnEQQJCSsWfT7wdOetSni3OV0mrNgho
DboXcHUzjiTnEyfVzMA8hgefX2B7suIPftuPWSyq,DboXcHUzjiTnEyfVzMA8hgefX2B7suIPftuPWSyq,BR0isoSnDlgTmIqukAORkXTz6C9ABpEWp1Yw4Fx6,G97yzpX8HPnbmrVEC0Aoz2si9mlAiCfZmduqw99n,MOx9AM3J6rnEQQJCSsWfT7wdOetSni3OV0mrNgho,I9zyEumkNRxIzJ9lhMe24gjeuA05krtaF8GygUHD
neo9uYRJVawyUm1nyXvQrJxwVqapvXp6gVg6kwxr,neo9uYRJVawyUm1nyXvQrJxwVqapvXp6gVg6kwxr,0tSt4SUsOj8fKBL2OwFTAz878S85snjiNnAx7n8z,MOx9AM3J6rnEQQJCSsWfT7wdOetSni3OV0mrNgho,I9zyEumkNRxIzJ9lhMe24gjeuA05krtaF8GygUHD,BR0isoSnDlgTmIqukAORkXTz6C9ABpEWp1Yw4Fx6
G97yzpX8HPnbmrVEC0Aoz2si9mlAiCfZmduqw99n,nOgJEtffp9e3P1qN9pqUrIZB0WQ9VIdptmx5wtia,hBG5vMBqkXoKVhe5nKFmfjAVyNoGHSr22VXcrkoN,I9zyEumkNRxIzJ9lhMe24gjeuA05krtaF8GygUHD,BR0isoSnDlgTmIqukAORkXTz6C9ABpEWp1Yw4Fx6,0tSt4SUsOj8fKBL2OwFTAz878S85snjiNnAx7n8z
MOx9AM3J6rnEQQJCSsWfT7wdOetSni3OV0mrNgho,G97yzpX8HPnbmrVEC0Aoz2si9mlAiCfZmduqw99n,G0PLr6xT9E96wJTJXQDNB728J4rHnKFKya5jIcwT,BR0isoSnDlgTmIqukAORkXTz6C9ABpEWp1Yw4Fx6,0tSt4SUsOj8fKBL2OwFTAz878S85snjiNnAx7n8z,G97yzpX8HPnbmrVEC0Aoz2si9mlAiCfZmduqw99n
I9zyEumkNRxIzJ9lhMe24gjeuA05krtaF8GygUHD,MOx9AM3J6rnEQQJCSsWfT7wdOetSni3OV0mrNgho,DboXcHUzjiTnEyfVzMA8hgefX2B7suIPftuPWSyq,0tSt4SUsOj8fKBL2OwFTAz878S85snjiNnAx7n8z,hBG5vMBqkXoKVhe5nKFmfjAVyNoGHSr22VXcrkoN,MOx9AM3J6rnEQQJCSsWfT7wdOetSni3OV0mrNgho
BR0isoSnDlgTmIqukAORkXTz6C9ABpEWp1Yw4Fx6,I9zyEumkNRxIzJ9lhMe24gjeuA05krtaF8GygUHD,G97yzpX8HPnbmrVEC0Aoz2si9mlAiCfZmduqw99n,hBG5vMBqkXoKVhe5nKFmfjAVyNoGHSr22VXcrkoN,G97yzpX8HPnbmrVEC0Aoz2si9mlAiCfZmduqw99n,I9zyEumkNRxIzJ9lhMe24gjeuA05krtaF8GygUHD
0tSt4SUsOj8fKBL2OwFTAz878S85snjiNnAx7n8z,BR0isoSnDlgTmIqukAORkXTz6C9ABpEWp1Yw4Fx6,MOx9AM3J6rnEQQJCSsWfT7wdOetSni3OV0mrNgho,G0PLr6xT9E96wJTJXQDNB728J4rHnKFKya5jIcwT,MOx9AM3J6rnEQQJCSsWfT7wdOetSni3OV0mrNgho,BR0isoSnDlgTmIqukAORkXTz6C9ABpEWp1Yw4Fx6
hBG5vMBqkXoKVhe5nKFmfjAVyNoGHSr22VXcrkoN,0tSt4SUsOj8fKBL2OwFTAz878S85snjiNnAx7n8z,I9zyEumkNRxIzJ9lhMe24gjeuA05krtaF8GygUHD,G97yzpX8HPnbmrVEC0Aoz2si9mlAiCfZmduqw99n,I9zyEumkNRxIzJ9lhMe24gjeuA05krtaF8GygUHD,0tSt4SUsOj8fKBL2OwFTAz878S85snjiNnAx7n8z
G0PLr6xT9E96wJTJXQDNB728J4rHnKFKya5jIcwT,hBG5vMBqkXoKVhe5nKFmfjAVyNoGHSr22VXcrkoN,BR0isoSnDlgTmIqukAORkXTz6C9ABpEWp1Yw4Fx6,MOx9AM3J6rnEQQJCSsWfT7wdOetSni3OV0mrNgho,BR0isoSnDlgTmIqukAORkXTz6C9ABpEWp1Yw4Fx6,G97yzpX8HPnbmrVEC0Aoz2si9mlAiCfZmduqw99n
DboXcHUzjiTnEyfVzMA8hgefX2B7suIPftuPWSyq,G0PLr6xT9E96wJTJXQDNB728J4rHnKFKya5jIcwT,0tSt4SUsOj8fKBL2OwFTAz878S85snjiNnAx7n8z,I9zyEumkNRxIzJ9lhMe24gjeuA05krtaF8GygUHD,0tSt4SUsOj8fKBL2OwFTAz878S85snjiNnAx7n8z,MOx9AM3J6rnEQQJCSsWfT7wdOetSni3OV0mrNgho
neo9uYRJVawyUm1nyXvQrJxwVqapvXp6gVg6kwxr,DboXcHUzjiTnEyfVzMA8hgefX2B7suIPftuPWSyq,hBG5vMBqkXoKVhe5nKFmfjAVyNoGHSr22VXcrkoN,BR0isoSnDlgTmIqukAORkXTz6C9ABpEWp1Yw4Fx6,hBG5vMBqkXoKVhe5nKFmfjAVyNoGHSr22VXcrkoN,I9zyEumkNRxIzJ9lhMe24gjeuA05krtaF8GygUHD
G97yzpX8HPnbmrVEC0Aoz2si9mlAiCfZmduqw99n,neo9uYRJVawyUm1nyXvQrJxwVqapvXp6gVg6kwxr,G0PLr6xT9E96wJTJXQDNB728J4rHnKFKya5jIcwT,0tSt4SUsOj8fKBL2OwFTAz878S85snjiNnAx7n8z,G97yzpX8HPnbmrVEC0Aoz2si9mlAiCfZmduqw99n,BR0isoSnDlgTmIqukAORkXTz6C9ABpEWp1Yw4Fx6
MOx9AM3J6rnEQQJCSsWfT7wdOetSni3OV0mrNgho,nOgJEtffp9e3P1qN9pqUrIZB0WQ9VIdptmx5wtia,DboXcHUzjiTnEyfVzMA8hgefX2B7suIPftuPWSyq,hBG5vMBqkXoKVhe5nKFmfjAVyNoGHSr22VXcrkoN,MOx9AM3J6rnEQQJCSsWfT7wdOetSni3OV0mrNgho,0tSt4SUsOj8fKBL2OwFTAz878S85snjiNnAx7n8z
I9zyEumkNRxIzJ9lhMe24gjeuA05krtaF8GygUHD,G97yzpX8HPnbmrVEC0Aoz2si9mlAiCfZmduqw99n,G97yzpX8HPnbmrVEC0Aoz2si9mlAiCfZmduqw99n,G0PLr6xT9E96wJTJXQDNB728J4rHnKFKya5jIcwT,I9zyEumkNRxIzJ9lhMe24gjeuA05krtaF8GygUHD,G97yzpX8HPnbmrVEC0Aoz2si9mlAiCfZmduqw99n
BR0isoSnDlgTmIqukAORkXTz6C9ABpEWp1Yw4Fx6,MOx9AM3J6rnEQQJCSsWfT7wdOetSni3OV0mrNgho,MOx9AM3J6rnEQQJCSsWfT7wdOetSni3OV0mrNgho,G97yzpX8HPnbmrVEC0Aoz2si9mlAiCfZmduqw99n,BR0isoSnDlgTmIqukAORkXTz6C9ABpEWp1Yw4Fx6,MOx9AM3J6rnEQQJCSsWfT7wdOetSni3OV0mrNgho
0tSt4SUsOj8fKBL2OwFTAz878S85snjiNnAx7n8z,I9zyEumkNRxIzJ9lhMe24gjeuA05krtaF8GygUHD,I9zyEumkNRxIzJ9lhMe24gjeuA05krtaF8GygUHD,MOx9AM3J6rnEQQJCSsWfT7wdOetSni3OV0mrNgho,0tSt4SUsOj8fKBL2OwFTAz878S85snjiNnAx7n8z,I9zyEumkNRxIzJ9lhMe24gjeuA05krtaF8GygUHD
hBG5vMBqkXoKVhe5nKFmfjAVyNoGHSr22VXcrkoN,BR0isoSnDlgTmIqukAORkXTz6C9ABpEWp1Yw4Fx6,BR0isoSnDlgTmIqukAORkXTz6C9ABpEWp1Yw4Fx6,I9zyEumkNRxIzJ9lhMe24gjeuA05krtaF8GygUHD,hBG5vMBqkXoKVhe5nKFmfjAVyNoGHSr22VXcrkoN,BR0isoSnDlgTmIqukAORkXTz6C9ABpEWp1Yw4Fx6
G0PLr6xT9E96wJTJXQDNB728J4rHnKFKya5jIcwT,0tSt4SUsOj8fKBL2OwFTAz878S85snjiNnAx7n8z,0tSt4SUsOj8fKBL2OwFTAz878S85snjiNnAx7n8z,BR0isoSnDlgTmIqukAORkXTz6C9ABpEWp1Yw4Fx6,G97yzpX8HPnbmrVEC0Aoz2si9mlAiCfZmduqw99n,0tSt4SUsOj8fKBL2OwFTAz878S85snjiNnAx7n8z
DboXcHUzjiTnEyfVzMA8hgefX2B7suIPftuPWSyq,hBG5vMBqkXoKVhe5nKFmfjAVyNoGHSr22VXcrkoN,hBG5vMBqkXoKVhe5nKFmfjAVyNoGHSr22VXcrkoN,0tSt4SUsOj8fKBL2OwFTAz878S85snjiNnAx7n8z,MOx9AM3J6rnEQQJCSsWfT7wdOetSni3OV0mrNgho,G97yzpX8HPnbmrVEC0Aoz2si9mlAiCfZmduqw99n
neo9uYRJVawyUm1nyXvQrJxwVqapvXp6gVg6kwxr,G0PLr6xT9E96wJTJXQDNB728J4rHnKFKya5jIcwT,G0PLr6xT9E96wJTJXQDNB728J4rHnKFKya5jIcwT,hBG5vMBqkXoKVhe5nKFmfjAVyNoGHSr22VXcrkoN,I9zyEumkNRxIzJ9lhMe24gjeuA05krtaF8GygUHD,MOx9AM3J6rnEQQJCSsWfT7wdOetSni3OV0mrNgho
G97yzpX8HPnbmrVEC0Aoz2si9mlAiCfZmduqw99n,DboXcHUzjiTnEyfVzMA8hgefX2B7suIPftuPWSyq,DboXcHUzjiTnEyfVzMA8hgefX2B7suIPftuPWSyq,G0PLr6xT9E96wJTJXQDNB728J4rHnKFKya5jIcwT,BR0isoSnDlgTmIqukAORkXTz6C9ABpEWp1Yw4Fx6,I9zyEumkNRxIzJ9lhMe24gjeuA05krtaF8GygUHD
MOx9AM3J6rnEQQJCSsWfT7wdOetSni3OV0mrNgho,neo9uYRJVawyUm1nyXvQrJxwVqapvXp6gVg6kwxr,G97yzpX8HPnbmrVEC0Aoz2si9mlAiCfZmduqw99n,G97yzpX8HPnbmrVEC0Aoz2si9mlAiCfZmduqw99n,0tSt4SUsOj8fKBL2OwFTAz878S85snjiNnAx7n8z,BR0isoSnDlgTmIqukAORkXTz6C9ABpEWp1Yw4Fx6
I9zyEumkNRxIzJ9lhMe24gjeuA05krtaF8GygUHD,nOgJEtffp9e3P1qN9pqUrIZB0WQ9VIdptmx5wtia,MOx9AM3J6rnEQQJCSsWfT7wdOetSni3OV0mrNgho,MOx9AM3J6rnEQQJCSsWfT7wdOetSni3OV0mrNgho,hBG5vMBqkXoKVhe5nKFmfjAVyNoGHSr22VXcrkoN,0tSt4SUsOj8fKBL2OwFTAz878S85snjiNnAx7n8z
BR0isoSnDlgTmIqukAORkXTz6C9ABpEWp1Yw4Fx6,G97yzpX8HPnbmrVEC0Aoz2si9mlAiCfZmduqw99n,I9zyEumkNRxIzJ9lhMe24gjeuA05krtaF8GygUHD,I9zyEumkNRxIzJ9lhMe24gjeuA05krtaF8GygUHD,G97yzpX8HPnbmrVEC0Aoz2si9mlAiCfZmduqw99n,G97yzpX8HPnbmrVEC0Aoz2si9mlAiCfZmduqw99n
0tSt4SUsOj8fKBL2OwFTAz878S85snjiNnAx7n8z,MOx9AM3J6rnEQQJCSsWfT7wdOetSni3OV0mrNgho,BR0isoSnDlgTmIqukAORkXTz6C9ABpEWp1Yw4Fx6,BR0isoSnDlgTmIqukAORkXTz6C9ABpEWp1Yw4Fx6,MOx9AM3J6rnEQQJCSsWfT7wdOetSni3OV0mrNgho,MOx9AM3J6rnEQQJCSsWfT7wdOetSni3OV0mrNgho
hBG5vMBqkXoKVhe5nKFmfjAVyNoGHSr22VXcrkoN,I9zyEumkNRxIzJ9lhMe24gjeuA05krtaF8GygUHD,0tSt4SUsOj8fKBL2OwFTAz878S85snjiNnAx7n8z,0tSt4SUsOj8fKBL2OwFTAz878S85snjiNnAx7n8z,I9zyEumkNRxIzJ9lhMe24gjeuA05krtaF8GygUHD,I9zyEumkNRxIzJ9lhMe24gjeuA05krtaF8GygUHD
G0PLr6xT9E96wJTJXQDNB728J4rHnKFKya5jIcwT,BR0isoSnDlgTmIqukAORkXTz6C9ABpEWp1Yw4Fx6,hBG5vMBqkXoKVhe5nKFmfjAVyNoGHSr22VXcrkoN,hBG5vMBqkXoKVhe5nKFmfjAVyNoGHSr22VXcrkoN,BR0isoSnDlgTmIqukAORkXTz6C9ABpEWp1Yw4Fx6,BR0isoSnDlgTmIqukAORkXTz6C9ABpEWp1Yw4Fx6
DboXcHUzjiTnEyfVzMA8hgefX2B7suIPftuPWSyq,0tSt4SUsOj8fKBL2OwFTAz878S85snjiNnAx7n8z,G0PLr6xT9E96wJTJXQDNB728J4rHnKFKya5jIcwT,G0PLr6xT9E96wJTJXQDNB728J4rHnKFKya5jIcwT,0tSt4SUsOj8fKBL2OwFTAz878S85snjiNnAx7n8z,0tSt4SUsOj8fKBL2OwFTAz878S85snjiNnAx7n8z
neo9uYRJVawyUm1nyXvQrJxwVqapvXp6gVg6kwxr,hBG5vMBqkXoKVhe5nKFmfjAVyNoGHSr22VXcrkoN,DboXcHUzjiTnEyfVzMA8hgefX2B7suIPftuPWSyq,G97yzpX8HPnbmrVEC0Aoz2si9mlAiCfZmduqw99n,hBG5vMBqkXoKVhe5nKFmfjAVyNoGHSr22VXcrkoN,G97yzpX8HPnbmrVEC0Aoz2si9mlAiCfZmduqw99n
G97yzpX8HPnbmrVEC0Aoz2si9mlAiCfZmduqw99n,G0PLr6xT9E96wJTJXQDNB728J4rHnKFKya5jIcwT,G97yzpX8HPnbmrVEC0Aoz2si9mlAiCfZmduqw99n,MOx9AM3J6rnEQQJCSsWfT7wdOetSni3OV0mrNgho,G97yzpX8HPnbmrVEC0Aoz2si9mlAiCfZmduqw99n,MOx9AM3J6rnEQQJCSsWfT7wdOetSni3OV0mrNgho
MOx9AM3J6rnEQQJCSsWfT7wdOetSni3OV0mrNgho,DboXcHUzjiTnEyfVzMA8hgefX2B7suIPftuPWSyq,MOx9AM3J6rnEQQJCSsWfT7wdOetSni3OV0mrNgho,I9zyEumkNRxIzJ9lhMe24gjeuA05krtaF8GygUHD,MOx9AM3J6rnEQQJCSsWfT7wdOetSni3OV0mrNgho,I9zyEumkNRxIzJ9lhMe24gjeuA05krtaF8GygUHD
I9zyEumkNRxIzJ9lhMe24gjeuA05krtaF8GygUHD,neo9uYRJVawyUm1nyXvQrJxwVqapvXp6gVg6kwxr,I9zyEumkNRxIzJ9lhMe24gjeuA05krtaF8GygUHD,BR0isoSnDlgTmIqukAORkXTz6C9ABpEWp1Yw4Fx6,I9zyEumkNRxIzJ9lhMe24gjeuA05krtaF8GygUHD,BR0isoSnDlgTmIqukAORkXTz6C9ABpEWp1Yw4Fx6
BR0isoSnDlgTmIqukAORkXTz6C9ABpEWp1Yw4Fx6,nOgJEtffp9e3P1qN9pqUrIZB0WQ9VIdptmx5wtia,BR0isoSnDlgTmIqukAORkXTz6C9ABpEWp1Yw4Fx6,0tSt4SUsOj8fKBL2OwFTAz878S85snjiNnAx7n8z,BR0isoSnDlgTmIqukAORkXTz6C9ABpEWp1Yw4Fx6,0tSt4SUsOj8fKBL2OwFTAz878S85snjiNnAx7n8z
0tSt4SUsOj8fKBL2OwFTAz878S85snjiNnAx7n8z,G97yzpX8HPnbmrVEC0Aoz2si9mlAiCfZmduqw99n,0tSt4SUsOj8fKBL2OwFTAz878S85snjiNnAx7n8z,hBG5vMBqkXoKVhe5nKFmfjAVyNoGHSr22VXcrkoN,0tSt4SUsOj8fKBL2OwFTAz878S85snjiNnAx7n8z,G97yzpX8HPnbmrVEC0Aoz2si9mlAiCfZmduqw99n
hBG5vMBqkXoKVhe5nKFmfjAVyNoGHSr22VXcrkoN,MOx9AM3J6rnEQQJCSsWfT7wdOetSni3OV0mrNgho,hBG5vMBqkXoKVhe5nKFmfjAVyNoGHSr22VXcrkoN,G0PLr6xT9E96wJTJXQDNB728J4rHnKFKya5jIcwT,hBG5vMBqkXoKVhe5nKFmfjAVyNoGHSr22VXcrkoN,MOx9AM3J6rnEQQJCSsWfT7wdOetSni3OV0mrNgho
G0PLr6xT9E96wJTJXQDNB728J4rHnKFKya5jIcwT,I9zyEumkNRxIzJ9lhMe24gjeuA05krtaF8GygUHD,G0PLr6xT9E96wJTJXQDNB728J4rHnKFKya5jIcwT,G97yzpX8HPnbmrVEC0Aoz2si9mlAiCfZmduqw99n,G97yzpX8HPnbmrVEC0Aoz2si9mlAiCfZmduqw99n,I9zyEumkNRxIzJ9lhMe24gjeuA05krtaF8GygUHD
DboXcHUzjiTnEyfVzMA8hgefX2B7suIPftuPWSyq,BR0isoSnDlgTmIqukAORkXTz6C9ABpEWp1Yw4Fx6,DboXcHUzjiTnEyfVzMA8hgefX2B7suIPftuPWSyq,MOx9AM3J6rnEQQJCSsWfT7wdOetSni3OV0mrNgho,MOx9AM3J6rnEQQJCSsWfT7wdOetSni3OV0mrNgho,BR0isoSnDlgTmIqukAORkXTz6C9ABpEWp1Yw4Fx6
neo9uYRJVawyUm1nyXvQrJxwVqapvXp6gVg6kwxr,0tSt4SUsOj8fKBL2OwFTAz878S85snjiNnAx7n8z,G97yzpX8HPnbmrVEC0Aoz2si9mlAiCfZmduqw99n,I9zyEumkNRxIzJ9lhMe24gjeuA05krtaF8GygUHD,I9zyEumkNRxIzJ9lhMe24gjeuA05krtaF8GygUHD,0tSt4SUsOj8fKBL2OwFTAz878S85snjiNnAx7n8z
G97yzpX8HPnbmrVEC0Aoz2si9mlAiCfZmduqw99n,hBG5vMBqkXoKVhe5nKFmfjAVyNoGHSr22VXcrkoN,MOx9AM3J6rnEQQJCSsWfT7wdOetSni3OV0mrNgho,BR0isoSnDlgTmIqukAORkXTz6C9ABpEWp1Yw4Fx6,BR0isoSnDlgTmIqukAORkXTz6C9ABpEWp1Yw4Fx6,G97yzpX8HPnbmrVEC0Aoz2si9mlAiCfZmduqw99n
MOx9AM3J6rnEQQJCSsWfT7wdOetSni3OV0mrNgho,G0PLr6xT9E96wJTJXQDNB728J4rHnKFKya5jIcwT,I9zyEumkNRxIzJ9lhMe24gjeuA05krtaF8GygUHD,0tSt4SUsOj8fKBL2OwFTAz878S85snjiNnAx7n8z,0tSt4SUsOj8fKBL2OwFTAz878S85snjiNnAx7n8z,MOx9AM3J6rnEQQJCSsWfT7wdOetSni3OV0mrNgho
I9zyEumkNRxIzJ9lhMe24gjeuA05krtaF8GygUHD,DboXcHUzjiTnEyfVzMA8hgefX2B7suIPftuPWSyq,BR0isoSnDlgTmIqukAORkXTz6C9ABpEWp1Yw4Fx6,hBG5vMBqkXoKVhe5nKFmfjAVyNoGHSr22VXcrkoN,hBG5vMBqkXoKVhe5nKFmfjAVyNoGHSr22VXcrkoN,I9zyEumkNRxIzJ9lhMe24gjeuA05krtaF8GygUHD
BR0isoSnDlgTmIqukAORkXTz6C9ABpEWp1Yw4Fx6,neo9uYRJVawyUm1nyXvQrJxwVqapvXp6gVg6kwxr,0tSt4SUsOj8fKBL2OwFTAz878S85snjiNnAx7n8z,G0PLr6xT9E96wJTJXQDNB728J4rHnKFKya5jIcwT,G97yzpX8HPnbmrVEC0Aoz2si9mlAiCfZmduqw99n,BR0isoSnDlgTmIqukAORkXTz6C9ABpEWp1Yw4Fx6
0tSt4SUsOj8fKBL2OwFTAz878S85snjiNnAx7n8z,nOgJEtffp9e3P1qN9pqUrIZB0WQ9VIdptmx5wtia,hBG5vMBqkXoKVhe5nKFmfjAVyNoGHSr22VXcrkoN,G97yzpX8HPnbmrVEC0Aoz2si9mlAiCfZmduqw99n,MOx9AM3J6rnEQQJCSsWfT7wdOetSni3OV0mrNgho,0tSt4SUsOj8fKBL2OwFTAz878S85snjiNnAx7n8z
hBG5vMBqkXoKVhe5nKFmfjAVyNoGHSr22VXcrkoN,G97yzpX8HPnbmrVEC0Aoz2si9mlAiCfZmduqw99n,G0PLr6xT9E96wJTJXQDNB728J4rHnKFKya5jIcwT,MOx9AM3J6rnEQQJCSsWfT7wdOetSni3OV0mrNgho,I9zyEumkNRxIzJ9lhMe24gjeuA05krtaF8GygUHD,G97yzpX8HPnbmrVEC0Aoz2si9mlAiCfZmduqw99n
G0PLr6xT9E96wJTJXQDNB728J4rHnKFKya5jIcwT,MOx9AM3J6rnEQQJCSsWfT7wdOetSni3OV0mrNgho,DboXcHUzjiTnEyfVzMA8hgefX2B7suIPftuPWSyq,I9zyEumkNRxIzJ9lhMe24gjeuA05krtaF8GygUHD,BR0isoSnDlgTmIqukAORkXTz6C9ABpEWp1Yw4Fx6,MOx9AM3J6rnEQQJCSsWfT7wdOetSni3OV0mrNgho
DboXcHUzjiTnEyfVzMA8hgefX2B7suIPftuPWSyq,I9zyEumkNRxIzJ9lhMe24gjeuA05krtaF8GygUHD,G97yzpX8HPnbmrVEC0Aoz2si9mlAiCfZmduqw99n,BR0isoSnDlgTmIqukAORkXTz6C9ABpEWp1Yw4Fx6,0tSt4SUsOj8fKBL2OwFTAz878S85snjiNnAx7n8z,I9zyEumkNRxIzJ9lhMe24gjeuA05krtaF8GygUHD
neo9uYRJVawyUm1nyXvQrJxwVqapvXp6gVg6kwxr,BR0isoSnDlgTmIqukAORkXTz6C9ABpEWp1Yw4Fx6,MOx9AM3J6rnEQQJCSsWfT7wdOetSni3OV0mrNgho,0tSt4SUsOj8fKBL2OwFTAz878S85snjiNnAx7n8z,hBG5vMBqkXoKVhe5nKFmfjAVyNoGHSr22VXcrkoN,BR0isoSnDlgTmIqukAORkXTz6C9ABpEWp1Yw4Fx6
G97yzpX8HPnbmrVEC0Aoz2si9mlAiCfZmduqw99n,0tSt4SUsOj8fKBL2OwFTAz878S85snjiNnAx7n8z,I9zyEumkNRxIzJ9lhMe24gjeuA05krtaF8GygUHD,hBG5vMBqkXoKVhe5nKFmfjAVyNoGHSr22VXcrkoN,G97yzpX8HPnbmrVEC0Aoz2si9mlAiCfZmduqw99n,0tSt4SUsOj8fKBL2OwFTAz878S85snjiNnAx7n8z
MOx9AM3J6rnEQQJCSsWfT7wdOetSni3OV0mrNgho,hBG5vMBqkXoKVhe5nKFmfjAVyNoGHSr22VXcrkoN,BR0isoSnDlgTmIqukAORkXTz6C9ABpEWp1Yw4Fx6,G0PLr6xT9E96wJTJXQDNB728J4rHnKFKya5jIcwT,MOx9AM3J6rnEQQJCSsWfT7wdOetSni3OV0mrNgho,G97yzpX8HPnbmrVEC0Aoz2si9mlAiCfZmduqw99n
I9zyEumkNRxIzJ9lhMe24gjeuA05krtaF8GygUHD,G0PLr6xT9E96wJTJXQDNB728J4rHnKFKya5jIcwT,0tSt4SUsOj8fKBL2OwFTAz878S85snjiNnAx7n8z,G97yzpX8HPnbmrVEC0Aoz2si9mlAiCfZmduqw99n,I9zyEumkNRxIzJ9lhMe24gjeuA05krtaF8GygUHD,MOx9AM3J6rnEQQJCSsWfT7wdOetSni3OV0mrNgho
BR0isoSnDlgTmIqukAORkXTz6C9ABpEWp1Yw4Fx6,DboXcHUzjiTnEyfVzMA8hgefX2B7suIPftuPWSyq,hBG5vMBqkXoKVhe5nKFmfjAVyNoGHSr22VXcrkoN,MOx9AM3J6rnEQQJCSsWfT7wdOetSni3OV0mrNgho,BR0isoSnDlgTmIqukAORkXTz6C9ABpEWp1Yw4Fx6,I9zyEumkNRxIzJ9lhMe24gjeuA05krtaF8GygUHD
0tSt4SUsOj8fKBL2OwFTAz878S85snjiNnAx7n8z,neo9uYRJVawyUm1nyXvQrJxwVqapvXp6gVg6kwxr,G0PLr6xT9E96wJTJXQDNB728J4rHnKFKya5jIcwT,I9zyEumkNRxIzJ9lhMe24gjeuA05krtaF8GygUHD,0tSt4SUsOj8fKBL2OwFTAz878S85snjiNnAx7n8z,BR0isoSnDlgTmIqukAORkXTz6C9ABpEWp1Yw4Fx6
hBG5vMBqkXoKVhe5nKFmfjAVyNoGHSr22VXcrkoN,nOgJEtffp9e3P1qN9pqUrIZB0WQ9VIdptmx5wtia,DboXcHUzjiTnEyfVzMA8hgefX2B7suIPftuPWSyq,BR0isoSnDlgTmIqukAORkXTz6C9ABpEWp1Yw4Fx6,hBG5vMBqkXoKVhe5nKFmfjAVyNoGHSr22VXcrkoN,0tSt4SUsOj8fKBL2OwFTAz878S85snjiNnAx7n8z
G0PLr6xT9E96wJTJXQDNB728J4rHnKFKya5jIcwT,G97yzpX8HPnbmrVEC0Aoz2si9mlAiCfZmduqw99n,G97yzpX8HPnbmrVEC0Aoz2si9mlAiCfZmduqw99n,0tSt4SUsOj8fKBL2OwFTAz878S85snjiNnAx7n8z,G97yzpX8HPnbmrVEC0Aoz2si9mlAiCfZmduqw99n,G97yzpX8HPnbmrVEC0Aoz2si9mlAiCfZmduqw99n
DboXcHUzjiTnEyfVzMA8hgefX2B7suIPftuPWSyq,MOx9AM3J6rnEQQJCSsWfT7wdOetSni3OV0mrNgho,MOx9AM3J6rnEQQJCSsWfT7wdOetSni3OV0mrNgho,hBG5vMBqkXoKVhe5nKFmfjAVyNoGHSr22VXcrkoN,MOx9AM3J6rnEQQJCSsWfT7wdOetSni3OV0mrNgho,MOx9AM3J6rnEQQJCSsWfT7wdOetSni3OV0mrNgho
neo9uYRJVawyUm1nyXvQrJxwVqapvXp6gVg6kwxr,I9zyEumkNRxIzJ9lhMe24gjeuA05krtaF8GygUHD,I9zyEumkNRxIzJ9lhMe24gjeuA05krtaF8GygUHD,G0PLr6xT9E96wJTJXQDNB728J4rHnKFKya5jIcwT,I9zyEumkNRxIzJ9lhMe24gjeuA05krtaF8GygUHD,I9zyEumkNRxIzJ9lhMe24gjeuA05krtaF8GygUHD
G97yzpX8HPnbmrVEC0Aoz2si9mlAiCfZmduqw99n,BR0isoSnDlgTmIqukAORkXTz6C9ABpEWp1Yw4Fx6,BR0isoSnDlgTmIqukAORkXTz6C9ABpEWp1Yw4Fx6,G97yzpX8HPnbmrVEC0Aoz2si9mlAiCfZmduqw99n,BR0isoSnDlgTmIqukAORkXTz6C9ABpEWp1Yw4Fx6,BR0isoSnDlgTmIqukAORkXTz6C9ABpEWp1Yw4Fx6
MOx9AM3J6rnEQQJCSsWfT7wdOetSni3OV0mrNgho,0tSt4SUsOj8fKBL2OwFTAz878S85snjiNnAx7n8z,0tSt4SUsOj8fKBL2OwFTAz878S85snjiNnAx7n8z,MOx9AM3J6rnEQQJCSsWfT7wdOetSni3OV0mrNgho,0tSt4SUsOj8fKBL2OwFTAz878S85snjiNnAx7n8z,0tSt4SUsOj8fKBL2OwFTAz878S85snjiNnAx7n8z
I9zyEumkNRxIzJ9lhMe24gjeuA05krtaF8GygUHD,hBG5vMBqkXoKVhe5nKFmfjAVyNoGHSr22VXcrkoN,hBG5vMBqkXoKVhe5nKFmfjAVyNoGHSr22VXcrkoN,I9zyEumkNRxIzJ9lhMe24gjeuA05krtaF8GygUHD,hBG5vMBqkXoKVhe5nKFmfjAVyNoGHSr22VXcrkoN,G97yzpX8HPnbmrVEC0Aoz2si9mlAiCfZmduqw99n
BR0isoSnDlgTmIqukAORkXTz6C9ABpEWp1Yw4Fx6,G0PLr6xT9E96wJTJXQDNB728J4rHnKFKya5jIcwT,G0PLr6xT9E96wJTJXQDNB728J4rHnKFKya5jIcwT,BR0isoSnDlgTmIqukAORkXTz6C9ABpEWp1Yw4Fx6,G97yzpX8HPnbmrVEC0Aoz2si9mlAiCfZmduqw99n,MOx9AM3J6rnEQQJCSsWfT7wdOetSni3OV0mrNgho
0tSt4SUsOj8fKBL2OwFTAz878S85snjiNnAx7n8z,DboXcHUzjiTnEyfVzMA8hgefX2B7suIPftuPWSyq,DboXcHUzjiTnEyfVzMA8hgefX2B7suIPftuPWSyq,0tSt4SUsOj8fKBL2OwFTAz878S85snjiNnAx7n8z,MOx9AM3J6rnEQQJCSsWfT7wdOetSni3OV0mrNgho,I9zyEumkNRxIzJ9lhMe24gjeuA05krtaF8GygUHD
hBG5vMBqkXoKVhe5nKFmfjAVyNoGHSr22VXcrkoN,neo9uYRJVawyUm1nyXvQrJxwVqapvXp6gVg6kwxr,G97yzpX8HPnbmrVEC0Aoz2si9mlAiCfZmduqw99n,hBG5vMBqkXoKVhe5nKFmfjAVyNoGHSr22VXcrkoN,I9zyEumkNRxIzJ9lhMe24gjeuA05krtaF8GygUHD,BR0isoSnDlgTmIqukAORkXTz6C9ABpEWp1Yw4Fx6
G0PLr6xT9E96wJTJXQDNB728J4rHnKFKya5jIcwT,nOgJEtffp9e3P1qN9pqUrIZB0WQ9VIdptmx5wtia,MOx9AM3J6rnEQQJCSsWfT7wdOetSni3OV0mrNgho,G0PLr6xT9E96wJTJXQDNB728J4rHnKFKya5jIcwT,BR0isoSnDlgTmIqukAORkXTz6C9ABpEWp1Yw4Fx6,0tSt4SUsOj8fKBL2OwFTAz878S85snjiNnAx7n8z
DboXcHUzjiTnEyfVzMA8hgefX2B7suIPftuPWSyq,G97yzpX8HPnbmrVEC0Aoz2si9mlAiCfZmduqw99n,I9zyEumkNRxIzJ9lhMe24gjeuA05krtaF8GygUHD,G97yzpX8HPnbmrVEC0Aoz2si9mlAiCfZmduqw99n,0tSt4SUsOj8fKBL2OwFTAz878S85snjiNnAx7n8z,G97yzpX8HPnbmrVEC0Aoz2si9mlAiCfZmduqw99n
neo9uYRJVawyUm1nyXvQrJxwVqapvXp6gVg6kwxr,MOx9AM3J6rnEQQJCSsWfT7wdOetSni3OV0mrNgho,BR0isoSnDlgTmIqukAORkXTz6C9ABpEWp1Yw4Fx6,MOx9AM3J6rnEQQJCSsWfT7wdOetSni3OV0mrNgho,hBG5vMBqkXoKVhe5nKFmfjAVyNoGHSr22VXcrkoN,MOx9AM3J6rnEQQJCSsWfT7wdOetSni3OV0mrNgho
G97yzpX8HPnbmrVEC0Aoz2si9mlAiCfZmduqw99n,I9zyEumkNRxIzJ9lhMe24gjeuA05krtaF8GygUHD,0tSt4SUsOj8fKBL2OwFTAz878S85snjiNnAx7n8z,I9zyEumkNRxIzJ9lhMe24gjeuA05krtaF8GygUHD,G97yzpX8HPnbmrVEC0Aoz2si9mlAiCfZmduqw99n,I9zyEumkNRxIzJ9lhMe24gjeuA05krtaF8GygUHD
MOx9AM3J6rnEQQJCSsWfT7wdOetSni3OV0mrNgho,BR0isoSnDlgTmIqukAORkXTz6C9ABpEWp1Yw4Fx6,hBG5vMBqkXoKVhe5nKFmfjAVyNoGHSr22VXcrkoN,BR0isoSnDlgTmIqukAORkXTz6C9ABpEWp1Yw4Fx6,MOx9AM3J6rnEQQJCSsWfT7wdOetSni3OV0mrNgho,BR0isoSnDlgTmIqukAORkXTz6C9ABpEWp1Yw4Fx6
I9zyEumkNRxIzJ9lhMe24gjeuA05krtaF8GygUHD,0tSt4SUsOj8fKBL2OwFTAz878S85snjiNnAx7n8z,G0PLr6xT9E96wJTJXQDNB728J4rHnKFKya5jIcwT,0tSt4SUsOj8fKBL2OwFTAz878S85snjiNnAx7n8z,I9zyEumkNRxIzJ9lhMe24gjeuA05krtaF8GygUHD,0tSt4SUsOj8fKBL2OwFTAz878S85snjiNnAx7n8z
BR0isoSnDlgTmIqukAORkXTz6C9ABpEWp1Yw4Fx6,hBG5vMBqkXoKVhe5nKFmfjAVyNoGHSr22VXcrkoN,DboXcHUzjiTnEyfVzMA8hgefX2B7suIPftuPWSyq,hBG5vMBqkXoKVhe5nKFmfjAVyNoGHSr22VXcrkoN,BR0isoSnDlgTmIqukAORkXTz6C9ABpEWp1Yw4Fx6,G97yzpX8HPnbmrVEC0Aoz2si9mlAiCfZmduqw99n
0tSt4SUsOj8fKBL2OwFTAz878S85snjiNnAx7n8z,G0PLr6xT9E96wJTJXQDNB728J4rHnKFKya5jIcwT,G97yzpX8HPnbmrVEC0Aoz2si9mlAiCfZmduqw99n,G0PLr6xT9E96wJTJXQDNB728J4rHnKFKya5jIcwT,0tSt4SUsOj8fKBL2OwFTAz878S85snjiNnAx7n8z,MOx9AM3J6rnEQQJCSsWfT7wdOetSni3OV0mrNgho
hBG5vMBqkXoKVhe5nKFmfjAVyNoGHSr22VXcrkoN,DboXcHUzjiTnEyfVzMA8hgefX2B7suIPftuPWSyq,MOx9AM3J6rnEQQJCSsWfT7wdOetSni3OV0mrNgho,G97yzpX8HPnbmrVEC0Aoz2si9mlAiCfZmduqw99n,hBG5vMBqkXoKVhe5nKFmfjAVyNoGHSr22VXcrkoN,I9zyEumkNRxIzJ9lhMe24gjeuA05krtaF8GygUHD
G0PLr6xT9E96wJTJXQDNB728J4rHnKFKya5jIcwT,neo9uYRJVawyUm1nyXvQrJxwVqapvXp6gVg6kwxr,I9zyEumkNRxIzJ9lhMe24gjeuA05krtaF8GygUHD,MOx9AM3J6rnEQQJCSsWfT7wdOetSni3OV0mrNgho,G97yzpX8HPnbmrVEC0Aoz2si9mlAiCfZmduqw99n,BR0isoSnDlgTmIqukAORkXTz6C9ABpEWp1Yw4Fx6
DboXcHUzjiTnEyfVzMA8hgefX2B7suIPftuPWSyq,nOgJEtffp9e3P1qN9pqUrIZB0WQ9VIdptmx5wtia,BR0isoSnDlgTmIqukAORkXTz6C9ABpEWp1Yw4Fx6,I9zyEumkNRxIzJ9lhMe24gjeuA05krtaF8GygUHD,MOx9AM3J6rnEQQJCSsWfT7wdOetSni3OV0mrNgho,0tSt4SUsOj8fKBL2OwFTAz878S85snjiNnAx7n8z
neo9uYRJVawyUm1nyXvQrJxwVqapvXp6gVg6kwxr,G97yzpX8HPnbmrVEC0Aoz2si9mlAiCfZmduqw99n,0tSt4SUsOj8fKBL2OwFTAz878S85snjiNnAx7n8z,BR0isoSnDlgTmIqukAORkXTz6C9ABpEWp1Yw4Fx6,I9zyEumkNRxIzJ9lhMe24gjeuA05krtaF8GygUHD,G97yzpX8HPnbmrVEC0Aoz2si9mlAiCfZmduqw99n
G97yzpX8HPnbmrVEC0Aoz2si9mlAiCfZmduqw99n,MOx9AM3J6rnEQQJCSsWfT7wdOetSni3OV0mrNgho,hBG5vMBqkXoKVhe5nKFmfjAVyNoGHSr22VXcrkoN,0tSt4SUsOj8fKBL2OwFTAz878S85snjiNnAx7n8z,BR0isoSnDlgTmIqukAORkXTz6C9ABpEWp1Yw4Fx6,MOx9AM3J6rnEQQJCSsWfT7wdOetSni3OV0mrNgho
MOx9AM3J6rnEQQJCSsWfT7wdOetSni3OV0mrNgho,I9zyEumkNRxIzJ9lhMe24gjeuA05krtaF8GygUHD,G0PLr6xT9E96wJTJXQDNB728J4rHnKFKya5jIcwT,hBG5vMBqkXoKVhe5nKFmfjAVyNoGHSr22VXcrkoN,0tSt4SUsOj8fKBL2OwFTAz878S85snjiNnAx7n8z,I9zyEumkNRxIzJ9lhMe24gjeuA05krtaF8GygUHD
I9zyEumkNRxIzJ9lhMe24gjeuA05krtaF8GygUHD,BR0isoSnDlgTmIqukAORkXTz6C9ABpEWp1Yw4Fx6,DboXcHUzjiTnEyfVzMA8hgefX2B7suIPftuPWSyq,G0PLr6xT9E96wJTJXQDNB728J4rHnKFKya5jIcwT,hBG5vMBqkXoKVhe5nKFmfjAVyNoGHSr22VXcrkoN,BR0isoSnDlgTmIqukAORkXTz6C9ABpEWp1Yw4Fx6
BR0isoSnDlgTmIqukAORkXTz6C9ABpEWp1Yw4Fx6,0tSt4SUsOj8fKBL2OwFTAz878S85snjiNnAx7n8z,G97yzpX8HPnbmrVEC0Aoz2si9mlAiCfZmduqw99n,G97yzpX8HPnbmrVEC0Aoz2si9mlAiCfZmduqw99n,G97yzpX8HPnbmrVEC0Aoz2si9mlAiCfZmduqw99n,0tSt4SUsOj8fKBL2OwFTAz878S85snjiNnAx7n8z
0tSt4SUsOj8fKBL2OwFTAz878S85snjiNnAx7n8z,hBG5vMBqkXoKVhe5nKFmfjAVyNoGHSr22VXcrkoN,MOx9AM3J6rnEQQJCSsWfT7wdOetSni3OV0mrNgho,MOx9AM3J6rnEQQJCSsWfT7wdOetSni3OV0mrNgho,MOx9AM3J6rnEQQJCSsWfT7wdOetSni3OV0mrNgho,G97yzpX8HPnbmrVEC0Aoz2si9mlAiCfZmduqw99n
hBG5vMBqkXoKVhe5nKFmfjAVyNoGHSr22VXcrkoN,G0PLr6xT9E96wJTJXQDNB728J4rHnKFKya5jIcwT,I9zyEumkNRxIzJ9lhMe24gjeuA05krtaF8GygUHD,I9zyEumkNRxIzJ9lhMe24gjeuA05krtaF8GygUHD,I9zyEumkNRxIzJ9lhMe24gjeuA05krtaF8GygUHD,MOx9AM3J6rnEQQJCSsWfT7wdOetSni3OV0mrNgho
G0PLr6xT9E96wJTJXQDNB728J4rHnKFKya5jIcwT,DboXcHUzjiTnEyfVzMA8hgefX2B7suIPftuPWSyq,BR0isoSnDlgTmIqukAORkXTz6C9ABpEWp1Yw4Fx6,BR0isoSnDlgTmIqukAORkXTz6C9ABpEWp1Yw4Fx6,BR0isoSnDlgTmIqukAORkXTz6C9ABpEWp1Yw4Fx6,I9zyEumkNRxIzJ9lhMe24gjeuA05krtaF8GygUHD
DboXcHUzjiTnEyfVzMA8hgefX2B7suIPftuPWSyq,neo9uYRJVawyUm1nyXvQrJxwVqapvXp6gVg6kwxr,0tSt4SUsOj8fKBL2OwFTAz878S85snjiNnAx7n8z,0tSt4SUsOj8fKBL2OwFTAz878S85snjiNnAx7n8z,0tSt4SUsOj8fKBL2OwFTAz878S85snjiNnAx7n8z,BR0isoSnDlgTmIqukAORkXTz6C9ABpEWp1Yw4Fx6
neo9uYRJVawyUm1nyXvQrJxwVqapvXp6gVg6kwxr,nOgJEtffp9e3P1qN9pqUrIZB0WQ9VIdptmx5wtia,hBG5vMBqkXoKVhe5nKFmfjAVyNoGHSr22VXcrkoN,hBG5vMBqkXoKVhe5nKFmfjAVyNoGHSr22VXcrkoN,hBG5vMBqkXoKVhe5nKFmfjAVyNoGHSr22VXcrkoN,0tSt4SUsOj8fKBL2OwFTAz878S85snjiNnAx7n8z
G97yzpX8HPnbmrVEC0Aoz2si9mlAiCfZmduqw99n,G97yzpX8HPnbmrVEC0Aoz2si9mlAiCfZmduqw99n,G0PLr6xT9E96wJTJXQDNB728J4rHnKFKya5jIcwT,G0PLr6xT9E96wJTJXQDNB728J4rHnKFKya5jIcwT,G97yzpX8HPnbmrVEC0Aoz2si9mlAiCfZmduqw99n,G97yzpX8HPnbmrVEC0Aoz2si9mlAiCfZmduqw99n
MOx9AM3J6rnEQQJCSsWfT7wdOetSni3OV0mrNgho,MOx9AM3J6rnEQQJCSsWfT7wdOetSni3OV0mrNgho,DboXcHUzjiTnEyfVzMA8hgefX2B7suIPftuPWSyq,G97yzpX8HPnbmrVEC0Aoz2si9mlAiCfZmduqw99n,MOx9AM3J6rnEQQJCSsWfT7wdOetSni3OV0mrNgho,MOx9AM3J6rnEQQJCSsWfT7wdOetSni3OV0mrNgho
I9zyEumkNRxIzJ9lhMe24gjeuA05krtaF8GygUHD,I9zyEumkNRxIzJ9lhMe24gjeuA05krtaF8GygUHD,G97yzpX8HPnbmrVEC0Aoz2si9mlAiCfZmduqw99n,MOx9AM3J6rnEQQJCSsWfT7wdOetSni3OV0mrNgho,I9zyEumkNRxIzJ9lhMe24gjeuA05krtaF8GygUHD,I9zyEumkNRxIzJ9lhMe24gjeuA05krtaF8GygUHD
BR0isoSnDlgTmIqukAORkXTz6C9ABpEWp1Yw4Fx6,BR0isoSnDlgTmIqukAORkXTz6C9ABpEWp1Yw4Fx6,MOx9AM3J6rnEQQJCSsWfT7wdOetSni3OV0mrNgho,I9zyEumkNRxIzJ9lhMe24gjeuA05krtaF8GygUHD,BR0isoSnDlgTmIqukAORkXTz6C9ABpEWp1Yw4Fx6,BR0isoSnDlgTmIqukAORkXTz6C9ABpEWp1Yw4Fx6
0tSt4SUsOj8fKBL2OwFTAz878S85snjiNnAx7n8z,0tSt4SUsOj8fKBL2OwFTAz878S85snjiNnAx7n8z,I9zyEumkNRxIzJ9lhMe24gjeuA05krtaF8GygUHD,BR0isoSnDlgTmIqukAORkXTz6C9ABpEWp1Yw4Fx6,0tSt4SUsOj8fKBL2OwFTAz878S85snjiNnAx7n8z,0tSt4SUsOj8fKBL2OwFTAz878S85snjiNnAx7n8z
hBG5vMBqkXoKVhe5nKFmfjAVyNoGHSr22VXcrkoN,hBG5vMBqkXoKVhe5nKFmfjAVyNoGHSr22VXcrkoN,BR0isoSnDlgTmIqukAORkXTz6C9ABpEWp1Yw4Fx6,0tSt4SUsOj8fKBL2OwFTAz878S85snjiNnAx7n8z,hBG5vMBqkXoKVhe5nKFmfjAVyNoGHSr22VXcrkoN,G97yzpX8HPnbmrVEC0Aoz2si9mlAiCfZmduqw99n
G0PLr6xT9E96wJTJXQDNB728J4rHnKFKya5jIcwT,G0PLr6xT9E96wJTJXQDNB728J4rHnKFKya5jIcwT,0tSt4SUsOj8fKBL2OwFTAz878S85snjiNnAx7n8z,hBG5vMBqkXoKVhe5nKFmfjAVyNoGHSr22VXcrkoN,G97yzpX8HPnbmrVEC0Aoz2si9mlAiCfZmduqw99n,MOx9AM3J6rnEQQJCSsWfT7wdOetSni3OV0mrNgho
DboXcHUzjiTnEyfVzMA8hgefX2B7suIPftuPWSyq,DboXcHUzjiTnEyfVzMA8hgefX2B7suIPftuPWSyq,hBG5vMBqkXoKVhe5nKFmfjAVyNoGHSr22VXcrkoN,G0PLr6xT9E96wJTJXQDNB728J4rHnKFKya5jIcwT,MOx9AM3J6rnEQQJCSsWfT7wdOetSni3OV0mrNgho,I9zyEumkNRxIzJ9lhMe24gjeuA05krtaF8GygUHD
neo9uYRJVawyUm1nyXvQrJxwVqapvXp6gVg6kwxr,neo9uYRJVawyUm1nyXvQrJxwVqapvXp6gVg6kwxr,G0PLr6xT9E96wJTJXQDNB728J4rHnKFKya5jIcwT,G97yzpX8HPnbmrVEC0Aoz2si9mlAiCfZmduqw99n,I9zyEumkNRxIzJ9lhMe24gjeuA05krtaF8GygUHD,BR0isoSnDlgTmIqukAORkXTz6C9ABpEWp1Yw4Fx6
G97yzpX8HPnbmrVEC0Aoz2si9mlAiCfZmduqw99n,nOgJEtffp9e3P1qN9pqUrIZB0WQ9VIdptmx5wtia,DboXcHUzjiTnEyfVzMA8hgefX2B7suIPftuPWSyq,MOx9AM3J6rnEQQJCSsWfT7wdOetSni3OV0mrNgho,BR0isoSnDlgTmIqukAORkXTz6C9ABpEWp1Yw4Fx6,0tSt4SUsOj8fKBL2OwFTAz878S85snjiNnAx7n8z
MOx9AM3J6rnEQQJCSsWfT7wdOetSni3OV0mrNgho,G97yzpX8HPnbmrVEC0Aoz2si9mlAiCfZmduqw99n,G97yzpX8HPnbmrVEC0Aoz2si9mlAiCfZmduqw99n,I9zyEumkNRxIzJ9lhMe24gjeuA05krtaF8GygUHD,0tSt4SUsOj8fKBL2OwFTAz878S85snjiNnAx7n8z,G97yzpX8HPnbmrVEC0Aoz2si9mlAiCfZmduqw99n
I9zyEumkNRxIzJ9lhMe24gjeuA05krtaF8GygUHD,MOx9AM3J6rnEQQJCSsWfT7wdOetSni3OV0mrNgho,MOx9AM3J6rnEQQJCSsWfT7wdOetSni3OV0mrNgho,BR0isoSnDlgTmIqukAORkXTz6C9ABpEWp1Yw4Fx6,hBG5vMBqkXoKVhe5nKFmfjAVyNoGHSr22VXcrkoN,MOx9AM3J6rnEQQJCSsWfT7wdOetSni3OV0mrNgho
BR0isoSnDlgTmIqukAORkXTz6C9ABpEWp1Yw4Fx6,I9zyEumkNRxIzJ9lhMe24gjeuA05krtaF8GygUHD,I9zyEumkNRxIzJ9lhMe24gjeuA05krtaF8GygUHD,0tSt4SUsOj8fKBL2OwFTAz878S85snjiNnAx7n8z,G97yzpX8HPnbmrVEC0Aoz2si9mlAiCfZmduqw99n,I9zyEumkNRxIzJ9lhMe24gjeuA05krtaF8GygUHD
0tSt4SUsOj8fKBL2OwFTAz878S85snjiNnAx7n8z,BR0isoSnDlgTmIqukAORkXTz6C9ABpEWp1Yw4Fx6,BR0isoSnDlgTmIqukAORkXTz6C9ABpEWp1Yw4Fx6,hBG5vMBqkXoKVhe5nKFmfjAVyNoGHSr22VXcrkoN,MOx9AM3J6rnEQQJCSsWfT7wdOetSni3OV0mrNgho,BR0isoSnDlgTmIqukAORkXTz6C9ABpEWp1Yw4Fx6
hBG5vMBqkXoKVhe5nKFmfjAVyNoGHSr22VXcrkoN,0tSt4SUsOj8fKBL2OwFTAz878S85snjiNnAx7n8z,0tSt4SUsOj8fKBL2OwFTAz878S85snjiNnAx7n8z,G0PLr6xT9E96wJTJXQDNB728J4rHnKFKya5jIcwT,I9zyEumkNRxIzJ9lhMe24gjeuA05krtaF8GygUHD,0tSt4SUsOj8fKBL2OwFTAz878S85snjiNnAx7n8z
G0PLr6xT9E96wJTJXQDNB728J4rHnKFKya5jIcwT,hBG5vMBqkXoKVhe5nKFmfjAVyNoGHSr22VXcrkoN,hBG5vMBqkXoKVhe5nKFmfjAVyNoGHSr22VXcrkoN,G97yzpX8HPnbmrVEC0Aoz2si9mlAiCfZmduqw99n,BR0isoSnDlgTmIqukAORkXTz6C9ABpEWp1Yw4Fx6,G97yzpX8HPnbmrVEC0Aoz2si9mlAiCfZmduqw99n
DboXcHUzjiTnEyfVzMA8hgefX2B7suIPftuPWSyq,G0PLr6xT9E96wJTJXQDNB728J4rHnKFKya5jIcwT,G0PLr6xT9E96wJTJXQDNB728J4rHnKFKya5jIcwT,MOx9AM3J6rnEQQJCSsWfT7wdOetSni3OV0mrNgho,0tSt4SUsOj8fKBL2OwFTAz878S85snjiNnAx7n8z,MOx9AM3J6rnEQQJCSsWfT7wdOetSni3OV0mrNgho
neo9uYRJVawyUm1nyXvQrJxwVqapvXp6gVg6kwxr,DboXcHUzjiTnEyfVzMA8hgefX2B7suIPftuPWSyq,DboXcHUzjiTnEyfVzMA8hgefX2B7suIPftuPWSyq,I9zyEumkNRxIzJ9lhMe24gjeuA05krtaF8GygUHD,hBG5vMBqkXoKVhe5nKFmfjAVyNoGHSr22VXcrkoN,I9zyEumkNRxIzJ9lhMe24gjeuA05krtaF8GygUHD
G97yzpX8HPnbmrVEC0Aoz2si9mlAiCfZmduqw99n,neo9uYRJVawyUm1nyXvQrJxwVqapvXp6gVg6kwxr,G97yzpX8HPnbmrVEC0Aoz2si9mlAiCfZmduqw99n,BR0isoSnDlgTmIqukAORkXTz6C9ABpEWp1Yw4Fx6,G97yzpX8HPnbmrVEC0Aoz2si9mlAiCfZmduqw99n,BR0isoSnDlgTmIqukAORkXTz6C9ABpEWp1Yw4Fx6
MOx9AM3J6rnEQQJCSsWfT7wdOetSni3OV0mrNgho,nOgJEtffp9e3P1qN9pqUrIZB0WQ9VIdptmx5wtia,MOx9AM3J6rnEQQJCSsWfT7wdOetSni3OV0mrNgho,0tSt4SUsOj8fKBL2OwFTAz878S85snjiNnAx7n8z,MOx9AM3J6rnEQQJCSsWfT7wdOetSni3OV0mrNgho,0tSt4SUsOj8fKBL2OwFTAz878S85snjiNnAx7n8z
I9zyEumkNRxIzJ9lhMe24gjeuA05krtaF8GygUHD,G97yzpX8HPnbmrVEC0Aoz2si9mlAiCfZmduqw99n,I9zyEumkNRxIzJ9lhMe24gjeuA05krtaF8GygUHD,hBG5vMBqkXoKVhe5nKFmfjAVyNoGHSr22VXcrkoN,I9zyEumkNRxIzJ9lhMe24gjeuA05krtaF8GygUHD,G97yzpX8HPnbmrVEC0Aoz2si9mlAiCfZmduqw99n
BR0isoSnDlgTmIqukAORkXTz6C9ABpEWp1Yw4Fx6,MOx9AM3J6rnEQQJCSsWfT7wdOetSni3OV0mrNgho,BR0isoSnDlgTmIqukAORkXTz6C9ABpEWp1Yw4Fx6,G0PLr6xT9E96wJTJXQDNB728J4rHnKFKya5jIcwT,BR0isoSnDlgTmIqukAORkXTz6C9ABpEWp1Yw4Fx6,MOx9AM3J6rnEQQJCSsWfT7wdOetSni3OV0mrNgho
0tSt4SUsOj8fKBL2OwFTAz878S85snjiNnAx7n8z,I9zyEumkNRxIzJ9lhMe24gjeuA05krtaF8GygUHD,0tSt4SUsOj8fKBL2OwFTAz878S85snjiNnAx7n8z,G97yzpX8HPnbmrVEC0Aoz2si9mlAiCfZmduqw99n,0tSt4SUsOj8fKBL2OwFTAz878S85snjiNnAx7n8z,I9zyEumkNRxIzJ9lhMe24gjeuA05krtaF8GygUHD
hBG5vMBqkXoKVhe5nKFmfjAVyNoGHSr22VXcrkoN,BR0isoSnDlgTmIqukAORkXTz6C9ABpEWp1Yw4Fx6,hBG5vMBqkXoKVhe5nKFmfjAVyNoGHSr22VXcrkoN,MOx9AM3J6rnEQQJCSsWfT7wdOetSni3OV0mrNgho,hBG5vMBqkXoKVhe5nKFmfjAVyNoGHSr22VXcrkoN,BR0isoSnDlgTmIqukAORkXTz6C9ABpEWp1Yw4Fx6
G0PLr6xT9E96wJTJXQDNB728J4rHnKFKya5jIcwT,0tSt4SUsOj8fKBL2OwFTAz878S85snjiNnAx7n8z,G0PLr6xT9E96wJTJXQDNB728J4rHnKFKya5jIcwT,I9zyEumkNRxIzJ9lhMe24gjeuA05krtaF8GygUHD,G97yzpX8HPnbmrVEC0Aoz2si9mlAiCfZmduqw99n,0tSt4SUsOj8fKBL2OwFTAz878S85snjiNnAx7n8z
DboXcHUzjiTnEyfVzMA8hgefX2B7suIPftuPWSyq,hBG5vMBqkXoKVhe5nKFmfjAVyNoGHSr22VXcrkoN,DboXcHUzjiTnEyfVzMA8hgefX2B7suIPftuPWSyq,BR0isoSnDlgTmIqukAORkXTz6C9ABpEWp1Yw4Fx6,MOx9AM3J6rnEQQJCSsWfT7wdOetSni3OV0mrNgho,G97yzpX8HPnbmrVEC0Aoz2si9mlAiCfZmduqw99n
neo9uYRJVawyUm1nyXvQrJxwVqapvXp6gVg6kwxr,G0PLr6xT9E96wJTJXQDNB728J4rHnKFKya5jIcwT,G97yzpX8HPnbmrVEC0Aoz2si9mlAiCfZmduqw99n,0tSt4SUsOj8fKBL2OwFTAz878S85snjiNnAx7n8z,I9zyEumkNRxIzJ9lhMe24gjeuA05krtaF8GygUHD,MOx9AM3J6rnEQQJCSsWfT7wdOetSni3OV0mrNgho
G97yzpX8HPnbmrVEC0Aoz2si9mlAiCfZmduqw99n,DboXcHUzjiTnEyfVzMA8hgefX2B7suIPftuPWSyq,MOx9AM3J6rnEQQJCSsWfT7wdOetSni3OV0mrNgho,hBG5vMBqkXoKVhe5nKFmfjAVyNoGHSr22VXcrkoN,BR0isoSnDlgTmIqukAORkXTz6C9ABpEWp1Yw4Fx6,I9zyEumkNRxIzJ9lhMe24gjeuA05krtaF8GygUHD
MOx9AM3J6rnEQQJCSsWfT7wdOetSni3OV0mrNgho,neo9uYRJVawyUm1nyXvQrJxwVqapvXp6gVg6kwxr,I9zyEumkNRxIzJ9lhMe24gjeuA05krtaF8GygUHD,G0PLr6xT9E96wJTJXQDNB728J4rHnKFKya5jIcwT,0tSt4SUsOj8fKBL2OwFTAz878S85snjiNnAx7n8z,BR0isoSnDlgTmIqukAORkXTz6C9ABpEWp1Yw4Fx6
I9zyEumkNRxIzJ9lhMe24gjeuA05krtaF8GygUHD,nOgJEtffp9e3P1qN9pqUrIZB0WQ9VIdptmx5wtia,BR0isoSnDlgTmIqukAORkXTz6C9ABpEWp1Yw4Fx6,G97yzpX8HPnbmrVEC0Aoz2si9mlAiCfZmduqw99n,hBG5vMBqkXoKVhe5nKFmfjAVyNoGHSr22VXcrkoN,0tSt4SUsOj8fKBL2OwFTAz878S85snjiNnAx7n8z
BR0isoSnDlgTmIqukAORkXTz6C9ABpEWp1Yw4Fx6,G97yzpX8HPnbmrVEC0Aoz2si9mlAiCfZmduqw99n,0tSt4SUsOj8fKBL2OwFTAz878S85snjiNnAx7n8z,MOx9AM3J6rnEQQJCSsWfT7wdOetSni3OV0mrNgho,G97yzpX8HPnbmrVEC0Aoz2si9mlAiCfZmduqw99n,G97yzpX8HPnbmrVEC0Aoz2si9mlAiCfZmduqw99n
0tSt4SUsOj8fKBL2OwFTAz878S85snjiNnAx7n8z,MOx9AM3J6rnEQQJCSsWfT7wdOetSni3OV0mrNgho,hBG5vMBqkXoKVhe5nKFmfjAVyNoGHSr22VXcrkoN,I9zyEumkNRxIzJ9lhMe24gjeuA05krtaF8GygUHD,MOx9AM3J6rnEQQJCSsWfT7wdOetSni3OV0mrNgho,MOx9AM3J6rnEQQJCSsWfT7wdOetSni3OV0mrNgho
hBG5vMBqkXoKVhe5nKFmfjAVyNoGHSr22VXcrkoN,I9zyEumkNRxIzJ9lhMe24gjeuA05krtaF8GygUHD,G0PLr6xT9E96wJTJXQDNB728J4rHnKFKya5jIcwT,BR0isoSnDlgTmIqukAORkXTz6C9ABpEWp1Yw4Fx6,I9zyEumkNRxIzJ9lhMe24gjeuA05krtaF8GygUHD,I9zyEumkNRxIzJ9lhMe24gjeuA05krtaF8GygUHD
G0PLr6xT9E96wJTJXQDNB728J4rHnKFKya5jIcwT,BR0isoSnDlgTmIqukAORkXTz6C9ABpEWp1Yw4Fx6,DboXcHUzjiTnEyfVzMA8hgefX2B7suIPftuPWSyq,0tSt4SUsOj8fKBL2OwFTAz878S85snjiNnAx7n8z,BR0isoSnDlgTmIqukAORkXTz6C9ABpEWp1Yw4Fx6,BR0isoSnDlgTmIqukAORkXTz6C9ABpEWp1Yw4Fx6
DboXcHUzjiTnEyfVzMA8hgefX2B7suIPftuPWSyq,0tSt4SUsOj8fKBL2OwFTAz878S85snjiNnAx7n8z,G97yzpX8HPnbmrVEC0Aoz2si9mlAiCfZmduqw99n,hBG5vMBqkXoKVhe5nKFmfjAVyNoGHSr22VXcrkoN,0tSt4SUsOj8fKBL2OwFTAz878S85snjiNnAx7n8z,0tSt4SUsOj8fKBL2OwFTAz878S85snjiNnAx7n8z
neo9uYRJVawyUm1nyXvQrJxwVqapvXp6gVg6kwxr,hBG5vMBqkXoKVhe5nKFmfjAVyNoGHSr22VXcrkoN,MOx9AM3J6rnEQQJCSsWfT7wdOetSni3OV0mrNgho,G0PLr6xT9E96wJTJXQDNB728J4rHnKFKya5jIcwT,hBG5vMBqkXoKVhe5nKFmfjAVyNoGHSr22VXcrkoN,G97yzpX8HPnbmrVEC0Aoz2si9mlAiCfZmduqw99n
G97yzpX8HPnbmrVEC0Aoz2si9mlAiCfZmduqw99n,G0PLr6xT9E96wJTJXQDNB728J4rHnKFKya5jIcwT,I9zyEumkNRxIzJ9lhMe24gjeuA05krtaF8GygUHD,G97yzpX8HPnbmrVEC0Aoz2si9mlAiCfZmduqw99n,G97yzpX8HPnbmrVEC0Aoz2si9mlAiCfZmduqw99n,MOx9AM3J6rnEQQJCSsWfT7wdOetSni3OV0mrNgho
MOx9AM3J6rnEQQJCSsWfT7wdOetSni3OV0mrNgho,DboXcHUzjiTnEyfVzMA8hgefX2B7suIPftuPWSyq,BR0isoSnDlgTmIqukAORkXTz6C9ABpEWp1Yw4Fx6,MOx9AM3J6rnEQQJCSsWfT7wdOetSni3OV0mrNgho,MOx9AM3J6rnEQQJCSsWfT7wdOetSni3OV0mrNgho,I9zyEumkNRxIzJ9lhMe24gjeuA05krtaF8GygUHD
I9zyEumkNRxIzJ9lhMe24gjeuA05krtaF8GygUHD,neo9uYRJVawyUm1nyXvQrJxwVqapvXp6gVg6kwxr,0tSt4SUsOj8fKBL2OwFTAz878S85snjiNnAx7n8z,I9zyEumkNRxIzJ9lhMe24gjeuA05krtaF8GygUHD,I9zyEumkNRxIzJ9lhMe24gjeuA05krtaF8GygUHD,BR0isoSnDlgTmIqukAORkXTz6C9ABpEWp1Yw4Fx6
BR0isoSnDlgTmIqukAORkXTz6C9ABpEWp1Yw4Fx6,nOgJEtffp9e3P1qN9pqUrIZB0WQ9VIdptmx5wtia,hBG5vMBqkXoKVhe5nKFmfjAVyNoGHSr22VXcrkoN,BR0isoSnDlgTmIqukAORkXTz6C9ABpEWp1Yw4Fx6,BR0isoSnDlgTmIqukAORkXTz6C9ABpEWp1Yw4Fx6,0tSt4SUsOj8fKBL2OwFTAz878S85snjiNnAx7n8z
0tSt4SUsOj8fKBL2OwFTAz878S85snjiNnAx7n8z,G97yzpX8HPnbmrVEC0Aoz2si9mlAiCfZmduqw99n,G0PLr6xT9E96wJTJXQDNB728J4rHnKFKya5jIcwT,0tSt4SUsOj8fKBL2OwFTAz878S85snjiNnAx7n8z,0tSt4SUsOj8fKBL2OwFTAz878S85snjiNnAx7n8z,G97yzpX8HPnbmrVEC0Aoz2si9mlAiCfZmduqw99n
hBG5vMBqkXoKVhe5nKFmfjAVyNoGHSr22VXcrkoN,MOx9AM3J6rnEQQJCSsWfT7wdOetSni3OV0mrNgho,DboXcHUzjiTnEyfVzMA8hgefX2B7suIPftuPWSyq,hBG5vMBqkXoKVhe5nKFmfjAVyNoGHSr22VXcrkoN,hBG5vMBqkXoKVhe5nKFmfjAVyNoGHSr22VXcrkoN,MOx9AM3J6rnEQQJCSsWfT7wdOetSni3OV0mrNgho
G0PLr6xT9E96wJTJXQDNB728J4rHnKFKya5jIcwT,I9zyEumkNRxIzJ9lhMe24gjeuA05krtaF8GygUHD,G97yzpX8HPnbmrVEC0Aoz2si9mlAiCfZmduqw99n,G0PLr6xT9E96wJTJXQDNB728J4rHnKFKya5jIcwT,G97yzpX8HPnbmrVEC0Aoz2si9mlAiCfZmduqw99n,I9zyEumkNRxIzJ9lhMe24gjeuA05krtaF8GygUHD
DboXcHUzjiTnEyfVzMA8hgefX2B7suIPftuPWSyq,BR0isoSnDlgTmIqukAORkXTz6C9ABpEWp1Yw4Fx6,MOx9AM3J6rnEQQJCSsWfT7wdOetSni3OV0mrNgho,G97yzpX8HPnbmrVEC0Aoz2si9mlAiCfZmduqw99n,MOx9AM3J6rnEQQJCSsWfT7wdOetSni3OV0mrNgho,BR0isoSnDlgTmIqukAORkXTz6C9ABpEWp1Yw4Fx6
neo9uYRJVawyUm1nyXvQrJxwVqapvXp6gVg6kwxr,0tSt4SUsOj8fKBL2OwFTAz878S85snjiNnAx7n8z,I9zyEumkNRxIzJ9lhMe24gjeuA05krtaF8GygUHD,MOx9AM3J6rnEQQJCSsWfT7wdOetSni3OV0mrNgho,I9zyEumkNRxIzJ9lhMe24gjeuA05krtaF8GygUHD,0tSt4SUsOj8fKBL2OwFTAz878S85snjiNnAx7n8z
G97yzpX8HPnbmrVEC0Aoz2si9mlAiCfZmduqw99n,hBG5vMBqkXoKVhe5nKFmfjAVyNoGHSr22VXcrkoN,BR0isoSnDlgTmIqukAORkXTz6C9ABpEWp1Yw4Fx6,I9zyEumkNRxIzJ9lhMe24gjeuA05krtaF8GygUHD,BR0isoSnDlgTmIqukAORkXTz6C9ABpEWp1Yw4Fx6,G97yzpX8HPnbmrVEC0Aoz2si9mlAiCfZmduqw99n
MOx9AM3J6rnEQQJCSsWfT7wdOetSni3OV0mrNgho,G0PLr6xT9E96wJTJXQDNB728J4rHnKFKya5jIcwT,0tSt4SUsOj8fKBL2OwFTAz878S85snjiNnAx7n8z,BR0isoSnDlgTmIqukAORkXTz6C9ABpEWp1Yw4Fx6,0tSt4SUsOj8fKBL2OwFTAz878S85snjiNnAx7n8z,MOx9AM3J6rnEQQJCSsWfT7wdOetSni3OV0mrNgho
I9zyEumkNRxIzJ9lhMe24gjeuA05krtaF8GygUHD,DboXcHUzjiTnEyfVzMA8hgefX2B7suIPftuPWSyq,hBG5vMBqkXoKVhe5nKFmfjAVyNoGHSr22VXcrkoN,0tSt4SUsOj8fKBL2OwFTAz878S85snjiNnAx7n8z,hBG5vMBqkXoKVhe5nKFmfjAVyNoGHSr22VXcrkoN,I9zyEumkNRxIzJ9lhMe24gjeuA05krtaF8GygUHD
BR0isoSnDlgTmIqukAORkXTz6C9ABpEWp1Yw4Fx6,neo9uYRJVawyUm1nyXvQrJxwVqapvXp6gVg6kwxr,G0PLr6xT9E96wJTJXQDNB728J4rHnKFKya5jIcwT,hBG5vMBqkXoKVhe5nKFmfjAVyNoGHSr22VXcrkoN,G97yzpX8HPnbmrVEC0Aoz2si9mlAiCfZmduqw99n,BR0isoSnDlgTmIqukAORkXTz6C9ABpEWp1Yw4Fx6
0tSt4SUsOj8fKBL2OwFTAz878S85snjiNnAx7n8z,nOgJEtffp9e3P1qN9pqUrIZB0WQ9VIdptmx5wtia,DboXcHUzjiTnEyfVzMA8hgefX2B7suIPftuPWSyq,G0PLr6xT9E96wJTJXQDNB728J4rHnKFKya5jIcwT,MOx9AM3J6rnEQQJCSsWfT7wdOetSni3OV0mrNgho,0tSt4SUsOj8fKBL2OwFTAz878S85snjiNnAx7n8z
hBG5vMBqkXoKVhe5nKFmfjAVyNoGHSr22VXcrkoN,G97yzpX8HPnbmrVEC0Aoz2si9mlAiCfZmduqw99n,G97yzpX8HPnbmrVEC0Aoz2si9mlAiCfZmduqw99n,G97yzpX8HPnbmrVEC0Aoz2si9mlAiCfZmduqw99n,I9zyEumkNRxIzJ9lhMe24gjeuA05krtaF8GygUHD,G97yzpX8HPnbmrVEC0Aoz2si9mlAiCfZmduqw99n
G0PLr6xT9E96wJTJXQDNB728J4rHnKFKya5jIcwT,MOx9AM3J6rnEQQJCSsWfT7wdOetSni3OV0mrNgho,MOx9AM3J6rnEQQJCSsWfT7wdOetSni3OV0mrNgho,MOx9AM3J6rnEQQJCSsWfT7wdOetSni3OV0mrNgho,BR0isoSnDlgTmIqukAORkXTz6C9ABpEWp1Yw4Fx6,MOx9AM3J6rnEQQJCSsWfT7wdOetSni3OV0mrNgho
DboXcHUzjiTnEyfVzMA8hgefX2B7suIPftuPWSyq,I9zyEumkNRxIzJ9lhMe24gjeuA05krtaF8GygUHD,I9zyEumkNRxIzJ9lhMe24gjeuA05krtaF8GygUHD,I9zyEumkNRxIzJ9lhMe24gjeuA05krtaF8GygUHD,0tSt4SUsOj8fKBL2OwFTAz878S85snjiNnAx7n8z,I9zyEumkNRxIzJ9lhMe24gjeuA05krtaF8GygUHD
neo9uYRJVawyUm1nyXvQrJxwVqapvXp6gVg6kwxr,BR0isoSnDlgTmIqukAORkXTz6C9ABpEWp1Yw4Fx6,BR0isoSnDlgTmIqukAORkXTz6C9ABpEWp1Yw4Fx6,BR0isoSnDlgTmIqukAORkXTz6C9ABpEWp1Yw4Fx6,hBG5vMBqkXoKVhe5nKFmfjAVyNoGHSr22VXcrkoN,BR0isoSnDlgTmIqukAORkXTz6C9ABpEWp1Yw4Fx6
G97yzpX8HPnbmrVEC0Aoz2si9mlAiCfZmduqw99n,0tSt4SUsOj8fKBL2OwFTAz878S85snjiNnAx7n8z,0tSt4SUsOj8fKBL2OwFTAz878S85snjiNnAx7n8z,0tSt4SUsOj8fKBL2OwFTAz878S85snjiNnAx7n8z,G97yzpX8HPnbmrVEC0Aoz2si9mlAiCfZmduqw99n,0tSt4SUsOj8fKBL2OwFTAz878S85snjiNnAx7n8z
MOx9AM3J6rnEQQJCSsWfT7wdOetSni3OV0mrNgho,hBG5vMBqkXoKVhe5nKFmfjAVyNoGHSr22VXcrkoN,hBG5vMBqkXoKVhe5nKFmfjAVyNoGHSr22VXcrkoN,hBG5vMBqkXoKVhe5nKFmfjAVyNoGHSr22VXcrkoN,MOx9AM3J6rnEQQJCSsWfT7wdOetSni3OV0mrNgho,G97yzpX8HPnbmrVEC0Aoz2si9mlAiCfZmduqw99n
I9zyEumkNRxIzJ9lhMe24gjeuA05krtaF8GygUHD,G0PLr6xT9E96wJTJXQDNB728J4rHnKFKya5jIcwT,G0PLr6xT9E96wJTJXQDNB728J4rHnKFKya5jIcwT,G0PLr6xT9E96wJTJXQDNB728J4rHnKFKya5jIcwT,I9zyEumkNRxIzJ9lhMe24gjeuA05krtaF8GygUHD,MOx9AM3J6rnEQQJCSsWfT7wdOetSni3OV0mrNgho
BR0isoSnDlgTmIqukAORkXTz6C9ABpEWp1Yw4Fx6,DboXcHUzjiTnEyfVzMA8hgefX2B7suIPftuPWSyq,DboXcHUzjiTnEyfVzMA8hgefX2B7suIPftuPWSyq,G97yzpX8HPnbmrVEC0Aoz2si9mlAiCfZmduqw99n,BR0isoSnDlgTmIqukAORkXTz6C9ABpEWp1Yw4Fx6,I9zyEumkNRxIzJ9lhMe24gjeuA05krtaF8GygUHD
0tSt4SUsOj8fKBL2OwFTAz878S85snjiNnAx7n8z,neo9uYRJVawyUm1nyXvQrJxwVqapvXp6gVg6kwxr,G97yzpX8HPnbmrVEC0Aoz2si9mlAiCfZmduqw99n,MOx9AM3J6rnEQQJCSsWfT7wdOetSni3OV0mrNgho,0tSt4SUsOj8fKBL2OwFTAz878S85snjiNnAx7n8z,BR0isoSnDlgTmIqukAORkXTz6C9ABpEWp1Yw4Fx6
hBG5vMBqkXoKVhe5nKFmfjAVyNoGHSr22VXcrkoN,nOgJEtffp9e3P1qN9pqUrIZB0WQ9VIdptmx5wtia,MOx9AM3J6rnEQQJCSsWfT7wdOetSni3OV0mrNgho,I9zyEumkNRxIzJ9lhMe24gjeuA05krtaF8GygUHD,hBG5vMBqkXoKVhe5nKFmfjAVyNoGHSr22VXcrkoN,0tSt4SUsOj8fKBL2OwFTAz878S85snjiNnAx7n8z
G0PLr6xT9E96wJTJXQDNB728J4rHnKFKya5jIcwT,G97yzpX8HPnbmrVEC0Aoz2si9mlAiCfZmduqw99n,I9zyEumkNRxIzJ9lhMe24gjeuA05krtaF8GygUHD,BR0isoSnDlgTmIqukAORkXTz6C9ABpEWp1Yw4Fx6,G97yzpX8HPnbmrVEC0Aoz2si9mlAiCfZmduqw99n,G97yzpX8HPnbmrVEC0Aoz2si9mlAiCfZmduqw99n
DboXcHUzjiTnEyfVzMA8hgefX2B7suIPftuPWSyq,MOx9AM3J6rnEQQJCSsWfT7wdOetSni3OV0mrNgho,BR0isoSnDlgTmIqukAORkXTz6C9ABpEWp1Yw4Fx6,0tSt4SUsOj8fKBL2OwFTAz878S85snjiNnAx7n8z,MOx9AM3J6rnEQQJCSsWfT7wdOetSni3OV0mrNgho,MOx9AM3J6rnEQQJCSsWfT7wdOetSni3OV0mrNgho
neo9uYRJVawyUm1nyXvQrJxwVqapvXp6gVg6kwxr,I9zyEumkNRxIzJ9lhMe24gjeuA05krtaF8GygUHD,0tSt4SUsOj8fKBL2OwFTAz878S85snjiNnAx7n8z,hBG5vMBqkXoKVhe5nKFmfjAVyNoGHSr22VXcrkoN,I9zyEumkNRxIzJ9lhMe24gjeuA05krtaF8GygUHD,I9zyEumkNRxIzJ9lhMe24gjeuA05krtaF8GygUHD
G97yzpX8HPnbmrVEC0Aoz2si9mlAiCfZmduqw99n,BR0isoSnDlgTmIqukAORkXTz6C9ABpEWp1Yw4Fx6,hBG5vMBqkXoKVhe5nKFmfjAVyNoGHSr22VXcrkoN,G0PLr6xT9E96wJTJXQDNB728J4rHnKFKya5jIcwT,BR0isoSnDlgTmIqukAORkXTz6C9ABpEWp1Yw4Fx6,BR0isoSnDlgTmIqukAORkXTz6C9ABpEWp1Yw4Fx6
MOx9AM3J6rnEQQJCSsWfT7wdOetSni3OV0mrNgho,0tSt4SUsOj8fKBL2OwFTAz878S85snjiNnAx7n8z,G0PLr6xT9E96wJTJXQDNB728J4rHnKFKya5jIcwT,G97yzpX8HPnbmrVEC0Aoz2si9mlAiCfZmduqw99n,0tSt4SUsOj8fKBL2OwFTAz878S85snjiNnAx7n8z,0tSt4SUsOj8fKBL2OwFTAz878S85snjiNnAx7n8z
I9zyEumkNRxIzJ9lhMe24gjeuA05krtaF8GygUHD,hBG5vMBqkXoKVhe5nKFmfjAVyNoGHSr22VXcrkoN,DboXcHUzjiTnEyfVzMA8hgefX2B7suIPftuPWSyq,MOx9AM3J6rnEQQJCSsWfT7wdOetSni3OV0mrNgho,hBG5vMBqkXoKVhe5nKFmfjAVyNoGHSr22VXcrkoN,G97yzpX8HPnbmrVEC0Aoz2si9mlAiCfZmduqw99n
BR0isoSnDlgTmIqukAORkXTz6C9ABpEWp1Yw4Fx6,G0PLr6xT9E96wJTJXQDNB728J4rHnKFKya5jIcwT,G97yzpX8HPnbmrVEC0Aoz2si9mlAiCfZmduqw99n,I9zyEumkNRxIzJ9lhMe24gjeuA05krtaF8GygUHD,G97yzpX8HPnbmrVEC0Aoz2si9mlAiCfZmduqw99n,MOx9AM3J6rnEQQJCSsWfT7wdOetSni3OV0mrNgho
0tSt4SUsOj8fKBL2OwFTAz878S85snjiNnAx7n8z,DboXcHUzjiTnEyfVzMA8hgefX2B7suIPftuPWSyq,MOx9AM3J6rnEQQJCSsWfT7wdOetSni3OV0mrNgho,BR0isoSnDlgTmIqukAORkXTz6C9ABpEWp1Yw4Fx6,MOx9AM3J6rnEQQJCSsWfT7wdOetSni3OV0mrNgho,I9zyEumkNRxIzJ9lhMe24gjeuA05krtaF8GygUHD
hBG5vMBqkXoKVhe5nKFmfjAVyNoGHSr22VXcrkoN,neo9uYRJVawyUm1nyXvQrJxwVqapvXp6gVg6kwxr,I9zyEumkNRxIzJ9lhMe24gjeuA05krtaF8GygUHD,0tSt4SUsOj8fKBL2OwFTAz878S85snjiNnAx7n8z,I9zyEumkNRxIzJ9lhMe24gjeuA05krtaF8GygUHD,BR0isoSnDlgTmIqukAORkXTz6C9ABpEWp1Yw4Fx6
G0PLr6xT9E96wJTJXQDNB728J4rHnKFKya5jIcwT,nOgJEtffp9e3P1qN9pqUrIZB0WQ9VIdptmx5wtia,BR0isoSnDlgTmIqukAORkXTz6C9ABpEWp1Yw4Fx6,hBG5vMBqkXoKVhe5nKFmfjAVyNoGHSr22VXcrkoN,BR0isoSnDlgTmIqukAORkXTz6C9ABpEWp1Yw4Fx6,0tSt4SUsOj8fKBL2OwFTAz878S85snjiNnAx7n8z
DboXcHUzjiTnEyfVzMA8hgefX2B7suIPftuPWSyq,G97yzpX8HPnbmrVEC0Aoz2si9mlAiCfZmduqw99n,0tSt4SUsOj8fKBL2OwFTAz878S85snjiNnAx7n8z,G0PLr6xT9E96wJTJXQDNB728J4rHnKFKya5jIcwT,0tSt4SUsOj8fKBL2OwFTAz878S85snjiNnAx7n8z,G97yzpX8HPnbmrVEC0Aoz2si9mlAiCfZmduqw99n
neo9uYRJVawyUm1nyXvQrJxwVqapvXp6gVg6kwxr,MOx9AM3J6rnEQQJCSsWfT7wdOetSni3OV0mrNgho,hBG5vMBqkXoKVhe5nKFmfjAVyNoGHSr22VXcrkoN,G97yzpX8HPnbmrVEC0Aoz2si9mlAiCfZmduqw99n,hBG5vMBqkXoKVhe5nKFmfjAVyNoGHSr22VXcrkoN,MOx9AM3J6rnEQQJCSsWfT7wdOetSni3OV0mrNgho
G97yzpX8HPnbmrVEC0Aoz2si9mlAiCfZmduqw99n,I9zyEumkNRxIzJ9lhMe24gjeuA05krtaF8GygUHD,G0PLr6xT9E96wJTJXQDNB728J4rHnKFKya5jIcwT,MOx9AM3J6rnEQQJCSsWfT7wdOetSni3OV0mrNgho,G97yzpX8HPnbmrVEC0Aoz2si9mlAiCfZmduqw99n,I9zyEumkNRxIzJ9lhMe24gjeuA05krtaF8GygUHD
MOx9AM3J6rnEQQJCSsWfT7wdOetSni3OV0mrNgho,BR0isoSnDlgTmIqukAORkXTz6C9ABpEWp1Yw4Fx6,DboXcHUzjiTnEyfVzMA8hgefX2B7suIPftuPWSyq,I9zyEumkNRxIzJ9lhMe24gjeuA05krtaF8GygUHD,MOx9AM3J6rnEQQJCSsWfT7wdOetSni3OV0mrNgho,BR0isoSnDlgTmIqukAORkXTz6C9ABpEWp1Yw4Fx6
I9zyEumkNRxIzJ9lhMe24gjeuA05krtaF8GygUHD,0tSt4SUsOj8fKBL2OwFTAz878S85snjiNnAx7n8z,G97yzpX8HPnbmrVEC0Aoz2si9mlAiCfZmduqw99n,BR0isoSnDlgTmIqukAORkXTz6C9ABpEWp1Yw4Fx6,I9zyEumkNRxIzJ9lhMe24gjeuA05krtaF8GygUHD,0tSt4SUsOj8fKBL2OwFTAz878S85snjiNnAx7n8z
BR0isoSnDlgTmIqukAORkXTz6C9ABpEWp1Yw4Fx6,hBG5vMBqkXoKVhe5nKFmfjAVyNoGHSr22VXcrkoN,MOx9AM3J6rnEQQJCSsWfT7wdOetSni3OV0mrNgho,0tSt4SUsOj8fKBL2OwFTAz878S85snjiNnAx7n8z,BR0isoSnDlgTmIqukAORkXTz6C9ABpEWp1Yw4Fx6,G97yzpX8HPnbmrVEC0Aoz2si9mlAiCfZmduqw99n
0tSt4SUsOj8fKBL2OwFTAz878S85snjiNnAx7n8z,G0PLr6xT9E96wJTJXQDNB728J4rHnKFKya5jIcwT,I9zyEumkNRxIzJ9lhMe24gjeuA05krtaF8GygUHD,hBG5vMBqkXoKVhe5nKFmfjAVyNoGHSr22VXcrkoN,0tSt4SUsOj8fKBL2OwFTAz878S85snjiNnAx7n8z,MOx9AM3J6rnEQQJCSsWfT7wdOetSni3OV0mrNgho
hBG5vMBqkXoKVhe5nKFmfjAVyNoGHSr22VXcrkoN,DboXcHUzjiTnEyfVzMA8hgefX2B7suIPftuPWSyq,BR0isoSnDlgTmIqukAORkXTz6C9ABpEWp1Yw4Fx6,G0PLr6xT9E96wJTJXQDNB728J4rHnKFKya5jIcwT,hBG5vMBqkXoKVhe5nKFmfjAVyNoGHSr22VXcrkoN,I9zyEumkNRxIzJ9lhMe24gjeuA05krtaF8GygUHD
G0PLr6xT9E96wJTJXQDNB728J4rHnKFKya5jIcwT,neo9uYRJVawyUm1nyXvQrJxwVqapvXp6gVg6kwxr,0tSt4SUsOj8fKBL2OwFTAz878S85snjiNnAx7n8z,G97yzpX8HPnbmrVEC0Aoz2si9mlAiCfZmduqw99n,G97yzpX8HPnbmrVEC0Aoz2si9mlAiCfZmduqw99n,BR0isoSnDlgTmIqukAORkXTz6C9ABpEWp1Yw4Fx6
DboXcHUzjiTnEyfVzMA8hgefX2B7suIPftuPWSyq,nOgJEtffp9e3P1qN9pqUrIZB0WQ9VIdptmx5wtia,hBG5vMBqkXoKVhe5nKFmfjAVyNoGHSr22VXcrkoN,MOx9AM3J6rnEQQJCSsWfT7wdOetSni3OV0mrNgho,MOx9AM3J6rnEQQJCSsWfT7wdOetSni3OV0mrNgho,0tSt4SUsOj8fKBL2OwFTAz878S85snjiNnAx7n8z
neo9uYRJVawyUm1nyXvQrJxwVqapvXp6gVg6kwxr,G97yzpX8HPnbmrVEC0Aoz2si9mlAiCfZmduqw99n,G0PLr6xT9E96wJTJXQDNB728J4rHnKFKya5jIcwT,I9zyEumkNRxIzJ9lhMe24gjeuA05krtaF8GygUHD,I9zyEumkNRxIzJ9lhMe24gjeuA05krtaF8GygUHD,G97yzpX8HPnbmrVEC0Aoz2si9mlAiCfZmduqw99n
G97yzpX8HPnbmrVEC0Aoz2si9mlAiCfZmduqw99n,MOx9AM3J6rnEQQJCSsWfT7wdOetSni3OV0mrNgho,DboXcHUzjiTnEyfVzMA8hgefX2B7suIPftuPWSyq,BR0isoSnDlgTmIqukAORkXTz6C9ABpEWp1Yw4Fx6,BR0isoSnDlgTmIqukAORkXTz6C9ABpEWp1Yw4Fx6,MOx9AM3J6rnEQQJCSsWfT7wdOetSni3OV0mrNgho
MOx9AM3J6rnEQQJCSsWfT7wdOetSni3OV0mrNgho,I9zyEumkNRxIzJ9lhMe24gjeuA05krtaF8GygUHD,G97yzpX8HPnbmrVEC0Aoz2si9mlAiCfZmduqw99n,0tSt4SUsOj8fKBL2OwFTAz878S85snjiNnAx7n8z,0tSt4SUsOj8fKBL2OwFTAz878S85snjiNnAx7n8z,I9zyEumkNRxIzJ9lhMe24gjeuA05krtaF8GygUHD
I9zyEumkNRxIzJ9lhMe24gjeuA05krtaF8GygUHD,BR0isoSnDlgTmIqukAORkXTz6C9ABpEWp1Yw4Fx6,MOx9AM3J6rnEQQJCSsWfT7wdOetSni3OV0mrNgho,hBG5vMBqkXoKVhe5nKFmfjAVyNoGHSr22VXcrkoN,hBG5vMBqkXoKVhe5nKFmfjAVyNoGHSr22VXcrkoN,BR0isoSnDlgTmIqukAORkXTz6C9ABpEWp1Yw4Fx6
BR0isoSnDlgTmIqukAORkXTz6C9ABpEWp1Yw4Fx6,0tSt4SUsOj8fKBL2OwFTAz878S85snjiNnAx7n8z,I9zyEumkNRxIzJ9lhMe24gjeuA05krtaF8GygUHD,G0PLr6xT9E96wJTJXQDNB728J4rHnKFKya5jIcwT,G97yzpX8HPnbmrVEC0Aoz2si9mlAiCfZmduqw99n,0tSt4SUsOj8fKBL2OwFTAz878S85snjiNnAx7n8z
0tSt4SUsOj8fKBL2OwFTAz878S85snjiNnAx7n8z,hBG5vMBqkXoKVhe5nKFmfjAVyNoGHSr22VXcrkoN,BR0isoSnDlgTmIqukAORkXTz6C9ABpEWp1Yw4Fx6,G97yzpX8HPnbmrVEC0Aoz2si9mlAiCfZmduqw99n,MOx9AM3J6rnEQQJCSsWfT7wdOetSni3OV0mrNgho,G97yzpX8HPnbmrVEC0Aoz2si9mlAiCfZmduqw99n
hBG5vMBqkXoKVhe5nKFmfjAVyNoGHSr22VXcrkoN,G0PLr6xT9E96wJTJXQDNB728J4rHnKFKya5jIcwT,0tSt4SUsOj8fKBL2OwFTAz878S85snjiNnAx7n8z,MOx9AM3J6rnEQQJCSsWfT7wdOetSni3OV0mrNgho,I9zyEumkNRxIzJ9lhMe24gjeuA05krtaF8GygUHD,MOx9AM3J6rnEQQJCSsWfT7wdOetSni3OV0mrNgho
G0PLr6xT9E96wJTJXQDNB728J4rHnKFKya5jIcwT,DboXcHUzjiTnEyfVzMA8hgefX2B7suIPftuPWSyq,hBG5vMBqkXoKVhe5nKFmfjAVyNoGHSr22VXcrkoN,I9zyEumkNRxIzJ9lhMe24gjeuA05krtaF8GygUHD,BR0isoSnDlgTmIqukAORkXTz6C9ABpEWp1Yw4Fx6,I9zyEumkNRxIzJ9lhMe24gjeuA05krtaF8GygUHD
DboXcHUzjiTnEyfVzMA8hgefX2B7suIPftuPWSyq,neo9uYRJVawyUm1nyXvQrJxwVqapvXp6gVg6kwxr,G0PLr6xT9E96wJTJXQDNB728J4rHnKFKya5jIcwT,BR0isoSnDlgTmIqukAORkXTz6C9ABpEWp1Yw4Fx6,0tSt4SUsOj8fKBL2OwFTAz878S85snjiNnAx7n8z,BR0isoSnDlgTmIqukAORkXTz6C9ABpEWp1Yw4Fx6
neo9uYRJVawyUm1nyXvQrJxwVqapvXp6gVg6kwxr,nOgJEtffp9e3P1qN9pqUrIZB0WQ9VIdptmx5wtia,DboXcHUzjiTnEyfVzMA8hgefX2B7suIPftuPWSyq,0tSt4SUsOj8fKBL2OwFTAz878S85snjiNnAx7n8z,hBG5vMBqkXoKVhe5nKFmfjAVyNoGHSr22VXcrkoN,0tSt4SUsOj8fKBL2OwFTAz878S85snjiNnAx7n8z
G97yzpX8HPnbmrVEC0Aoz2si9mlAiCfZmduqw99n,G97yzpX8HPnbmrVEC0Aoz2si9mlAiCfZmduqw99n,G97yzpX8HPnbmrVEC0Aoz2si9mlAiCfZmduqw99n,hBG5vMBqkXoKVhe5nKFmfjAVyNoGHSr22VXcrkoN,G97yzpX8HPnbmrVEC0Aoz2si9mlAiCfZmduqw99n,G97yzpX8HPnbmrVEC0Aoz2si9mlAiCfZmduqw99n
MOx9AM3J6rnEQQJCSsWfT7wdOetSni3OV0mrNgho,MOx9AM3J6rnEQQJCSsWfT7wdOetSni3OV0mrNgho,MOx9AM3J6rnEQQJCSsWfT7wdOetSni3OV0mrNgho,G0PLr6xT9E96wJTJXQDNB728J4rHnKFKya5jIcwT,MOx9AM3J6rnEQQJCSsWfT7wdOetSni3OV0mrNgho,MOx9AM3J6rnEQQJCSsWfT7wdOetSni3OV0mrNgho
I9zyEumkNRxIzJ9lhMe24gjeuA05krtaF8GygUHD,I9zyEumkNRxIzJ9lhMe24gjeuA05krtaF8GygUHD,I9zyEumkNRxIzJ9lhMe24gjeuA05krtaF8GygUHD,G97yzpX8HPnbmrVEC0Aoz2si9mlAiCfZmduqw99n,I9zyEumkNRxIzJ9lhMe24gjeuA05krtaF8GygUHD,I9zyEumkNRxIzJ9lhMe24gjeuA05krtaF8GygUHD
BR0isoSnDlgTmIqukAORkXTz6C9ABpEWp1Yw4Fx6,BR0isoSnDlgTmIqukAORkXTz6C9ABpEWp1Yw4Fx6,BR0isoSnDlgTmIqukAORkXTz6C9ABpEWp1Yw4Fx6,MOx9AM3J6rnEQQJCSsWfT7wdOetSni3OV0mrNgho,BR0isoSnDlgTmIqukAORkXTz6C9ABpEWp1Yw4Fx6,BR0isoSnDlgTmIqukAORkXTz6C9ABpEWp1Yw4Fx6
0tSt4SUsOj8fKBL2OwFTAz878S85snjiNnAx7n8z,0tSt4SUsOj8fKBL2OwFTAz878S85snjiNnAx7n8z,0tSt4SUsOj8fKBL2OwFTAz878S85snjiNnAx7n8z,I9zyEumkNRxIzJ9lhMe24gjeuA05krtaF8GygUHD,0tSt4SUsOj8fKBL2OwFTAz878S85snjiNnAx7n8z,0tSt4SUsOj8fKBL2OwFTAz878S85snjiNnAx7n8z
hBG5vMBqkXoKVhe5nKFmfjAVyNoGHSr22VXcrkoN,hBG5vMBqkXoKVhe5nKFmfjAVyNoGHSr22VXcrkoN,hBG5vMBqkXoKVhe5nKFmfjAVyNoGHSr22VXcrkoN,BR0isoSnDlgTmIqukAORkXTz6C9ABpEWp1Yw4Fx6,hBG5vMBqkXoKVhe5nKFmfjAVyNoGHSr22VXcrkoN,G97yzpX8HPnbmrVEC0Aoz2si9mlAiCfZmduqw99n
G0PLr6xT9E96wJTJXQDNB728J4rHnKFKya5jIcwT,G0PLr6xT9E96wJTJXQDNB728J4rHnKFKya5jIcwT,G0PLr6xT9E96wJTJXQDNB728J4rHnKFKya5jIcwT,0tSt4SUsOj8fKBL2OwFTAz878S85snjiNnAx7n8z,G97yzpX8HPnbmrVEC0Aoz2si9mlAiCfZmduqw99n,MOx9AM3J6rnEQQJCSsWfT7wdOetSni3OV0mrNgho
DboXcHUzjiTnEyfVzMA8hgefX2B7suIPftuPWSyq,DboXcHUzjiTnEyfVzMA8hgefX2B7suIPftuPWSyq,DboXcHUzjiTnEyfVzMA8hgefX2B7suIPftuPWSyq,hBG5vMBqkXoKVhe5nKFmfjAVyNoGHSr22VXcrkoN,MOx9AM3J6rnEQQJCSsWfT7wdOetSni3OV0mrNgho,I9zyEumkNRxIzJ9lhMe24gjeuA05krtaF8GygUHD
neo9uYRJVawyUm1nyXvQrJxwVqapvXp6gVg6kwxr,neo9uYRJVawyUm1nyXvQrJxwVqapvXp6gVg6kwxr,G97yzpX8HPnbmrVEC0Aoz2si9mlAiCfZmduqw99n,G0PLr6xT9E96wJTJXQDNB728J4rHnKFKya5jIcwT,I9zyEumkNRxIzJ9lhMe24gjeuA05krtaF8GygUHD,BR0isoSnDlgTmIqukAORkXTz6C9ABpEWp1Yw4Fx6
G97yzpX8HPnbmrVEC0Aoz2si9mlAiCfZmduqw99n,nOgJEtffp9e3P1qN9pqUrIZB0WQ9VIdptmx5wtia,MOx9AM3J6rnEQQJCSsWfT7wdOetSni3OV0mrNgho,G97yzpX8HPnbmrVEC0Aoz2si9mlAiCfZmduqw99n,BR0isoSnDlgTmIqukAORkXTz6C9ABpEWp1Yw4Fx6,0tSt4SUsOj8fKBL2OwFTAz878S85snjiNnAx7n8z
MOx9AM3J6rnEQQJCSsWfT7wdOetSni3OV0mrNgho,G97yzpX8HPnbmrVEC0Aoz2si9mlAiCfZmduqw99n,I9zyEumkNRxIzJ9lhMe24gjeuA05krtaF8GygUHD,MOx9AM3J6rnEQQJCSsWfT7wdOetSni3OV0mrNgho,0tSt4SUsOj8fKBL2OwFTAz878S85snjiNnAx7n8z,G97yzpX8HPnbmrVEC0Aoz2si9mlAiCfZmduqw99n
I9zyEumkNRxIzJ9lhMe24gjeuA05krtaF8GygUHD,MOx9AM3J6rnEQQJCSsWfT7wdOetSni3OV0mrNgho,BR0isoSnDlgTmIqukAORkXTz6C9ABpEWp1Yw4Fx6,I9zyEumkNRxIzJ9lhMe24gjeuA05krtaF8GygUHD,hBG5vMBqkXoKVhe5nKFmfjAVyNoGHSr22VXcrkoN,MOx9AM3J6rnEQQJCSsWfT7wdOetSni3OV0mrNgho
BR0isoSnDlgTmIqukAORkXTz6C9ABpEWp1Yw4Fx6,I9zyEumkNRxIzJ9lhMe24gjeuA05krtaF8GygUHD,0tSt4SUsOj8fKBL2OwFTAz878S85snjiNnAx7n8z,BR0isoSnDlgTmIqukAORkXTz6C9ABpEWp1Yw4Fx6,G97yzpX8HPnbmrVEC0Aoz2si9mlAiCfZmduqw99n,I9zyEumkNRxIzJ9lhMe24gjeuA05krtaF8GygUHD
0tSt4SUsOj8fKBL2OwFTAz878S85snjiNnAx7n8z,BR0isoSnDlgTmIqukAORkXTz6C9ABpEWp1Yw4Fx6,hBG5vMBqkXoKVhe5nKFmfjAVyNoGHSr22VXcrkoN,0tSt4SUsOj8fKBL2OwFTAz878S85snjiNnAx7n8z,MOx9AM3J6rnEQQJCSsWfT7wdOetSni3OV0mrNgho,BR0isoSnDlgTmIqukAORkXTz6C9ABpEWp1Yw4Fx6
hBG5vMBqkXoKVhe5nKFmfjAVyNoGHSr22VXcrkoN,0tSt4SUsOj8fKBL2OwFTAz878S85snjiNnAx7n8z,G0PLr6xT9E96wJTJXQDNB728J4rHnKFKya5jIcwT,hBG5vMBqkXoKVhe5nKFmfjAVyNoGHSr22VXcrkoN,I9zyEumkNRxIzJ9lhMe24gjeuA05krtaF8GygUHD,0tSt4SUsOj8fKBL2OwFTAz878S85snjiNnAx7n8z
G0PLr6xT9E96wJTJXQDNB728J4rHnKFKya5jIcwT,hBG5vMBqkXoKVhe5nKFmfjAVyNoGHSr22VXcrkoN,DboXcHUzjiTnEyfVzMA8hgefX2B7suIPftuPWSyq,G0PLr6xT9E96wJTJXQDNB728J4rHnKFKya5jIcwT,BR0isoSnDlgTmIqukAORkXTz6C9ABpEWp1Yw4Fx6,G97yzpX8HPnbmrVEC0Aoz2si9mlAiCfZmduqw99n
DboXcHUzjiTnEyfVzMA8hgefX2B7suIPftuPWSyq,G0PLr6xT9E96wJTJXQDNB728J4rHnKFKya5jIcwT,G97yzpX8HPnbmrVEC0Aoz2si9mlAiCfZmduqw99n,G97yzpX8HPnbmrVEC0Aoz2si9mlAiCfZmduqw99n,0tSt4SUsOj8fKBL2OwFTAz878S85snjiNnAx7n8z,MOx9AM3J6rnEQQJCSsWfT7wdOetSni3OV0mrNgho
neo9uYRJVawyUm1nyXvQrJxwVqapvXp6gVg6kwxr,DboXcHUzjiTnEyfVzMA8hgefX2B7suIPftuPWSyq,MOx9AM3J6rnEQQJCSsWfT7wdOetSni3OV0mrNgho,MOx9AM3J6rnEQQJCSsWfT7wdOetSni3OV0mrNgho,hBG5vMBqkXoKVhe5nKFmfjAVyNoGHSr22VXcrkoN,I9zyEumkNRxIzJ9lhMe24gjeuA05krtaF8GygUHD
G97yzpX8HPnbmrVEC0Aoz2si9mlAiCfZmduqw99n,neo9uYRJVawyUm1nyXvQrJxwVqapvXp6gVg6kwxr,I9zyEumkNRxIzJ9lhMe24gjeuA05krtaF8GygUHD,I9zyEumkNRxIzJ9lhMe24gjeuA05krtaF8GygUHD,G97yzpX8HPnbmrVEC0Aoz2si9mlAiCfZmduqw99n,BR0isoSnDlgTmIqukAORkXTz6C9ABpEWp1Yw4Fx6
MOx9AM3J6rnEQQJCSsWfT7wdOetSni3OV0mrNgho,nOgJEtffp9e3P1qN9pqUrIZB0WQ9VIdptmx5wtia,BR0isoSnDlgTmIqukAORkXTz6C9ABpEWp1Yw4Fx6,BR0isoSnDlgTmIqukAORkXTz6C9ABpEWp1Yw4Fx6,MOx9AM3J6rnEQQJCSsWfT7wdOetSni3OV0mrNgho,0tSt4SUsOj8fKBL2OwFTAz878S85snjiNnAx7n8z
I9zyEumkNRxIzJ9lhMe24gjeuA05krtaF8GygUHD,G97yzpX8HPnbmrVEC0Aoz2si9mlAiCfZmduqw99n,0tSt4SUsOj8fKBL2OwFTAz878S85snjiNnAx7n8z,0tSt4SUsOj8fKBL2OwFTAz878S85snjiNnAx7n8z,I9zyEumkNRxIzJ9lhMe24gjeuA05krtaF8GygUHD,G97yzpX8HPnbmrVEC0Aoz2si9mlAiCfZmduqw99n
BR0isoSnDlgTmIqukAORkXTz6C9ABpEWp1Yw4Fx6,MOx9AM3J6rnEQQJCSsWfT7wdOetSni3OV0mrNgho,hBG5vMBqkXoKVhe5nKFmfjAVyNoGHSr22VXcrkoN,hBG5vMBqkXoKVhe5nKFmfjAVyNoGHSr22VXcrkoN,BR0isoSnDlgTmIqukAORkXTz6C9ABpEWp1Yw4Fx6,MOx9AM3J6rnEQQJCSsWfT7wdOetSni3OV0mrNgho
0tSt4SUsOj8fKBL2OwFTAz878S85snjiNnAx7n8z,I9zyEumkNRxIzJ9lhMe24gjeuA05krtaF8GygUHD,G0PLr6xT9E96wJTJXQDNB728J4rHnKFKya5jIcwT,G0PLr6xT9E96wJTJXQDNB728J4rHnKFKya5jIcwT,0tSt4SUsOj8fKBL2OwFTAz878S85snjiNnAx7n8z,I9zyEumkNRxIzJ9lhMe24gjeuA05krtaF8GygUHD
hBG5vMBqkXoKVhe5nKFmfjAVyNoGHSr22VXcrkoN,BR0isoSnDlgTmIqukAORkXTz6C9ABpEWp1Yw4Fx6,DboXcHUzjiTnEyfVzMA8hgefX2B7suIPftuPWSyq,G97yzpX8HPnbmrVEC0Aoz2si9mlAiCfZmduqw99n,hBG5vMBqkXoKVhe5nKFmfjAVyNoGHSr22VXcrkoN,BR0isoSnDlgTmIqukAORkXTz6C9ABpEWp1Yw4Fx6
G0PLr6xT9E96wJTJXQDNB728J4rHnKFKya5jIcwT,0tSt4SUsOj8fKBL2OwFTAz878S85snjiNnAx7n8z,G97yzpX8HPnbmrVEC0Aoz2si9mlAiCfZmduqw99n,MOx9AM3J6rnEQQJCSsWfT7wdOetSni3OV0mrNgho,G97yzpX8HPnbmrVEC0Aoz2si9mlAiCfZmduqw99n,0tSt4SUsOj8fKBL2OwFTAz878S85snjiNnAx7n8z
DboXcHUzjiTnEyfVzMA8hgefX2B7suIPftuPWSyq,hBG5vMBqkXoKVhe5nKFmfjAVyNoGHSr22VXcrkoN,MOx9AM3J6rnEQQJCSsWfT7wdOetSni3OV0mrNgho,I9zyEumkNRxIzJ9lhMe24gjeuA05krtaF8GygUHD,MOx9AM3J6rnEQQJCSsWfT7wdOetSni3OV0mrNgho,G97yzpX8HPnbmrVEC0Aoz2si9mlAiCfZmduqw99n
neo9uYRJVawyUm1nyXvQrJxwVqapvXp6gVg6kwxr,G0PLr6xT9E96wJTJXQDNB728J4rHnKFKya5jIcwT,I9zyEumkNRxIzJ9lhMe24gjeuA05krtaF8GygUHD,BR0isoSnDlgTmIqukAORkXTz6C9ABpEWp1Yw4Fx6,I9zyEumkNRxIzJ9lhMe24gjeuA05krtaF8GygUHD,MOx9AM3J6rnEQQJCSsWfT7wdOetSni3OV0mrNgho
G97yzpX8HPnbmrVEC0Aoz2si9mlAiCfZmduqw99n,DboXcHUzjiTnEyfVzMA8hgefX2B7suIPftuPWSyq,BR0isoSnDlgTmIqukAORkXTz6C9ABpEWp1Yw4Fx6,0tSt4SUsOj8fKBL2OwFTAz878S85snjiNnAx7n8z,BR0isoSnDlgTmIqukAORkXTz6C9ABpEWp1Yw4Fx6,I9zyEumkNRxIzJ9lhMe24gjeuA05krtaF8GygUHD
MOx9AM3J6rnEQQJCSsWfT7wdOetSni3OV0mrNgho,neo9uYRJVawyUm1nyXvQrJxwVqapvXp6gVg6kwxr,0tSt4SUsOj8fKBL2OwFTAz878S85snjiNnAx7n8z,hBG5vMBqkXoKVhe5nKFmfjAVyNoGHSr22VXcrkoN,0tSt4SUsOj8fKBL2OwFTAz878S85snjiNnAx7n8z,BR0isoSnDlgTmIqukAORkXTz6C9ABpEWp1Yw4Fx6
I9zyEumkNRxIzJ9lhMe24gjeuA05krtaF8GygUHD,nOgJEtffp9e3P1qN9pqUrIZB0WQ9VIdptmx5wtia,hBG5vMBqkXoKVhe5nKFmfjAVyNoGHSr22VXcrkoN,G0PLr6xT9E96wJTJXQDNB728J4rHnKFKya5jIcwT,hBG5vMBqkXoKVhe5nKFmfjAVyNoGHSr22VXcrkoN,0tSt4SUsOj8fKBL2OwFTAz878S85snjiNnAx7n8z
BR0isoSnDlgTmIqukAORkXTz6C9ABpEWp1Yw4Fx6,G97yzpX8HPnbmrVEC0Aoz2si9mlAiCfZmduqw99n,G0PLr6xT9E96wJTJXQDNB728J4rHnKFKya5jIcwT,G97yzpX8HPnbmrVEC0Aoz2si9mlAiCfZmduqw99n,G97yzpX8HPnbmrVEC0Aoz2si9mlAiCfZmduqw99n,G97yzpX8HPnbmrVEC0Aoz2si9mlAiCfZmduqw99n
0tSt4SUsOj8fKBL2OwFTAz878S85snjiNnAx7n8z,MOx9AM3J6rnEQQJCSsWfT7wdOetSni3OV0mrNgho,DboXcHUzjiTnEyfVzMA8hgefX2B7suIPftuPWSyq,MOx9AM3J6rnEQQJCSsWfT7wdOetSni3OV0mrNgho,MOx9AM3J6rnEQQJCSsWfT7wdOetSni3OV0mrNgho,MOx9AM3J6rnEQQJCSsWfT7wdOetSni3OV0mrNgho
hBG5vMBqkXoKVhe5nKFmfjAVyNoGHSr22VXcrkoN,I9zyEumkNRxIzJ9lhMe24gjeuA05krtaF8GygUHD,G97yzpX8HPnbmrVEC0Aoz2si9mlAiCfZmduqw99n,I9zyEumkNRxIzJ9lhMe24gjeuA05krtaF8GygUHD,I9zyEumkNRxIzJ9lhMe24gjeuA05krtaF8GygUHD,I9zyEumkNRxIzJ9lhMe24gjeuA05krtaF8GygUHD
G0PLr6xT9E96wJTJXQDNB728J4rHnKFKya5jIcwT,BR0isoSnDlgTmIqukAORkXTz6C9ABpEWp1Yw4Fx6,MOx9AM3J6rnEQQJCSsWfT7wdOetSni3OV0mrNgho,BR0isoSnDlgTmIqukAORkXTz6C9ABpEWp1Yw4Fx6,BR0isoSnDlgTmIqukAORkXTz6C9ABpEWp1Yw4Fx6,BR0isoSnDlgTmIqukAORkXTz6C9ABpEWp1Yw4Fx6
DboXcHUzjiTnEyfVzMA8hgefX2B7suIPftuPWSyq,0tSt4SUsOj8fKBL2OwFTAz878S85snjiNnAx7n8z,I9zyEumkNRxIzJ9lhMe24gjeuA05krtaF8GygUHD,0tSt4SUsOj8fKBL2OwFTAz878S85snjiNnAx7n8z,0tSt4SUsOj8fKBL2OwFTAz878S85snjiNnAx7n8z,0tSt4SUsOj8fKBL2OwFTAz878S85snjiNnAx7n8z
neo9uYRJVawyUm1nyXvQrJxwVqapvXp6gVg6kwxr,hBG5vMBqkXoKVhe5nKFmfjAVyNoGHSr22VXcrkoN,BR0isoSnDlgTmIqukAORkXTz6C9ABpEWp1Yw4Fx6,hBG5vMBqkXoKVhe5nKFmfjAVyNoGHSr22VXcrkoN,hBG5vMBqkXoKVhe5nKFmfjAVyNoGHSr22VXcrkoN,G97yzpX8HPnbmrVEC0Aoz2si9mlAiCfZmduqw99n
G97yzpX8HPnbmrVEC0Aoz2si9mlAiCfZmduqw99n,G0PLr6xT9E96wJTJXQDNB728J4rHnKFKya5jIcwT,0tSt4SUsOj8fKBL2OwFTAz878S85snjiNnAx7n8z,G0PLr6xT9E96wJTJXQDNB728J4rHnKFKya5jIcwT,G97yzpX8HPnbmrVEC0Aoz2si9mlAiCfZmduqw99n,MOx9AM3J6rnEQQJCSsWfT7wdOetSni3OV0mrNgho
MOx9AM3J6rnEQQJCSsWfT7wdOetSni3OV0mrNgho,DboXcHUzjiTnEyfVzMA8hgefX2B7suIPftuPWSyq,hBG5vMBqkXoKVhe5nKFmfjAVyNoGHSr22VXcrkoN,G97yzpX8HPnbmrVEC0Aoz2si9mlAiCfZmduqw99n,MOx9AM3J6rnEQQJCSsWfT7wdOetSni3OV0mrNgho,I9zyEumkNRxIzJ9lhMe24gjeuA05krtaF8GygUHD
I9zyEumkNRxIzJ9lhMe24gjeuA05krtaF8GygUHD,neo9uYRJVawyUm1nyXvQrJxwVqapvXp6gVg6kwxr,G0PLr6xT9E96wJTJXQDNB728J4rHnKFKya5jIcwT,MOx9AM3J6rnEQQJCSsWfT7wdOetSni3OV0mrNgho,I9zyEumkNRxIzJ9lhMe24gjeuA05krtaF8GygUHD,BR0isoSnDlgTmIqukAORkXTz6C9ABpEWp1Yw4Fx6
BR0isoSnDlgTmIqukAORkXTz6C9ABpEWp1Yw4Fx6,nOgJEtffp9e3P1qN9pqUrIZB0WQ9VIdptmx5wtia,DboXcHUzjiTnEyfVzMA8hgefX2B7suIPftuPWSyq,I9zyEumkNRxIzJ9lhMe24gjeuA05krtaF8GygUHD,BR0isoSnDlgTmIqukAORkXTz6C9ABpEWp1Yw4Fx6,0tSt4SUsOj8fKBL2OwFTAz878S85snjiNnAx7n8z
0tSt4SUsOj8fKBL2OwFTAz878S85snjiNnAx7n8z,G97yzpX8HPnbmrVEC0Aoz2si9mlAiCfZmduqw99n,G97yzpX8HPnbmrVEC0Aoz2si9mlAiCfZmduqw99n,BR0isoSnDlgTmIqukAORkXTz6C9ABpEWp1Yw4Fx6,0tSt4SUsOj8fKBL2OwFTAz878S85snjiNnAx7n8z,G97yzpX8HPnbmrVEC0Aoz2si9mlAiCfZmduqw99n
hBG5vMBqkXoKVhe5nKFmfjAVyNoGHSr22VXcrkoN,MOx9AM3J6rnEQQJCSsWfT7wdOetSni3OV0mrNgho,MOx9AM3J6rnEQQJCSsWfT7wdOetSni3OV0mrNgho,0tSt4SUsOj8fKBL2OwFTAz878S85snjiNnAx7n8z,hBG5vMBqkXoKVhe5nKFmfjAVyNoGHSr22VXcrkoN,MOx9AM3J6rnEQQJCSsWfT7wdOetSni3OV0mrNgho
G0PLr6xT9E96wJTJXQDNB728J4rHnKFKya5jIcwT,I9zyEumkNRxIzJ9lhMe24gjeuA05krtaF8GygUHD,I9zyEumkNRxIzJ9lhMe24gjeuA05krtaF8GygUHD,hBG5vMBqkXoKVhe5nKFmfjAVyNoGHSr22VXcrkoN,G97yzpX8HPnbmrVEC0Aoz2si9mlAiCfZmduqw99n,I9zyEumkNRxIzJ9lhMe24gjeuA05krtaF8GygUHD
DboXcHUzjiTnEyfVzMA8hgefX2B7suIPftuPWSyq,BR0isoSnDlgTmIqukAORkXTz6C9ABpEWp1Yw4Fx6,BR0isoSnDlgTmIqukAORkXTz6C9ABpEWp1Yw4Fx6,G0PLr6xT9E96wJTJXQDNB728J4rHnKFKya5jIcwT,MOx9AM3J6rnEQQJCSsWfT7wdOetSni3OV0mrNgho,BR0isoSnDlgTmIqukAORkXTz6C9ABpEWp1Yw4Fx6
neo9uYRJVawyUm1nyXvQrJxwVqapvXp6gVg6kwxr,0tSt4SUsOj8fKBL2OwFTAz878S85snjiNnAx7n8z,0tSt4SUsOj8fKBL2OwFTAz878S85snjiNnAx7n8z,G97yzpX8HPnbmrVEC0Aoz2si9mlAiCfZmduqw99n,I9zyEumkNRxIzJ9lhMe24gjeuA05krtaF8GygUHD,0tSt4SUsOj8fKBL2OwFTAz878S85snjiNnAx7n8z
G97yzpX8HPnbmrVEC0Aoz2si9mlAiCfZmduqw99n,hBG5vMBqkXoKVhe5nKFmfjAVyNoGHSr22VXcrkoN,hBG5vMBqkXoKVhe5nKFmfjAVyNoGHSr22VXcrkoN,MOx9AM3J6rnEQQJCSsWfT7wdOetSni3OV0mrNgho,BR0isoSnDlgTmIqukAORkXTz6C9ABpEWp1Yw4Fx6,G97yzpX8HPnbmrVEC0Aoz2si9mlAiCfZmduqw99n
MOx9AM3J6rnEQQJCSsWfT7wdOetSni3OV0mrNgho,G0PLr6xT9E96wJTJXQDNB728J4rHnKFKya5jIcwT,G0PLr6xT9E96wJTJXQDNB728J4rHnKFKya5jIcwT,I9zyEumkNRxIzJ9lhMe24gjeuA05krtaF8GygUHD,0tSt4SUsOj8fKBL2OwFTAz878S85snjiNnAx7n8z,MOx9AM3J6rnEQQJCSsWfT7wdOetSni3OV0mrNgho
I9zyEumkNRxIzJ9lhMe24gjeuA05krtaF8GygUHD,DboXcHUzjiTnEyfVzMA8hgefX2B7suIPftuPWSyq,DboXcHUzjiTnEyfVzMA8hgefX2B7suIPftuPWSyq,BR0isoSnDlgTmIqukAORkXTz6C9ABpEWp1Yw4Fx6,hBG5vMBqkXoKVhe5nKFmfjAVyNoGHSr22VXcrkoN,I9zyEumkNRxIzJ9lhMe24gjeuA05krtaF8GygUHD
BR0isoSnDlgTmIqukAORkXTz6C9ABpEWp1Yw4Fx6,neo9uYRJVawyUm1nyXvQrJxwVqapvXp6gVg6kwxr,G97yzpX8HPnbmrVEC0Aoz2si9mlAiCfZmduqw99n,0tSt4SUsOj8fKBL2OwFTAz878S85snjiNnAx7n8z,G97yzpX8HPnbmrVEC0Aoz2si9mlAiCfZmduqw99n,BR0isoSnDlgTmIqukAORkXTz6C9ABpEWp1Yw4Fx6
0tSt4SUsOj8fKBL2OwFTAz878S85snjiNnAx7n8z,nOgJEtffp9e3P1qN9pqUrIZB0WQ9VIdptmx5wtia,MOx9AM3J6rnEQQJCSsWfT7wdOetSni3OV0mrNgho,hBG5vMBqkXoKVhe5nKFmfjAVyNoGHSr22VXcrkoN,MOx9AM3J6rnEQQJCSsWfT7wdOetSni3OV0mrNgho,0tSt4SUsOj8fKBL2OwFTAz878S85snjiNnAx7n8z
hBG5vMBqkXoKVhe5nKFmfjAVyNoGHSr22VXcrkoN,G97yzpX8HPnbmrVEC0Aoz2si9mlAiCfZmduqw99n,I9zyEumkNRxIzJ9lhMe24gjeuA05krtaF8GygUHD,G0PLr6xT9E96wJTJXQDNB728J4rHnKFKya5jIcwT,I9zyEumkNRxIzJ9lhMe24gjeuA05krtaF8GygUHD,G97yzpX8HPnbmrVEC0Aoz2si9mlAiCfZmduqw99n
G0PLr6xT9E96wJTJXQDNB728J4rHnKFKya5jIcwT,MOx9AM3J6rnEQQJCSsWfT7wdOetSni3OV0mrNgho,BR0isoSnDlgTmIqukAORkXTz6C9ABpEWp1Yw4Fx6,G97yzpX8HPnbmrVEC0Aoz2si9mlAiCfZmduqw99n,BR0isoSnDlgTmIqukAORkXTz6C9ABpEWp1Yw4Fx6,MOx9AM3J6rnEQQJCSsWfT7wdOetSni3OV0mrNgho
DboXcHUzjiTnEyfVzMA8hgefX2B7suIPftuPWSyq,I9zyEumkNRxIzJ9lhMe24gjeuA05krtaF8GygUHD,0tSt4SUsOj8fKBL2OwFTAz878S85snjiNnAx7n8z,MOx9AM3J6rnEQQJCSsWfT7wdOetSni3OV0mrNgho,0tSt4SUsOj8fKBL2OwFTAz878S85snjiNnAx7n8z,I9zyEumkNRxIzJ9lhMe24gjeuA05krtaF8GygUHD
neo9uYRJVawyUm1nyXvQrJxwVqapvXp6gVg6kwxr,BR0isoSnDlgTmIqukAORkXTz6C9ABpEWp1Yw4Fx6,hBG5vMBqkXoKVhe5nKFmfjAVyNoGHSr22VXcrkoN,I9zyEumkNRxIzJ9lhMe24gjeuA05krtaF8GygUHD,hBG5vMBqkXoKVhe5nKFmfjAVyNoGHSr22VXcrkoN,BR0isoSnDlgTmIqukAORkXTz6C9ABpEWp1Yw4Fx6
G97yzpX8HPnbmrVEC0Aoz2si9mlAiCfZmduqw99n,0tSt4SUsOj8fKBL2OwFTAz878S85snjiNnAx7n8z,G0PLr6xT9E96wJTJXQDNB728J4rHnKFKya5jIcwT,BR0isoSnDlgTmIqukAORkXTz6C9ABpEWp1Yw4Fx6,G97yzpX8HPnbmrVEC0Aoz2si9mlAiCfZmduqw99n,0tSt4SUsOj8fKBL2OwFTAz878S85snjiNnAx7n8z
MOx9AM3J6rnEQQJCSsWfT7wdOetSni3OV0mrNgho,hBG5vMBqkXoKVhe5nKFmfjAVyNoGHSr22VXcrkoN,DboXcHUzjiTnEyfVzMA8hgefX2B7suIPftuPWSyq,0tSt4SUsOj8fKBL2OwFTAz878S85snjiNnAx7n8z,MOx9AM3J6rnEQQJCSsWfT7wdOetSni3OV0mrNgho,G97yzpX8HPnbmrVEC0Aoz2si9mlAiCfZmduqw99n
I9zyEumkNRxIzJ9lhMe24gjeuA05krtaF8GygUHD,G0PLr6xT9E96wJTJXQDNB728J4rHnKFKya5jIcwT,G97yzpX8HPnbmrVEC0Aoz2si9mlAiCfZmduqw99n,hBG5vMBqkXoKVhe5nKFmfjAVyNoGHSr22VXcrkoN,I9zyEumkNRxIzJ9lhMe24gjeuA05krtaF8GygUHD,MOx9AM3J6rnEQQJCSsWfT7wdOetSni3OV0mrNgho
BR0isoSnDlgTmIqukAORkXTz6C9ABpEWp1Yw4Fx6,DboXcHUzjiTnEyfVzMA8hgefX2B7suIPftuPWSyq,MOx9AM3J6rnEQQJCSsWfT7wdOetSni3OV0mrNgho,G0PLr6xT9E96wJTJXQDNB728J4rHnKFKya5jIcwT,BR0isoSnDlgTmIqukAORkXTz6C9ABpEWp1Yw4Fx6,I9zyEumkNRxIzJ9lhMe24gjeuA05krtaF8GygUHD
0tSt4SUsOj8fKBL2OwFTAz878S85snjiNnAx7n8z,neo9uYRJVawyUm1nyXvQrJxwVqapvXp6gVg6kwxr,I9zyEumkNRxIzJ9lhMe24gjeuA05krtaF8GygUHD,G97yzpX8HPnbmrVEC0Aoz2si9mlAiCfZmduqw99n,0tSt4SUsOj8fKBL2OwFTAz878S85snjiNnAx7n8z,BR0isoSnDlgTmIqukAORkXTz6C9ABpEWp1Yw4Fx6
hBG5vMBqkXoKVhe5nKFmfjAVyNoGHSr22VXcrkoN,nOgJEtffp9e3P1qN9pqUrIZB0WQ9VIdptmx5wtia,BR0isoSnDlgTmIqukAORkXTz6C9ABpEWp1Yw4Fx6,MOx9AM3J6rnEQQJCSsWfT7wdOetSni3OV0mrNgho,hBG5vMBqkXoKVhe5nKFmfjAVyNoGHSr22VXcrkoN,0tSt4SUsOj8fKBL2OwFTAz878S85snjiNnAx7n8z
G0PLr6xT9E96wJTJXQDNB728J4rHnKFKya5jIcwT,G97yzpX8HPnbmrVEC0Aoz2si9mlAiCfZmduqw99n,0tSt4SUsOj8fKBL2OwFTAz878S85snjiNnAx7n8z,I9zyEumkNRxIzJ9lhMe24gjeuA05krtaF8GygUHD,G97yzpX8HPnbmrVEC0Aoz2si9mlAiCfZmduqw99n,G97yzpX8HPnbmrVEC0Aoz2si9mlAiCfZmduqw99n
DboXcHUzjiTnEyfVzMA8hgefX2B7suIPftuPWSyq,MOx9AM3J6rnEQQJCSsWfT7wdOetSni3OV0mrNgho,hBG5vMBqkXoKVhe5nKFmfjAVyNoGHSr22VXcrkoN,BR0isoSnDlgTmIqukAORkXTz6C9ABpEWp1Yw4Fx6,MOx9AM3J6rnEQQJCSsWfT7wdOetSni3OV0mrNgho,MOx9AM3J6rnEQQJCSsWfT7wdOetSni3OV0mrNgho
neo9uYRJVawyUm1nyXvQrJxwVqapvXp6gVg6kwxr,I9zyEumkNRxIzJ9lhMe24gjeuA05krtaF8GygUHD,G0PLr6xT9E96wJTJXQDNB728J4rHnKFKya5jIcwT,0tSt4SUsOj8fKBL2OwFTAz878S85snjiNnAx7n8z,I9zyEumkNRxIzJ9lhMe24gjeuA05krtaF8GygUHD,I9zyEumkNRxIzJ9lhMe24gjeuA05krtaF8GygUHD
G97yzpX8HPnbmrVEC0Aoz2si9mlAiCfZmduqw99n,BR0isoSnDlgTmIqukAORkXTz6C9ABpEWp1Yw4Fx6,DboXcHUzjiTnEyfVzMA8hgefX2B7suIPftuPWSyq,hBG5vMBqkXoKVhe5nKFmfjAVyNoGHSr22VXcrkoN,BR0isoSnDlgTmIqukAORkXTz6C9ABpEWp1Yw4Fx6,BR0isoSnDlgTmIqukAORkXTz6C9ABpEWp1Yw4Fx6
MOx9AM3J6rnEQQJCSsWfT7wdOetSni3OV0mrNgho,0tSt4SUsOj8fKBL2OwFTAz878S85snjiNnAx7n8z,G97yzpX8HPnbmrVEC0Aoz2si9mlAiCfZmduqw99n,G0PLr6xT9E96wJTJXQDNB728J4rHnKFKya5jIcwT,0tSt4SUsOj8fKBL2OwFTAz878S85snjiNnAx7n8z,0tSt4SUsOj8fKBL2OwFTAz878S85snjiNnAx7n8z
I9zyEumkNRxIzJ9lhMe24gjeuA05krtaF8GygUHD,hBG5vMBqkXoKVhe5nKFmfjAVyNoGHSr22VXcrkoN,MOx9AM3J6rnEQQJCSsWfT7wdOetSni3OV0mrNgho,G97yzpX8HPnbmrVEC0Aoz2si9mlAiCfZmduqw99n,hBG5vMBqkXoKVhe5nKFmfjAVyNoGHSr22VXcrkoN,G97yzpX8HPnbmrVEC0Aoz2si9mlAiCfZmduqw99n
BR0isoSnDlgTmIqukAORkXTz6C9ABpEWp1Yw4Fx6,G0PLr6xT9E96wJTJXQDNB728J4rHnKFKya5jIcwT,I9zyEumkNRxIzJ9lhMe24gjeuA05krtaF8GygUHD,MOx9AM3J6rnEQQJCSsWfT7wdOetSni3OV0mrNgho,G97yzpX8HPnbmrVEC0Aoz2si9mlAiCfZmduqw99n,MOx9AM3J6rnEQQJCSsWfT7wdOetSni3OV0mrNgho
0tSt4SUsOj8fKBL2OwFTAz878S85snjiNnAx7n8z,DboXcHUzjiTnEyfVzMA8hgefX2B7suIPftuPWSyq,BR0isoSnDlgTmIqukAORkXTz6C9ABpEWp1Yw4Fx6,I9zyEumkNRxIzJ9lhMe24gjeuA05krtaF8GygUHD,MOx9AM3J6rnEQQJCSsWfT7wdOetSni3OV0mrNgho,I9zyEumkNRxIzJ9lhMe24gjeuA05krtaF8GygUHD
hBG5vMBqkXoKVhe5nKFmfjAVyNoGHSr22VXcrkoN,neo9uYRJVawyUm1nyXvQrJxwVqapvXp6gVg6kwxr,0tSt4SUsOj8fKBL2OwFTAz878S85snjiNnAx7n8z,BR0isoSnDlgTmIqukAORkXTz6C9ABpEWp1Yw4Fx6,I9zyEumkNRxIzJ9lhMe24gjeuA05krtaF8GygUHD,BR0isoSnDlgTmIqukAORkXTz6C9ABpEWp1Yw4Fx6
G0PLr6xT9E96wJTJXQDNB728J4rHnKFKya5jIcwT,nOgJEtffp9e3P1qN9pqUrIZB0WQ9VIdptmx5wtia,hBG5vMBqkXoKVhe5nKFmfjAVyNoGHSr22VXcrkoN,0tSt4SUsOj8fKBL2OwFTAz878S85snjiNnAx7n8z,BR0isoSnDlgTmIqukAORkXTz6C9ABpEWp1Yw4Fx6,0tSt4SUsOj8fKBL2OwFTAz878S85snjiNnAx7n8z
DboXcHUzjiTnEyfVzMA8hgefX2B7suIPftuPWSyq,G97yzpX8HPnbmrVEC0Aoz2si9mlAiCfZmduqw99n,G0PLr6xT9E96wJTJXQDNB728J4rHnKFKya5jIcwT,hBG5vMBqkXoKVhe5nKFmfjAVyNoGHSr22VXcrkoN,0tSt4SUsOj8fKBL2OwFTAz878S85snjiNnAx7n8z,G97yzpX8HPnbmrVEC0Aoz2si9mlAiCfZmduqw99n
neo9uYRJVawyUm1nyXvQrJxwVqapvXp6gVg6kwxr,MOx9AM3J6rnEQQJCSsWfT7wdOetSni3OV0mrNgho,DboXcHUzjiTnEyfVzMA8hgefX2B7suIPftuPWSyq,G0PLr6xT9E96wJTJXQDNB728J4rHnKFKya5jIcwT,hBG5vMBqkXoKVhe5nKFmfjAVyNoGHSr22VXcrkoN,MOx9AM3J6rnEQQJCSsWfT7wdOetSni3OV0mrNgho
G97yzpX8HPnbmrVEC0Aoz2si9mlAiCfZmduqw99n,I9zyEumkNRxIzJ9lhMe24gjeuA05krtaF8GygUHD,G97yzpX8HPnbmrVEC0Aoz2si9mlAiCfZmduqw99n,G97yzpX8HPnbmrVEC0Aoz2si9mlAiCfZmduqw99n,G97yzpX8HPnbmrVEC0Aoz2si9mlAiCfZmduqw99n,I9zyEumkNRxIzJ9lhMe24gjeuA05krtaF8GygUHD
MOx9AM3J6rnEQQJCSsWfT7wdOetSni3OV0mrNgho,BR0isoSnDlgTmIqukAORkXTz6C9ABpEWp1Yw4Fx6,MOx9AM3J6rnEQQJCSsWfT7wdOetSni3OV0mrNgho,MOx9AM3J6rnEQQJCSsWfT7wdOetSni3OV0mrNgho,MOx9AM3J6rnEQQJCSsWfT7wdOetSni3OV0mrNgho,BR0isoSnDlgTmIqukAORkXTz6C9ABpEWp1Yw4Fx6
I9zyEumkNRxIzJ9lhMe24gjeuA05krtaF8GygUHD,0tSt4SUsOj8fKBL2OwFTAz878S85snjiNnAx7n8z,I9zyEumkNRxIzJ9lhMe24gjeuA05krtaF8GygUHD,I9zyEumkNRxIzJ9lhMe24gjeuA05krtaF8GygUHD,I9zyEumkNRxIzJ9lhMe24gjeuA05krtaF8GygUHD,0tSt4SUsOj8fKBL2OwFTAz878S85snjiNnAx7n8z
BR0isoSnDlgTmIqukAORkXTz6C9ABpEWp1Yw4Fx6,hBG5vMBqkXoKVhe5nKFmfjAVyNoGHSr22VXcrkoN,BR0isoSnDlgTmIqukAORkXTz6C9ABpEWp1Yw4Fx6,BR0isoSnDlgTmIqukAORkXTz6C9ABpEWp1Yw4Fx6,BR0isoSnDlgTmIqukAORkXTz6C9ABpEWp1Yw4Fx6,G97yzpX8HPnbmrVEC0Aoz2si9mlAiCfZmduqw99n
0tSt4SUsOj8fKBL2OwFTAz878S85snjiNnAx7n8z,G0PLr6xT9E96wJTJXQDNB728J4rHnKFKya5jIcwT,0tSt4SUsOj8fKBL2OwFTAz878S85snjiNnAx7n8z,0tSt4SUsOj8fKBL2OwFTAz878S85snjiNnAx7n8z,0tSt4SUsOj8fKBL2OwFTAz878S85snjiNnAx7n8z,MOx9AM3J6rnEQQJCSsWfT7wdOetSni3OV0mrNgho
hBG5vMBqkXoKVhe5nKFmfjAVyNoGHSr22VXcrkoN,DboXcHUzjiTnEyfVzMA8hgefX2B7suIPftuPWSyq,hBG5vMBqkXoKVhe5nKFmfjAVyNoGHSr22VXcrkoN,hBG5vMBqkXoKVhe5nKFmfjAVyNoGHSr22VXcrkoN,hBG5vMBqkXoKVhe5nKFmfjAVyNoGHSr22VXcrkoN,I9zyEumkNRxIzJ9lhMe24gjeuA05krtaF8GygUHD
G0PLr6xT9E96wJTJXQDNB728J4rHnKFKya5jIcwT,neo9uYRJVawyUm1nyXvQrJxwVqapvXp6gVg6kwxr,G0PLr6xT9E96wJTJXQDNB728J4rHnKFKya5jIcwT,G0PLr6xT9E96wJTJXQDNB728J4rHnKFKya5jIcwT,G97yzpX8HPnbmrVEC0Aoz2si9mlAiCfZmduqw99n,BR0isoSnDlgTmIqukAORkXTz6C9ABpEWp1Yw4Fx6
DboXcHUzjiTnEyfVzMA8hgefX2B7suIPftuPWSyq,nOgJEtffp9e3P1qN9pqUrIZB0WQ9VIdptmx5wtia,DboXcHUzjiTnEyfVzMA8hgefX2B7suIPftuPWSyq,G97yzpX8HPnbmrVEC0Aoz2si9mlAiCfZmduqw99n,MOx9AM3J6rnEQQJCSsWfT7wdOetSni3OV0mrNgho,0tSt4SUsOj8fKBL2OwFTAz878S85snjiNnAx7n8z
neo9uYRJVawyUm1nyXvQrJxwVqapvXp6gVg6kwxr,G97yzpX8HPnbmrVEC0Aoz2si9mlAiCfZmduqw99n,G97yzpX8HPnbmrVEC0Aoz2si9mlAiCfZmduqw99n,MOx9AM3J6rnEQQJCSsWfT7wdOetSni3OV0mrNgho,I9zyEumkNRxIzJ9lhMe24gjeuA05krtaF8GygUHD,G97yzpX8HPnbmrVEC0Aoz2si9mlAiCfZmduqw99n
G97yzpX8HPnbmrVEC0Aoz2si9mlAiCfZmduqw99n,MOx9AM3J6rnEQQJCSsWfT7wdOetSni3OV0mrNgho,MOx9AM3J6rnEQQJCSsWfT7wdOetSni3OV0mrNgho,I9zyEumkNRxIzJ9lhMe24gjeuA05krtaF8GygUHD,BR0isoSnDlgTmIqukAORkXTz6C9ABpEWp1Yw4Fx6,MOx9AM3J6rnEQQJCSsWfT7wdOetSni3OV0mrNgho
MOx9AM3J6rnEQQJCSsWfT7wdOetSni3OV0mrNgho,I9zyEumkNRxIzJ9lhMe24gjeuA05krtaF8GygUHD,I9zyEumkNRxIzJ9lhMe24gjeuA05krtaF8GygUHD,BR0isoSnDlgTmIqukAORkXTz6C9ABpEWp1Yw4Fx6,0tSt4SUsOj8fKBL2OwFTAz878S85snjiNnAx7n8z,I9zyEumkNRxIzJ9lhMe24gjeuA05krtaF8GygUHD
I9zyEumkNRxIzJ9lhMe24gjeuA05krtaF8GygUHD,BR0isoSnDlgTmIqukAORkXTz6C9ABpEWp1Yw4Fx6,BR0isoSnDlgTmIqukAORkXTz6C9ABpEWp1Yw4Fx6,0tSt4SUsOj8fKBL2OwFTAz878S85snjiNnAx7n8z,hBG5vMBqkXoKVhe5nKFmfjAVyNoGHSr22VXcrkoN,BR0isoSnDlgTmIqukAORkXTz6C9ABpEWp1Yw4Fx6
BR0isoSnDlgTmIqukAORkXTz6C9ABpEWp1Yw4Fx6,0tSt4SUsOj8fKBL2OwFTAz878S85snjiNnAx7n8z,0tSt4SUsOj8fKBL2OwFTAz878S85snjiNnAx7n8z,hBG5vMBqkXoKVhe5nKFmfjAVyNoGHSr22VXcrkoN,G97yzpX8HPnbmrVEC0Aoz2si9mlAiCfZmduqw99n,0tSt4SUsOj8fKBL2OwFTAz878S85snjiNnAx7n8z
0tSt4SUsOj8fKBL2OwFTAz878S85snjiNnAx7n8z,hBG5vMBqkXoKVhe5nKFmfjAVyNoGHSr22VXcrkoN,hBG5vMBqkXoKVhe5nKFmfjAVyNoGHSr22VXcrkoN,G0PLr6xT9E96wJTJXQDNB728J4rHnKFKya5jIcwT,MOx9AM3J6rnEQQJCSsWfT7wdOetSni3OV0mrNgho,G97yzpX8HPnbmrVEC0Aoz2si9mlAiCfZmduqw99n
hBG5vMBqkXoKVhe5nKFmfjAVyNoGHSr22VXcrkoN,G0PLr6xT9E96wJTJXQDNB728J4rHnKFKya5jIcwT,G0PLr6xT9E96wJTJXQDNB728J4rHnKFKya5jIcwT,G97yzpX8HPnbmrVEC0Aoz2si9mlAiCfZmduqw99n,I9zyEumkNRxIzJ9lhMe24gjeuA05krtaF8GygUHD,MOx9AM3J6rnEQQJCSsWfT7wdOetSni3OV0mrNgho
G0PLr6xT9E96wJTJXQDNB728J4rHnKFKya5jIcwT,DboXcHUzjiTnEyfVzMA8hgefX2B7suIPftuPWSyq,DboXcHUzjiTnEyfVzMA8hgefX2B7suIPftuPWSyq,MOx9AM3J6rnEQQJCSsWfT7wdOetSni3OV0mrNgho,BR0isoSnDlgTmIqukAORkXTz6C9ABpEWp1Yw4Fx6,I9zyEumkNRxIzJ9lhMe24gjeuA05krtaF8GygUHD
DboXcHUzjiTnEyfVzMA8hgefX2B7suIPftuPWSyq,neo9uYRJVawyUm1nyXvQrJxwVqapvXp6gVg6kwxr,G97yzpX8HPnbmrVEC0Aoz2si9mlAiCfZmduqw99n,I9zyEumkNRxIzJ9lhMe24gjeuA05krtaF8GygUHD,0tSt4SUsOj8fKBL2OwFTAz878S85snjiNnAx7n8z,BR0isoSnDlgTmIqukAORkXTz6C9ABpEWp1Yw4Fx6
neo9uYRJVawyUm1nyXvQrJxwVqapvXp6gVg6kwxr,nOgJEtffp9e3P1qN9pqUrIZB0WQ9VIdptmx5wtia,MOx9AM3J6rnEQQJCSsWfT7wdOetSni3OV0mrNgho,BR0isoSnDlgTmIqukAORkXTz6C9ABpEWp1Yw4Fx6,hBG5vMBqkXoKVhe5nKFmfjAVyNoGHSr22VXcrkoN,0tSt4SUsOj8fKBL2OwFTAz878S85snjiNnAx7n8z
G97yzpX8HPnbmrVEC0Aoz2si9mlAiCfZmduqw99n,G97yzpX8HPnbmrVEC0Aoz2si9mlAiCfZmduqw99n,I9zyEumkNRxIzJ9lhMe24gjeuA05krtaF8GygUHD,0tSt4SUsOj8fKBL2OwFTAz878S85snjiNnAx7n8z,G97yzpX8HPnbmrVEC0Aoz2si9mlAiCfZmduqw99n,G97yzpX8HPnbmrVEC0Aoz2si9mlAiCfZmduqw99n
MOx9AM3J6rnEQQJCSsWfT7wdOetSni3OV0mrNgho,MOx9AM3J6rnEQQJCSsWfT7wdOetSni3OV0mrNgho,BR0isoSnDlgTmIqukAORkXTz6C9ABpEWp1Yw4Fx6,hBG5vMBqkXoKVhe5nKFmfjAVyNoGHSr22VXcrkoN,MOx9AM3J6rnEQQJCSsWfT7wdOetSni3OV0mrNgho,MOx9AM3J6rnEQQJCSsWfT7wdOetSni3OV0mrNgho
I9zyEumkNRxIzJ9lhMe24gjeuA05krtaF8GygUHD,I9zyEumkNRxIzJ9lhMe24gjeuA05krtaF8GygUHD,0tSt4SUsOj8fKBL2OwFTAz878S85snjiNnAx7n8z,G0PLr6xT9E96wJTJXQDNB728J4rHnKFKya5jIcwT,I9zyEumkNRxIzJ9lhMe24gjeuA05krtaF8GygUHD,I9zyEumkNRxIzJ9lhMe24gjeuA05krtaF8GygUHD
BR0isoSnDlgTmIqukAORkXTz6C9ABpEWp1Yw4Fx6,BR0isoSnDlgTmIqukAORkXTz6C9ABpEWp1Yw4Fx6,hBG5vMBqkXoKVhe5nKFmfjAVyNoGHSr22VXcrkoN,G97yzpX8HPnbmrVEC0Aoz2si9mlAiCfZmduqw99n,BR0isoSnDlgTmIqukAORkXTz6C9ABpEWp1Yw4Fx6,BR0isoSnDlgTmIqukAORkXTz6C9ABpEWp1Yw4Fx6
0tSt4SUsOj8fKBL2OwFTAz878S85snjiNnAx7n8z,0tSt4SUsOj8fKBL2OwFTAz878S85snjiNnAx7n8z,G0PLr6xT9E96wJTJXQDNB728J4rHnKFKya5jIcwT,MOx9AM3J6rnEQQJCSsWfT7wdOetSni3OV0mrNgho,0tSt4SUsOj8fKBL2OwFTAz878S85snjiNnAx7n8z,0tSt4SUsOj8fKBL2OwFTAz878S85snjiNnAx7n8z
hBG5vMBqkXoKVhe5nKFmfjAVyNoGHSr22VXcrkoN,hBG5vMBqkXoKVhe5nKFmfjAVyNoGHSr22VXcrkoN,DboXcHUzjiTnEyfVzMA8hgefX2B7suIPftuPWSyq,I9zyEumkNRxIzJ9lhMe24gjeuA05krtaF8GygUHD,hBG5vMBqkXoKVhe5nKFmfjAVyNoGHSr22VXcrkoN,G97yzpX8HPnbmrVEC0Aoz2si9mlAiCfZmduqw99n
G0PLr6xT9E96wJTJXQDNB728J4rHnKFKya5jIcwT,G0PLr6xT9E96wJTJXQDNB728J4rHnKFKya5jIcwT,G97yzpX8HPnbmrVEC0Aoz2si9mlAiCfZmduqw99n,BR0isoSnDlgTmIqukAORkXTz6C9ABpEWp1Yw4Fx6,G97yzpX8HPnbmrVEC0Aoz2si9mlAiCfZmduqw99n,MOx9AM3J6rnEQQJCSsWfT7wdOetSni3OV0mrNgho
DboXcHUzjiTnEyfVzMA8hgefX2B7suIPftuPWSyq,DboXcHUzjiTnEyfVzMA8hgefX2B7suIPftuPWSyq,MOx9AM3J6rnEQQJCSsWfT7wdOetSni3OV0mrNgho,0tSt4SUsOj8fKBL2OwFTAz878S85snjiNnAx7n8z,MOx9AM3J6rnEQQJCSsWfT7wdOetSni3OV0mrNgho,I9zyEumkNRxIzJ9lhMe24gjeuA05krtaF8GygUHD
neo9uYRJVawyUm1nyXvQrJxwVqapvXp6gVg6kwxr,neo9uYRJVawyUm1nyXvQrJxwVqapvXp6gVg6kwxr,I9zyEumkNRxIzJ9lhMe24gjeuA05krtaF8GygUHD,hBG5vMBqkXoKVhe5nKFmfjAVyNoGHSr22VXcrkoN,I9zyEumkNRxIzJ9lhMe24gjeuA05krtaF8GygUHD,BR0isoSnDlgTmIqukAORkXTz6C9ABpEWp1Yw4Fx6
G97yzpX8HPnbmrVEC0Aoz2si9mlAiCfZmduqw99n,nOgJEtffp9e3P1qN9pqUrIZB0WQ9VIdptmx5wtia,BR0isoSnDlgTmIqukAORkXTz6C9ABpEWp1Yw4Fx6,G0PLr6xT9E96wJTJXQDNB728J4rHnKFKya5jIcwT,BR0isoSnDlgTmIqukAORkXTz6C9ABpEWp1Yw4Fx6,0tSt4SUsOj8fKBL2OwFTAz878S85snjiNnAx7n8z
MOx9AM3J6rnEQQJCSsWfT7wdOetSni3OV0mrNgho,G97yzpX8HPnbmrVEC0Aoz2si9mlAiCfZmduqw99n,0tSt4SUsOj8fKBL2OwFTAz878S85snjiNnAx7n8z,G97yzpX8HPnbmrVEC0Aoz2si9mlAiCfZmduqw99n,0tSt4SUsOj8fKBL2OwFTAz878S85snjiNnAx7n8z,G97yzpX8HPnbmrVEC0Aoz2si9mlAiCfZmduqw99n
I9zyEumkNRxIzJ9lhMe24gjeuA05krtaF8GygUHD,MOx9AM3J6rnEQQJCSsWfT7wdOetSni3OV0mrNgho,hBG5vMBqkXoKVhe5nKFmfjAVyNoGHSr22VXcrkoN,MOx9AM3J6rnEQQJCSsWfT7wdOetSni3OV0mrNgho,hBG5vMBqkXoKVhe5nKFmfjAVyNoGHSr22VXcrkoN,MOx9AM3J6rnEQQJCSsWfT7wdOetSni3OV0mrNgho
BR0isoSnDlgTmIqukAORkXTz6C9ABpEWp1Yw4Fx6,I9zyEumkNRxIzJ9lhMe24gjeuA05krtaF8GygUHD,G0PLr6xT9E96wJTJXQDNB728J4rHnKFKya5jIcwT,I9zyEumkNRxIzJ9lhMe24gjeuA05krtaF8GygUHD,G97yzpX8HPnbmrVEC0Aoz2si9mlAiCfZmduqw99n,I9zyEumkNRxIzJ9lhMe24gjeuA05krtaF8GygUHD
0tSt4SUsOj8fKBL2OwFTAz878S85snjiNnAx7n8z,BR0isoSnDlgTmIqukAORkXTz6C9ABpEWp1Yw4Fx6,DboXcHUzjiTnEyfVzMA8hgefX2B7suIPftuPWSyq,BR0isoSnDlgTmIqukAORkXTz6C9ABpEWp1Yw4Fx6,MOx9AM3J6rnEQQJCSsWfT7wdOetSni3OV0mrNgho,BR0isoSnDlgTmIqukAORkXTz6C9ABpEWp1Yw4Fx6
hBG5vMBqkXoKVhe5nKFmfjAVyNoGHSr22VXcrkoN,0tSt4SUsOj8fKBL2OwFTAz878S85snjiNnAx7n8z,G97yzpX8HPnbmrVEC0Aoz2si9mlAiCfZmduqw99n,0tSt4SUsOj8fKBL2OwFTAz878S85snjiNnAx7n8z,I9zyEumkNRxIzJ9lhMe24gjeuA05krtaF8GygUHD,0tSt4SUsOj8fKBL2OwFTAz878S85snjiNnAx7n8z
G0PLr6xT9E96wJTJXQDNB728J4rHnKFKya5jIcwT,hBG5vMBqkXoKVhe5nKFmfjAVyNoGHSr22VXcrkoN,MOx9AM3J6rnEQQJCSsWfT7wdOetSni3OV0mrNgho,hBG5vMBqkXoKVhe5nKFmfjAVyNoGHSr22VXcrkoN,BR0isoSnDlgTmIqukAORkXTz6C9ABpEWp1Yw4Fx6,G97yzpX8HPnbmrVEC0Aoz2si9mlAiCfZmduqw99n
DboXcHUzjiTnEyfVzMA8hgefX2B7suIPftuPWSyq,G0PLr6xT9E96wJTJXQDNB728J4rHnKFKya5jIcwT,I9zyEumkNRxIzJ9lhMe24gjeuA05krtaF8GygUHD,G0PLr6xT9E96wJTJXQDNB728J4rHnKFKya5jIcwT,0tSt4SUsOj8fKBL2OwFTAz878S85snjiNnAx7n8z,MOx9AM3J6rnEQQJCSsWfT7wdOetSni3OV0mrNgho
neo9uYRJVawyUm1nyXvQrJxwVqapvXp6gVg6kwxr,DboXcHUzjiTnEyfVzMA8hgefX2B7suIPftuPWSyq,BR0isoSnDlgTmIqukAORkXTz6C9ABpEWp1Yw4Fx6,G97yzpX8HPnbmrVEC0Aoz2si9mlAiCfZmduqw99n,hBG5vMBqkXoKVhe5nKFmfjAVyNoGHSr22VXcrkoN,I9zyEumkNRxIzJ9lhMe24gjeuA05krtaF8GygUHD
G97yzpX8HPnbmrVEC0Aoz2si9mlAiCfZmduqw99n,neo9uYRJVawyUm1nyXvQrJxwVqapvXp6gVg6kwxr,0tSt4SUsOj8fKBL2OwFTAz878S85snjiNnAx7n8z,MOx9AM3J6rnEQQJCSsWfT7wdOetSni3OV0mrNgho,G97yzpX8HPnbmrVEC0Aoz2si9mlAiCfZmduqw99n,BR0isoSnDlgTmIqukAORkXTz6C9ABpEWp1Yw4Fx6
MOx9AM3J6rnEQQJCSsWfT7wdOetSni3OV0mrNgho,nOgJEtffp9e3P1qN9pqUrIZB0WQ9VIdptmx5wtia,hBG5vMBqkXoKVhe5nKFmfjAVyNoGHSr22VXcrkoN,I9zyEumkNRxIzJ9lhMe24gjeuA05krtaF8GygUHD,MOx9AM3J6rnEQQJCSsWfT7wdOetSni3OV0mrNgho,0tSt4SUsOj8fKBL2OwFTAz878S85snjiNnAx7n8z
I9zyEumkNRxIzJ9lhMe24gjeuA05krtaF8GygUHD,G97yzpX8HPnbmrVEC0Aoz2si9mlAiCfZmduqw99n,G0PLr6xT9E96wJTJXQDNB728J4rHnKFKya5jIcwT,BR0isoSnDlgTmIqukAORkXTz6C9ABpEWp1Yw4Fx6,I9zyEumkNRxIzJ9lhMe24gjeuA05krtaF8GygUHD,G97yzpX8HPnbmrVEC0Aoz2si9mlAiCfZmduqw99n
BR0isoSnDlgTmIqukAORkXTz6C9ABpEWp1Yw4Fx6,MOx9AM3J6rnEQQJCSsWfT7wdOetSni3OV0mrNgho,DboXcHUzjiTnEyfVzMA8hgefX2B7suIPftuPWSyq,0tSt4SUsOj8fKBL2OwFTAz878S85snjiNnAx7n8z,BR0isoSnDlgTmIqukAORkXTz6C9ABpEWp1Yw4Fx6,MOx9AM3J6rnEQQJCSsWfT7wdOetSni3OV0mrNgho
0tSt4SUsOj8fKBL2OwFTAz878S85snjiNnAx7n8z,I9zyEumkNRxIzJ9lhMe24gjeuA05krtaF8GygUHD,G97yzpX8HPnbmrVEC0Aoz2si9mlAiCfZmduqw99n,hBG5vMBqkXoKVhe5nKFmfjAVyNoGHSr22VXcrkoN,0tSt4SUsOj8fKBL2OwFTAz878S85snjiNnAx7n8z,I9zyEumkNRxIzJ9lhMe24gjeuA05krtaF8GygUHD
hBG5vMBqkXoKVhe5nKFmfjAVyNoGHSr22VXcrkoN,BR0isoSnDlgTmIqukAORkXTz6C9ABpEWp1Yw4Fx6,MOx9AM3J6rnEQQJCSsWfT7wdOetSni3OV0mrNgho,G0PLr6xT9E96wJTJXQDNB728J4rHnKFKya5jIcwT,hBG5vMBqkXoKVhe5nKFmfjAVyNoGHSr22VXcrkoN,BR0isoSnDlgTmIqukAORkXTz6C9ABpEWp1Yw4Fx6
G0PLr6xT9E96wJTJXQDNB728J4rHnKFKya5jIcwT,0tSt4SUsOj8fKBL2OwFTAz878S85snjiNnAx7n8z,I9zyEumkNRxIzJ9lhMe24gjeuA05krtaF8GygUHD,G97yzpX8HPnbmrVEC0Aoz2si9mlAiCfZmduqw99n,G97yzpX8HPnbmrVEC0Aoz2si9mlAiCfZmduqw99n,0tSt4SUsOj8fKBL2OwFTAz878S85snjiNnAx7n8z
DboXcHUzjiTnEyfVzMA8hgefX2B7suIPftuPWSyq,hBG5vMBqkXoKVhe5nKFmfjAVyNoGHSr22VXcrkoN,BR0isoSnDlgTmIqukAORkXTz6C9ABpEWp1Yw4Fx6,MOx9AM3J6rnEQQJCSsWfT7wdOetSni3OV0mrNgho,MOx9AM3J6rnEQQJCSsWfT7wdOetSni3OV0mrNgho,G97yzpX8HPnbmrVEC0Aoz2si9mlAiCfZmduqw99n
neo9uYRJVawyUm1nyXvQrJxwVqapvXp6gVg6kwxr,G0PLr6xT9E96wJTJXQDNB728J4rHnKFKya5jIcwT,0tSt4SUsOj8fKBL2OwFTAz878S85snjiNnAx7n8z,I9zyEumkNRxIzJ9lhMe24gjeuA05krtaF8GygUHD,I9zyEumkNRxIzJ9lhMe24gjeuA05krtaF8GygUHD,MOx9AM3J6rnEQQJCSsWfT7wdOetSni3OV0mrNgho
G97yzpX8HPnbmrVEC0Aoz2si9mlAiCfZmduqw99n,DboXcHUzjiTnEyfVzMA8hgefX2B7suIPftuPWSyq,hBG5vMBqkXoKVhe5nKFmfjAVyNoGHSr22VXcrkoN,BR0isoSnDlgTmIqukAORkXTz6C9ABpEWp1Yw4Fx6,BR0isoSnDlgTmIqukAORkXTz6C9ABpEWp1Yw4Fx6,I9zyEumkNRxIzJ9lhMe24gjeuA05krtaF8GygUHD
MOx9AM3J6rnEQQJCSsWfT7wdOetSni3OV0mrNgho,neo9uYRJVawyUm1nyXvQrJxwVqapvXp6gVg6kwxr,G0PLr6xT9E96wJTJXQDNB728J4rHnKFKya5jIcwT,0tSt4SUsOj8fKBL2OwFTAz878S85snjiNnAx7n8z,0tSt4SUsOj8fKBL2OwFTAz878S85snjiNnAx7n8z,BR0isoSnDlgTmIqukAORkXTz6C9ABpEWp1Yw4Fx6
I9zyEumkNRxIzJ9lhMe24gjeuA05krtaF8GygUHD,nOgJEtffp9e3P1qN9pqUrIZB0WQ9VIdptmx5wtia,DboXcHUzjiTnEyfVzMA8hgefX2B7suIPftuPWSyq,hBG5vMBqkXoKVhe5nKFmfjAVyNoGHSr22VXcrkoN,hBG5vMBqkXoKVhe5nKFmfjAVyNoGHSr22VXcrkoN,0tSt4SUsOj8fKBL2OwFTAz878S85snjiNnAx7n8z
BR0isoSnDlgTmIqukAORkXTz6C9ABpEWp1Yw4Fx6,G97yzpX8HPnbmrVEC0Aoz2si9mlAiCfZmduqw99n,G97yzpX8HPnbmrVEC0Aoz2si9mlAiCfZmduqw99n,G0PLr6xT9E96wJTJXQDNB728J4rHnKFKya5jIcwT,G97yzpX8HPnbmrVEC0Aoz2si9mlAiCfZmduqw99n,G97yzpX8HPnbmrVEC0Aoz2si9mlAiCfZmduqw99n
0tSt4SUsOj8fKBL2OwFTAz878S85snjiNnAx7n8z,MOx9AM3J6rnEQQJCSsWfT7wdOetSni3OV0mrNgho,MOx9AM3J6rnEQQJCSsWfT7wdOetSni3OV0mrNgho,G97yzpX8HPnbmrVEC0Aoz2si9mlAiCfZmduqw99n,MOx9AM3J6rnEQQJCSsWfT7wdOetSni3OV0mrNgho,MOx9AM3J6rnEQQJCSsWfT7wdOetSni3OV0mrNgho
hBG5vMBqkXoKVhe5nKFmfjAVyNoGHSr22VXcrkoN,I9zyEumkNRxIzJ9lhMe24gjeuA05krtaF8GygUHD,I9zyEumkNRxIzJ9lhMe24gjeuA05krtaF8GygUHD,MOx9AM3J6rnEQQJCSsWfT7wdOetSni3OV0mrNgho,I9zyEumkNRxIzJ9lhMe24gjeuA05krtaF8GygUHD,I9zyEumkNRxIzJ9lhMe24gjeuA05krtaF8GygUHD
G0PLr6xT9E96wJTJXQDNB728J4rHnKFKya5jIcwT,BR0isoSnDlgTmIqukAORkXTz6C9ABpEWp1Yw4Fx6,BR0isoSnDlgTmIqukAORkXTz6C9ABpEWp1Yw4Fx6,I9zyEumkNRxIzJ9lhMe24gjeuA05krtaF8GygUHD,BR0isoSnDlgTmIqukAORkXTz6C9ABpEWp1Yw4Fx6,BR0isoSnDlgTmIqukAORkXTz6C9ABpEWp1Yw4Fx6
DboXcHUzjiTnEyfVzMA8hgefX2B7suIPftuPWSyq,0tSt4SUsOj8fKBL2OwFTAz878S85snjiNnAx7n8z,0tSt4SUsOj8fKBL2OwFTAz878S85snjiNnAx7n8z,BR0isoSnDlgTmIqukAORkXTz6C9ABpEWp1Yw4Fx6,0tSt4SUsOj8fKBL2OwFTAz878S85snjiNnAx7n8z,0tSt4SUsOj8fKBL2OwFTAz878S85snjiNnAx7n8z
neo9uYRJVawyUm1nyXvQrJxwVqapvXp6gVg6kwxr,hBG5vMBqkXoKVhe5nKFmfjAVyNoGHSr22VXcrkoN,hBG5vMBqkXoKVhe5nKFmfjAVyNoGHSr22VXcrkoN,0tSt4SUsOj8fKBL2OwFTAz878S85snjiNnAx7n8z,hBG5vMBqkXoKVhe5nKFmfjAVyNoGHSr22VXcrkoN,G97yzpX8HPnbmrVEC0Aoz2si9mlAiCfZmduqw99n
G97yzpX8HPnbmrVEC0Aoz2si9mlAiCfZmduqw99n,G0PLr6xT9E96wJTJXQDNB728J4rHnKFKya5jIcwT,G0PLr6xT9E96wJTJXQDNB728J4rHnKFKya5jIcwT,hBG5vMBqkXoKVhe5nKFmfjAVyNoGHSr22VXcrkoN,G97yzpX8HPnbmrVEC0Aoz2si9mlAiCfZmduqw99n,MOx9AM3J6rnEQQJCSsWfT7wdOetSni3OV0mrNgho
MOx9AM3J6rnEQQJCSsWfT7wdOetSni3OV0mrNgho,DboXcHUzjiTnEyfVzMA8hgefX2B7suIPftuPWSyq,DboXcHUzjiTnEyfVzMA8hgefX2B7suIPftuPWSyq,G0PLr6xT9E96wJTJXQDNB728J4rHnKFKya5jIcwT,MOx9AM3J6rnEQQJCSsWfT7wdOetSni3OV0mrNgho,I9zyEumkNRxIzJ9lhMe24gjeuA05krtaF8GygUHD
I9zyEumkNRxIzJ9lhMe24gjeuA05krtaF8GygUHD,neo9uYRJVawyUm1nyXvQrJxwVqapvXp6gVg6kwxr,G97yzpX8HPnbmrVEC0Aoz2si9mlAiCfZmduqw99n,G97yzpX8HPnbmrVEC0Aoz2si9mlAiCfZmduqw99n,I9zyEumkNRxIzJ9lhMe24gjeuA05krtaF8GygUHD,BR0isoSnDlgTmIqukAORkXTz6C9ABpEWp1Yw4Fx6
BR0isoSnDlgTmIqukAORkXTz6C9ABpEWp1Yw4Fx6,nOgJEtffp9e3P1qN9pqUrIZB0WQ9VIdptmx5wtia,MOx9AM3J6rnEQQJCSsWfT7wdOetSni3OV0mrNgho,MOx9AM3J6rnEQQJCSsWfT7wdOetSni3OV0mrNgho,BR0isoSnDlgTmIqukAORkXTz6C9ABpEWp1Yw4Fx6,0tSt4SUsOj8fKBL2OwFTAz878S85snjiNnAx7n8z
0tSt4SUsOj8fKBL2OwFTAz878S85snjiNnAx7n8z,G97yzpX8HPnbmrVEC0Aoz2si9mlAiCfZmduqw99n,I9zyEumkNRxIzJ9lhMe24gjeuA05krtaF8GygUHD,I9zyEumkNRxIzJ9lhMe24gjeuA05krtaF8GygUHD,0tSt4SUsOj8fKBL2OwFTAz878S85snjiNnAx7n8z,G97yzpX8HPnbmrVEC0Aoz2si9mlAiCfZmduqw99n
hBG5vMBqkXoKVhe5nKFmfjAVyNoGHSr22VXcrkoN,MOx9AM3J6rnEQQJCSsWfT7wdOetSni3OV0mrNgho,BR0isoSnDlgTmIqukAORkXTz6C9ABpEWp1Yw4Fx6,BR0isoSnDlgTmIqukAORkXTz6C9ABpEWp1Yw4Fx6,hBG5vMBqkXoKVhe5nKFmfjAVyNoGHSr22VXcrkoN,MOx9AM3J6rnEQQJCSsWfT7wdOetSni3OV0mrNgho
G0PLr6xT9E96wJTJXQDNB728J4rHnKFKya5jIcwT,I9zyEumkNRxIzJ9lhMe24gjeuA05krtaF8GygUHD,0tSt4SUsOj8fKBL2OwFTAz878S85snjiNnAx7n8z,0tSt4SUsOj8fKBL2OwFTAz878S85snjiNnAx7n8z,G97yzpX8HPnbmrVEC0Aoz2si9mlAiCfZmduqw99n,I9zyEumkNRxIzJ9lhMe24gjeuA05krtaF8GygUHD
DboXcHUzjiTnEyfVzMA8hgefX2B7suIPftuPWSyq,BR0isoSnDlgTmIqukAORkXTz6C9ABpEWp1Yw4Fx6,hBG5vMBqkXoKVhe5nKFmfjAVyNoGHSr22VXcrkoN,hBG5vMBqkXoKVhe5nKFmfjAVyNoGHSr22VXcrkoN,MOx9AM3J6rnEQQJCSsWfT7wdOetSni3OV0mrNgho,BR0isoSnDlgTmIqukAORkXTz6C9ABpEWp1Yw4Fx6
neo9uYRJVawyUm1nyXvQrJxwVqapvXp6gVg6kwxr,0tSt4SUsOj8fKBL2OwFTAz878S85snjiNnAx7n8z,G0PLr6xT9E96wJTJXQDNB728J4rHnKFKya5jIcwT,G0PLr6xT9E96wJTJXQDNB728J4rHnKFKya5jIcwT,I9zyEumkNRxIzJ9lhMe24gjeuA05krtaF8GygUHD,0tSt4SUsOj8fKBL2OwFTAz878S85snjiNnAx7n8z
G97yzpX8HPnbmrVEC0Aoz2si9mlAiCfZmduqw99n,hBG5vMBqkXoKVhe5nKFmfjAVyNoGHSr22VXcrkoN,DboXcHUzjiTnEyfVzMA8hgefX2B7suIPftuPWSyq,G97yzpX8HPnbmrVEC0Aoz2si9mlAiCfZmduqw99n,BR0isoSnDlgTmIqukAORkXTz6C9ABpEWp1Yw4Fx6,G97yzpX8HPnbmrVEC0Aoz2si9mlAiCfZmduqw99n
MOx9AM3J6rnEQQJCSsWfT7wdOetSni3OV0mrNgho,G0PLr6xT9E96wJTJXQDNB728J4rHnKFKya5jIcwT,G97yzpX8HPnbmrVEC0Aoz2si9mlAiCfZmduqw99n,MOx9AM3J6rnEQQJCSsWfT7wdOetSni3OV0mrNgho,0tSt4SUsOj8fKBL2OwFTAz878S85snjiNnAx7n8z,MOx9AM3J6rnEQQJCSsWfT7wdOetSni3OV0mrNgho
I9zyEumkNRxIzJ9lhMe24gjeuA05krtaF8GygUHD,DboXcHUzjiTnEyfVzMA8hgefX2B7suIPftuPWSyq,MOx9AM3J6rnEQQJCSsWfT7wdOetSni3OV0mrNgho,I9zyEumkNRxIzJ9lhMe24gjeuA05krtaF8GygUHD,hBG5vMBqkXoKVhe5nKFmfjAVyNoGHSr22VXcrkoN,I9zyEumkNRxIzJ9lhMe24gjeuA05krtaF8GygUHD
BR0isoSnDlgTmIqukAORkXTz6C9ABpEWp1Yw4Fx6,neo9uYRJVawyUm1nyXvQrJxwVqapvXp6gVg6kwxr,I9zyEumkNRxIzJ9lhMe24gjeuA05krtaF8GygUHD,BR0isoSnDlgTmIqukAORkXTz6C9ABpEWp1Yw4Fx6,G97yzpX8HPnbmrVEC0Aoz2si9mlAiCfZmduqw99n,BR0isoSnDlgTmIqukAORkXTz6C9ABpEWp1Yw4Fx6
0tSt4SUsOj8fKBL2OwFTAz878S85snjiNnAx7n8z,nOgJEtffp9e3P1qN9pqUrIZB0WQ9VIdptmx5wtia,BR0isoSnDlgTmIqukAORkXTz6C9ABpEWp1Yw4Fx6,0tSt4SUsOj8fKBL2OwFTAz878S85snjiNnAx7n8z,MOx9AM3J6rnEQQJCSsWfT7wdOetSni3OV0mrNgho,0tSt4SUsOj8fKBL2OwFTAz878S85snjiNnAx7n8z
hBG5vMBqkXoKVhe5nKFmfjAVyNoGHSr22VXcrkoN,G97yzpX8HPnbmrVEC0Aoz2si9mlAiCfZmduqw99n,0tSt4SUsOj8fKBL2OwFTAz878S85snjiNnAx7n8z,hBG5vMBqkXoKVhe5nKFmfjAVyNoGHSr22VXcrkoN,I9zyEumkNRxIzJ9lhMe24gjeuA05krtaF8GygUHD,G97yzpX8HPnbmrVEC0Aoz2si9mlAiCfZmduqw99n
G0PLr6xT9E96wJTJXQDNB728J4rHnKFKya5jIcwT,MOx9AM3J6rnEQQJCSsWfT7wdOetSni3OV0mrNgho,hBG5vMBqkXoKVhe5nKFmfjAVyNoGHSr22VXcrkoN,G0PLr6xT9E96wJTJXQDNB728J4rHnKFKya5jIcwT,BR0isoSnDlgTmIqukAORkXTz6C9ABpEWp1Yw4Fx6,MOx9AM3J6rnEQQJCSsWfT7wdOetSni3OV0mrNgho
DboXcHUzjiTnEyfVzMA8hgefX2B7suIPftuPWSyq,I9zyEumkNRxIzJ9lhMe24gjeuA05krtaF8GygUHD,G0PLr6xT9E96wJTJXQDNB728J4rHnKFKya5jIcwT,G97yzpX8HPnbmrVEC0Aoz2si9mlAiCfZmduqw99n,0tSt4SUsOj8fKBL2OwFTAz878S85snjiNnAx7n8z,I9zyEumkNRxIzJ9lhMe24gjeuA05krtaF8GygUHD
neo9uYRJVawyUm1nyXvQrJxwVqapvXp6gVg6kwxr,BR0isoSnDlgTmIqukAORkXTz6C9ABpEWp1Yw4Fx6,DboXcHUzjiTnEyfVzMA8hgefX2B7suIPftuPWSyq,MOx9AM3J6rnEQQJCSsWfT7wdOetSni3OV0mrNgho,hBG5vMBqkXoKVhe5nKFmfjAVyNoGHSr22VXcrkoN,BR0isoSnDlgTmIqukAORkXTz6C9ABpEWp1Yw4Fx6
G97yzpX8HPnbmrVEC0Aoz2si9mlAiCfZmduqw99n,0tSt4SUsOj8fKBL2OwFTAz878S85snjiNnAx7n8z,G97yzpX8HPnbmrVEC0Aoz2si9mlAiCfZmduqw99n,I9zyEumkNRxIzJ9lhMe24gjeuA05krtaF8GygUHD,G97yzpX8HPnbmrVEC0Aoz2si9mlAiCfZmduqw99n,0tSt4SUsOj8fKBL2OwFTAz878S85snjiNnAx7n8z
MOx9AM3J6rnEQQJCSsWfT7wdOetSni3OV0mrNgho,hBG5vMBqkXoKVhe5nKFmfjAVyNoGHSr22VXcrkoN,MOx9AM3J6rnEQQJCSsWfT7wdOetSni3OV0mrNgho,BR0isoSnDlgTmIqukAORkXTz6C9ABpEWp1Yw4Fx6,MOx9AM3J6rnEQQJCSsWfT7wdOetSni3OV0mrNgho,G97yzpX8HPnbmrVEC0Aoz2si9mlAiCfZmduqw99n
I9zyEumkNRxIzJ9lhMe24gjeuA05krtaF8GygUHD,G0PLr6xT9E96wJTJXQDNB728J4rHnKFKya5jIcwT,I9zyEumkNRxIzJ9lhMe24gjeuA05krtaF8GygUHD,0tSt4SUsOj8fKBL2OwFTAz878S85snjiNnAx7n8z,I9zyEumkNRxIzJ9lhMe24gjeuA05krtaF8GygUHD,MOx9AM3J6rnEQQJCSsWfT7wdOetSni3OV0mrNgho
BR0isoSnDlgTmIqukAORkXTz6C9ABpEWp1Yw4Fx6,DboXcHUzjiTnEyfVzMA8hgefX2B7suIPftuPWSyq,BR0isoSnDlgTmIqukAORkXTz6C9ABpEWp1Yw4Fx6,hBG5vMBqkXoKVhe5nKFmfjAVyNoGHSr22VXcrkoN,BR0isoSnDlgTmIqukAORkXTz6C9ABpEWp1Yw4Fx6,I9zyEumkNRxIzJ9lhMe24gjeuA05krtaF8GygUHD
0tSt4SUsOj8fKBL2OwFTAz878S85snjiNnAx7n8z,neo9uYRJVawyUm1nyXvQrJxwVqapvXp6gVg6kwxr,0tSt4SUsOj8fKBL2OwFTAz878S85snjiNnAx7n8z,G0PLr6xT9E96wJTJXQDNB728J4rHnKFKya5jIcwT,0tSt4SUsOj8fKBL2OwFTAz878S85snjiNnAx7n8z,BR0isoSnDlgTmIqukAORkXTz6C9ABpEWp1Yw4Fx6
hBG5vMBqkXoKVhe5nKFmfjAVyNoGHSr22VXcrkoN,nOgJEtffp9e3P1qN9pqUrIZB0WQ9VIdptmx5wtia,hBG5vMBqkXoKVhe5nKFmfjAVyNoGHSr22VXcrkoN,G97yzpX8HPnbmrVEC0Aoz2si9mlAiCfZmduqw99n,hBG5vMBqkXoKVhe5nKFmfjAVyNoGHSr22VXcrkoN,0tSt4SUsOj8fKBL2OwFTAz878S85snjiNnAx7n8z
G0PLr6xT9E96wJTJXQDNB728J4rHnKFKya5jIcwT,G97yzpX8HPnbmrVEC0Aoz2si9mlAiCfZmduqw99n,G0PLr6xT9E96wJTJXQDNB728J4rHnKFKya5jIcwT,MOx9AM3J6rnEQQJCSsWfT7wdOetSni3OV0mrNgho,G97yzpX8HPnbmrVEC0Aoz2si9mlAiCfZmduqw99n,G97yzpX8HPnbmrVEC0Aoz2si9mlAiCfZmduqw99n
DboXcHUzjiTnEyfVzMA8hgefX2B7suIPftuPWSyq,MOx9AM3J6rnEQQJCSsWfT7wdOetSni3OV0mrNgho,DboXcHUzjiTnEyfVzMA8hgefX2B7suIPftuPWSyq,I9zyEumkNRxIzJ9lhMe24gjeuA05krtaF8GygUHD,MOx9AM3J6rnEQQJCSsWfT7wdOetSni3OV0mrNgho,MOx9AM3J6rnEQQJCSsWfT7wdOetSni3OV0mrNgho
neo9uYRJVawyUm1nyXvQrJxwVqapvXp6gVg6kwxr,I9zyEumkNRxIzJ9lhMe24gjeuA05krtaF8GygUHD,G97yzpX8HPnbmrVEC0Aoz2si9mlAiCfZmduqw99n,BR0isoSnDlgTmIqukAORkXTz6C9ABpEWp1Yw4Fx6,I9zyEumkNRxIzJ9lhMe24gjeuA05krtaF8GygUHD,I9zyEumkNRxIzJ9lhMe24gjeuA05krtaF8GygUHD
G97yzpX8HPnbmrVEC0Aoz2si9mlAiCfZmduqw99n,BR0isoSnDlgTmIqukAORkXTz6C9ABpEWp1Yw4Fx6,MOx9AM3J6rnEQQJCSsWfT7wdOetSni3OV0mrNgho,0tSt4SUsOj8fKBL2OwFTAz878S85snjiNnAx7n8z,BR0isoSnDlgTmIqukAORkXTz6C9ABpEWp1Yw4Fx6,BR0isoSnDlgTmIqukAORkXTz6C9ABpEWp1Yw4Fx6
MOx9AM3J6rnEQQJCSsWfT7wdOetSni3OV0mrNgho,0tSt4SUsOj8fKBL2OwFTAz878S85snjiNnAx7n8z,I9zyEumkNRxIzJ9lhMe24gjeuA05krtaF8GygUHD,hBG5vMBqkXoKVhe5nKFmfjAVyNoGHSr22VXcrkoN,0tSt4SUsOj8fKBL2OwFTAz878S85snjiNnAx7n8z,0tSt4SUsOj8fKBL2OwFTAz878S85snjiNnAx7n8z
I9zyEumkNRxIzJ9lhMe24gjeuA05krtaF8GygUHD,hBG5vMBqkXoKVhe5nKFmfjAVyNoGHSr22VXcrkoN,BR0isoSnDlgTmIqukAORkXTz6C9ABpEWp1Yw4Fx6,G0PLr6xT9E96wJTJXQDNB728J4rHnKFKya5jIcwT,hBG5vMBqkXoKVhe5nKFmfjAVyNoGHSr22VXcrkoN,G97yzpX8HPnbmrVEC0Aoz2si9mlAiCfZmduqw99n
BR0isoSnDlgTmIqukAORkXTz6C9ABpEWp1Yw4Fx6,G0PLr6xT9E96wJTJXQDNB728J4rHnKFKya5jIcwT,0tSt4SUsOj8fKBL2OwFTAz878S85snjiNnAx7n8z,G97yzpX8HPnbmrVEC0Aoz2si9mlAiCfZmduqw99n,G97yzpX8HPnbmrVEC0Aoz2si9mlAiCfZmduqw99n,MOx9AM3J6rnEQQJCSsWfT7wdOetSni3OV0mrNgho
0tSt4SUsOj8fKBL2OwFTAz878S85snjiNnAx7n8z,DboXcHUzjiTnEyfVzMA8hgefX2B7suIPftuPWSyq,hBG5vMBqkXoKVhe5nKFmfjAVyNoGHSr22VXcrkoN,MOx9AM3J6rnEQQJCSsWfT7wdOetSni3OV0mrNgho,MOx9AM3J6rnEQQJCSsWfT7wdOetSni3OV0mrNgho,I9zyEumkNRxIzJ9lhMe24gjeuA05krtaF8GygUHD
hBG5vMBqkXoKVhe5nKFmfjAVyNoGHSr22VXcrkoN,neo9uYRJVawyUm1nyXvQrJxwVqapvXp6gVg6kwxr,G0PLr6xT9E96wJTJXQDNB728J4rHnKFKya5jIcwT,I9zyEumkNRxIzJ9lhMe24gjeuA05krtaF8GygUHD,I9zyEumkNRxIzJ9lhMe24gjeuA05krtaF8GygUHD,BR0isoSnDlgTmIqukAORkXTz6C9ABpEWp1Yw4Fx6
G0PLr6xT9E96wJTJXQDNB728J4rHnKFKya5jIcwT,nOgJEtffp9e3P1qN9pqUrIZB0WQ9VIdptmx5wtia,DboXcHUzjiTnEyfVzMA8hgefX2B7suIPftuPWSyq,BR0isoSnDlgTmIqukAORkXTz6C9ABpEWp1Yw4Fx6,BR0isoSnDlgTmIqukAORkXTz6C9ABpEWp1Yw4Fx6,0tSt4SUsOj8fKBL2OwFTAz878S85snjiNnAx7n8z
DboXcHUzjiTnEyfVzMA8hgefX2B7suIPftuPWSyq,G97yzpX8HPnbmrVEC0Aoz2si9mlAiCfZmduqw99n,G97yzpX8HPnbmrVEC0Aoz2si9mlAiCfZmduqw99n,0tSt4SUsOj8fKBL2OwFTAz878S85snjiNnAx7n8z,0tSt4SUsOj8fKBL2OwFTAz878S85snjiNnAx7n8z,G97yzpX8HPnbmrVEC0Aoz2si9mlAiCfZmduqw99n
neo9uYRJVawyUm1nyXvQrJxwVqapvXp6gVg6kwxr,MOx9AM3J6rnEQQJCSsWfT7wdOetSni3OV0mrNgho,MOx9AM3J6rnEQQJCSsWfT7wdOetSni3OV0mrNgho,hBG5vMBqkXoKVhe5nKFmfjAVyNoGHSr22VXcrkoN,hBG5vMBqkXoKVhe5nKFmfjAVyNoGHSr22VXcrkoN,MOx9AM3J6rnEQQJCSsWfT7wdOetSni3OV0mrNgho
G97yzpX8HPnbmrVEC0Aoz2si9mlAiCfZmduqw99n,I9zyEumkNRxIzJ9lhMe24gjeuA05krtaF8GygUHD,I9zyEumkNRxIzJ9lhMe24gjeuA05krtaF8GygUHD,G0PLr6xT9E96wJTJXQDNB728J4rHnKFKya5jIcwT,G97yzpX8HPnbmrVEC0Aoz2si9mlAiCfZmduqw99n,I9zyEumkNRxIzJ9lhMe24gjeuA05krtaF8GygUHD
MOx9AM3J6rnEQQJCSsWfT7wdOetSni3OV0mrNgho,BR0isoSnDlgTmIqukAORkXTz6C9ABpEWp1Yw4Fx6,BR0isoSnDlgTmIqukAORkXTz6C9ABpEWp1Yw4Fx6,G97yzpX8HPnbmrVEC0Aoz2si9mlAiCfZmduqw99n,MOx9AM3J6rnEQQJCSsWfT7wdOetSni3OV0mrNgho,BR0isoSnDlgTmIqukAORkXTz6C9ABpEWp1Yw4Fx6
I9zyEumkNRxIzJ9lhMe24gjeuA05krtaF8GygUHD,0tSt4SUsOj8fKBL2OwFTAz878S85snjiNnAx7n8z,0tSt4SUsOj8fKBL2OwFTAz878S85snjiNnAx7n8z,MOx9AM3J6rnEQQJCSsWfT7wdOetSni3OV0mrNgho,I9zyEumkNRxIzJ9lhMe24gjeuA05krtaF8GygUHD,0tSt4SUsOj8fKBL2OwFTAz878S85snjiNnAx7n8z
BR0isoSnDlgTmIqukAORkXTz6C9ABpEWp1Yw4Fx6,hBG5vMBqkXoKVhe5nKFmfjAVyNoGHSr22VXcrkoN,hBG5vMBqkXoKVhe5nKFmfjAVyNoGHSr22VXcrkoN,I9zyEumkNRxIzJ9lhMe24gjeuA05krtaF8GygUHD,BR0isoSnDlgTmIqukAORkXTz6C9ABpEWp1Yw4Fx6,G97yzpX8HPnbmrVEC0Aoz2si9mlAiCfZmduqw99n
0tSt4SUsOj8fKBL2OwFTAz878S85snjiNnAx7n8z,G0PLr6xT9E96wJTJXQDNB728J4rHnKFKya5jIcwT,G0PLr6xT9E96wJTJXQDNB728J4rHnKFKya5jIcwT,BR0isoSnDlgTmIqukAORkXTz6C9ABpEWp1Yw4Fx6,0tSt4SUsOj8fKBL2OwFTAz878S85snjiNnAx7n8z,MOx9AM3J6rnEQQJCSsWfT7wdOetSni3OV0mrNgho
hBG5vMBqkXoKVhe5nKFmfjAVyNoGHSr22VXcrkoN,DboXcHUzjiTnEyfVzMA8hgefX2B7suIPftuPWSyq,DboXcHUzjiTnEyfVzMA8hgefX2B7suIPftuPWSyq,0tSt4SUsOj8fKBL2OwFTAz878S85snjiNnAx7n8z,hBG5vMBqkXoKVhe5nKFmfjAVyNoGHSr22VXcrkoN,I9zyEumkNRxIzJ9lhMe24gjeuA05krtaF8GygUHD
G0PLr6xT9E96wJTJXQDNB728J4rHnKFKya5jIcwT,neo9uYRJVawyUm1nyXvQrJxwVqapvXp6gVg6kwxr,G97yzpX8HPnbmrVEC0Aoz2si9mlAiCfZmduqw99n,hBG5vMBqkXoKVhe5nKFmfjAVyNoGHSr22VXcrkoN,G97yzpX8HPnbmrVEC0Aoz2si9mlAiCfZmduqw99n,BR0isoSnDlgTmIqukAORkXTz6C9ABpEWp1Yw4Fx6
DboXcHUzjiTnEyfVzMA8hgefX2B7suIPftuPWSyq,nOgJEtffp9e3P1qN9pqUrIZB0WQ9VIdptmx5wtia,MOx9AM3J6rnEQQJCSsWfT7wdOetSni3OV0mrNgho,G0PLr6xT9E96wJTJXQDNB728J4rHnKFKya5jIcwT,MOx9AM3J6rnEQQJCSsWfT7wdOetSni3OV0mrNgho,0tSt4SUsOj8fKBL2OwFTAz878S85snjiNnAx7n8z
neo9uYRJVawyUm1nyXvQrJxwVqapvXp6gVg6kwxr,G97yzpX8HPnbmrVEC0Aoz2si9mlAiCfZmduqw99n,I9zyEumkNRxIzJ9lhMe24gjeuA05krtaF8GygUHD,G97yzpX8HPnbmrVEC0Aoz2si9mlAiCfZmduqw99n,I9zyEumkNRxIzJ9lhMe24gjeuA05krtaF8GygUHD,G97yzpX8HPnbmrVEC0Aoz2si9mlAiCfZmduqw99n
G97yzpX8HPnbmrVEC0Aoz2si9mlAiCfZmduqw99n,MOx9AM3J6rnEQQJCSsWfT7wdOetSni3OV0mrNgho,BR0isoSnDlgTmIqukAORkXTz6C9ABpEWp1Yw4Fx6,MOx9AM3J6rnEQQJCSsWfT7wdOetSni3OV0mrNgho,BR0isoSnDlgTmIqukAORkXTz6C9ABpEWp1Yw4Fx6,MOx9AM3J6rnEQQJCSsWfT7wdOetSni3OV0mrNgho
MOx9AM3J6rnEQQJCSsWfT7wdOetSni3OV0mrNgho,I9zyEumkNRxIzJ9lhMe24gjeuA05krtaF8GygUHD,0tSt4SUsOj8fKBL2OwFTAz878S85snjiNnAx7n8z,I9zyEumkNRxIzJ9lhMe24gjeuA05krtaF8GygUHD,0tSt4SUsOj8fKBL2OwFTAz878S85snjiNnAx7n8z,I9zyEumkNRxIzJ9lhMe24gjeuA05krtaF8GygUHD
I9zyEumkNRxIzJ9lhMe24gjeuA05krtaF8GygUHD,BR0isoSnDlgTmIqukAORkXTz6C9ABpEWp1Yw4Fx6,hBG5vMBqkXoKVhe5nKFmfjAVyNoGHSr22VXcrkoN,BR0isoSnDlgTmIqukAORkXTz6C9ABpEWp1Yw4Fx6,hBG5vMBqkXoKVhe5nKFmfjAVyNoGHSr22VXcrkoN,BR0isoSnDlgTmIqukAORkXTz6C9ABpEWp1Yw4Fx6
BR0isoSnDlgTmIqukAORkXTz6C9ABpEWp1Yw4Fx6,0tSt4SUsOj8fKBL2OwFTAz878S85snjiNnAx7n8z,G0PLr6xT9E96wJTJXQDNB728J4rHnKFKya5jIcwT,0tSt4SUsOj8fKBL2OwFTAz878S85snjiNnAx7n8z,G97yzpX8HPnbmrVEC0Aoz2si9mlAiCfZmduqw99n,0tSt4SUsOj8fKBL2OwFTAz878S85snjiNnAx7n8z
0tSt4SUsOj8fKBL2OwFTAz878S85snjiNnAx7n8z,hBG5vMBqkXoKVhe5nKFmfjAVyNoGHSr22VXcrkoN,DboXcHUzjiTnEyfVzMA8hgefX2B7suIPftuPWSyq,hBG5vMBqkXoKVhe5nKFmfjAVyNoGHSr22VXcrkoN,MOx9AM3J6rnEQQJCSsWfT7wdOetSni3OV0mrNgho,G97yzpX8HPnbmrVEC0Aoz2si9mlAiCfZmduqw99n
hBG5vMBqkXoKVhe5nKFmfjAVyNoGHSr22VXcrkoN,G0PLr6xT9E96wJTJXQDNB728J4rHnKFKya5jIcwT,G97yzpX8HPnbmrVEC0Aoz2si9mlAiCfZmduqw99n,G0PLr6xT9E96wJTJXQDNB728J4rHnKFKya5jIcwT,I9zyEumkNRxIzJ9lhMe24gjeuA05krtaF8GygUHD,MOx9AM3J6rnEQQJCSsWfT7wdOetSni3OV0mrNgho
G0PLr6xT9E96wJTJXQDNB728J4rHnKFKya5jIcwT,DboXcHUzjiTnEyfVzMA8hgefX2B7suIPftuPWSyq,MOx9AM3J6rnEQQJCSsWfT7wdOetSni3OV0mrNgho,G97yzpX8HPnbmrVEC0Aoz2si9mlAiCfZmduqw99n,BR0isoSnDlgTmIqukAORkXTz6C9ABpEWp1Yw4Fx6,I9zyEumkNRxIzJ9lhMe24gjeuA05krtaF8GygUHD
DboXcHUzjiTnEyfVzMA8hgefX2B7suIPftuPWSyq,neo9uYRJVawyUm1nyXvQrJxwVqapvXp6gVg6kwxr,I9zyEumkNRxIzJ9lhMe24gjeuA05krtaF8GygUHD,MOx9AM3J6rnEQQJCSsWfT7wdOetSni3OV0mrNgho,0tSt4SUsOj8fKBL2OwFTAz878S85snjiNnAx7n8z,BR0isoSnDlgTmIqukAORkXTz6C9ABpEWp1Yw4Fx6
neo9uYRJVawyUm1nyXvQrJxwVqapvXp6gVg6kwxr,nOgJEtffp9e3P1qN9pqUrIZB0WQ9VIdptmx5wtia,BR0isoSnDlgTmIqukAORkXTz6C9ABpEWp1Yw4Fx6,I9zyEumkNRxIzJ9lhMe24gjeuA05krtaF8GygUHD,hBG5vMBqkXoKVhe5nKFmfjAVyNoGHSr22VXcrkoN,0tSt4SUsOj8fKBL2OwFTAz878S85snjiNnAx7n8z
G97yzpX8HPnbmrVEC0Aoz2si9mlAiCfZmduqw99n,G97yzpX8HPnbmrVEC0Aoz2si9mlAiCfZmduqw99n,0tSt4SUsOj8fKBL2OwFTAz878S85snjiNnAx7n8z,BR0isoSnDlgTmIqukAORkXTz6C9ABpEWp1Yw4Fx6,G97yzpX8HPnbmrVEC0Aoz2si9mlAiCfZmduqw99n,G97yzpX8HPnbmrVEC0Aoz2si9mlAiCfZmduqw99n
MOx9AM3J6rnEQQJCSsWfT7wdOetSni3OV0mrNgho,MOx9AM3J6rnEQQJCSsWfT7wdOetSni3OV0mrNgho,hBG5vMBqkXoKVhe5nKFmfjAVyNoGHSr22VXcrkoN,0tSt4SUsOj8fKBL2OwFTAz878S85snjiNnAx7n8z,MOx9AM3J6rnEQQJCSsWfT7wdOetSni3OV0mrNgho,MOx9AM3J6rnEQQJCSsWfT7wdOetSni3OV0mrNgho
I9zyEumkNRxIzJ9lhMe24gjeuA05krtaF8GygUHD,I9zyEumkNRxIzJ9lhMe24gjeuA05krtaF8GygUHD,G0PLr6xT9E96wJTJXQDNB728J4rHnKFKya5jIcwT,hBG5vMBqkXoKVhe5nKFmfjAVyNoGHSr22VXcrkoN,I9zyEumkNRxIzJ9lhMe24gjeuA05krtaF8GygUHD,I9zyEumkNRxIzJ9lhMe24gjeuA05krtaF8GygUHD
BR0isoSnDlgTmIqukAORkXTz6C9ABpEWp1Yw4Fx6,BR0isoSnDlgTmIqukAORkXTz6C9ABpEWp1Yw4Fx6,DboXcHUzjiTnEyfVzMA8hgefX2B7suIPftuPWSyq,G0PLr6xT9E96wJTJXQDNB728J4rHnKFKya5jIcwT,BR0isoSnDlgTmIqukAORkXTz6C9ABpEWp1Yw4Fx6,BR0isoSnDlgTmIqukAORkXTz6C9ABpEWp1Yw4Fx6
0tSt4SUsOj8fKBL2OwFTAz878S85snjiNnAx7n8z,0tSt4SUsOj8fKBL2OwFTAz878S85snjiNnAx7n8z,G97yzpX8HPnbmrVEC0Aoz2si9mlAiCfZmduqw99n,G97yzpX8HPnbmrVEC0Aoz2si9mlAiCfZmduqw99n,0tSt4SUsOj8fKBL2OwFTAz878S85snjiNnAx7n8z,0tSt4SUsOj8fKBL2OwFTAz878S85snjiNnAx7n8z
hBG5vMBqkXoKVhe5nKFmfjAVyNoGHSr22VXcrkoN,hBG5vMBqkXoKVhe5nKFmfjAVyNoGHSr22VXcrkoN,MOx9AM3J6rnEQQJCSsWfT7wdOetSni3OV0mrNgho,MOx9AM3J6rnEQQJCSsWfT7wdOetSni3OV0mrNgho,hBG5vMBqkXoKVhe5nKFmfjAVyNoGHSr22VXcrkoN,G97yzpX8HPnbmrVEC0Aoz2si9mlAiCfZmduqw99n
G0PLr6xT9E96wJTJXQDNB728J4rHnKFKya5jIcwT,G0PLr6xT9E96wJTJXQDNB728J4rHnKFKya5jIcwT,I9zyEumkNRxIzJ9lhMe24gjeuA05krtaF8GygUHD,I9zyEumkNRxIzJ9lhMe24gjeuA05krtaF8GygUHD,G97yzpX8HPnbmrVEC0Aoz2si9mlAiCfZmduqw99n,MOx9AM3J6rnEQQJCSsWfT7wdOetSni3OV0mrNgho
DboXcHUzjiTnEyfVzMA8hgefX2B7suIPftuPWSyq,DboXcHUzjiTnEyfVzMA8hgefX2B7suIPftuPWSyq,BR0isoSnDlgTmIqukAORkXTz6C9ABpEWp1Yw4Fx6,BR0isoSnDlgTmIqukAORkXTz6C9ABpEWp1Yw4Fx6,MOx9AM3J6rnEQQJCSsWfT7wdOetSni3OV0mrNgho,I9zyEumkNRxIzJ9lhMe24gjeuA05krtaF8GygUHD
neo9uYRJVawyUm1nyXvQrJxwVqapvXp6gVg6kwxr,neo9uYRJVawyUm1nyXvQrJxwVqapvXp6gVg6kwxr,0tSt4SUsOj8fKBL2OwFTAz878S85snjiNnAx7n8z,0tSt4SUsOj8fKBL2OwFTAz878S85snjiNnAx7n8z,I9zyEumkNRxIzJ9lhMe24gjeuA05krtaF8GygUHD,BR0isoSnDlgTmIqukAORkXTz6C9ABpEWp1Yw4Fx6
G97yzpX8HPnbmrVEC0Aoz2si9mlAiCfZmduqw99n,nOgJEtffp9e3P1qN9pqUrIZB0WQ9VIdptmx5wtia,hBG5vMBqkXoKVhe5nKFmfjAVyNoGHSr22VXcrkoN,hBG5vMBqkXoKVhe5nKFmfjAVyNoGHSr22VXcrkoN,BR0isoSnDlgTmIqukAORkXTz6C9ABpEWp1Yw4Fx6,0tSt4SUsOj8fKBL2OwFTAz878S85snjiNnAx7n8z
MOx9AM3J6rnEQQJCSsWfT7wdOetSni3OV0mrNgho,G97yzpX8HPnbmrVEC0Aoz2si9mlAiCfZmduqw99n,G0PLr6xT9E96wJTJXQDNB728J4rHnKFKya5jIcwT,G0PLr6xT9E96wJTJXQDNB728J4rHnKFKya5jIcwT,0tSt4SUsOj8fKBL2OwFTAz878S85snjiNnAx7n8z,G97yzpX8HPnbmrVEC0Aoz2si9mlAiCfZmduqw99n
I9zyEumkNRxIzJ9lhMe24gjeuA05krtaF8GygUHD,MOx9AM3J6rnEQQJCSsWfT7wdOetSni3OV0mrNgho,DboXcHUzjiTnEyfVzMA8hgefX2B7suIPftuPWSyq,G97yzpX8HPnbmrVEC0Aoz2si9mlAiCfZmduqw99n,hBG5vMBqkXoKVhe5nKFmfjAVyNoGHSr22VXcrkoN,MOx9AM3J6rnEQQJCSsWfT7wdOetSni3OV0mrNgho
BR0isoSnDlgTmIqukAORkXTz6C9ABpEWp1Yw4Fx6,I9zyEumkNRxIzJ9lhMe24gjeuA05krtaF8GygUHD,G97yzpX8HPnbmrVEC0Aoz2si9mlAiCfZmduqw99n,MOx9AM3J6rnEQQJCSsWfT7wdOetSni3OV0mrNgho,G97yzpX8HPnbmrVEC0Aoz2si9mlAiCfZmduqw99n,I9zyEumkNRxIzJ9lhMe24gjeuA05krtaF8GygUHD
0tSt4SUsOj8fKBL2OwFTAz878S85snjiNnAx7n8z,BR0isoSnDlgTmIqukAORkXTz6C9ABpEWp1Yw4Fx6,MOx9AM3J6rnEQQJCSsWfT7wdOetSni3OV0mrNgho,I9zyEumkNRxIzJ9lhMe24gjeuA05krtaF8GygUHD,MOx9AM3J6rnEQQJCSsWfT7wdOetSni3OV0mrNgho,BR0isoSnDlgTmIqukAORkXTz6C9ABpEWp1Yw4Fx6
hBG5vMBqkXoKVhe5nKFmfjAVyNoGHSr22VXcrkoN,0tSt4SUsOj8fKBL2OwFTAz878S85snjiNnAx7n8z,I9zyEumkNRxIzJ9lhMe24gjeuA05krtaF8GygUHD,BR0isoSnDlgTmIqukAORkXTz6C9ABpEWp1Yw4Fx6,I9zyEumkNRxIzJ9lhMe24gjeuA05krtaF8GygUHD,0tSt4SUsOj8fKBL2OwFTAz878S85snjiNnAx7n8z
G0PLr6xT9E96wJTJXQDNB728J4rHnKFKya5jIcwT,hBG5vMBqkXoKVhe5nKFmfjAVyNoGHSr22VXcrkoN,BR0isoSnDlgTmIqukAORkXTz6C9ABpEWp1Yw4Fx6,0tSt4SUsOj8fKBL2OwFTAz878S85snjiNnAx7n8z,BR0isoSnDlgTmIqukAORkXTz6C9ABpEWp1Yw4Fx6,G97yzpX8HPnbmrVEC0Aoz2si9mlAiCfZmduqw99n
DboXcHUzjiTnEyfVzMA8hgefX2B7suIPftuPWSyq,G0PLr6xT9E96wJTJXQDNB728J4rHnKFKya5jIcwT,0tSt4SUsOj8fKBL2OwFTAz878S85snjiNnAx7n8z,hBG5vMBqkXoKVhe5nKFmfjAVyNoGHSr22VXcrkoN,0tSt4SUsOj8fKBL2OwFTAz878S85snjiNnAx7n8z,MOx9AM3J6rnEQQJCSsWfT7wdOetSni3OV0mrNgho
neo9uYRJVawyUm1nyXvQrJxwVqapvXp6gVg6kwxr,DboXcHUzjiTnEyfVzMA8hgefX2B7suIPftuPWSyq,hBG5vMBqkXoKVhe5nKFmfjAVyNoGHSr22VXcrkoN,G0PLr6xT9E96wJTJXQDNB728J4rHnKFKya5jIcwT,hBG5vMBqkXoKVhe5nKFmfjAVyNoGHSr22VXcrkoN,I9zyEumkNRxIzJ9lhMe24gjeuA05krtaF8GygUHD
G97yzpX8HPnbmrVEC0Aoz2si9mlAiCfZmduqw99n,neo9uYRJVawyUm1nyXvQrJxwVqapvXp6gVg6kwxr,G0PLr6xT9E96wJTJXQDNB728J4rHnKFKya5jIcwT,G97yzpX8HPnbmrVEC0Aoz2si9mlAiCfZmduqw99n,G97yzpX8HPnbmrVEC0Aoz2si9mlAiCfZmduqw99n,BR0isoSnDlgTmIqukAORkXTz6C9ABpEWp1Yw4Fx6
MOx9AM3J6rnEQQJCSsWfT7wdOetSni3OV0mrNgho,nOgJEtffp9e3P1qN9pqUrIZB0WQ9VIdptmx5wtia,DboXcHUzjiTnEyfVzMA8hgefX2B7suIPftuPWSyq,MOx9AM3J6rnEQQJCSsWfT7wdOetSni3OV0mrNgho,MOx9AM3J6rnEQQJCSsWfT7wdOetSni3OV0mrNgho,0tSt4SUsOj8fKBL2OwFTAz878S85snjiNnAx7n8z
I9zyEumkNRxIzJ9lhMe24gjeuA05krtaF8GygUHD,G97yzpX8HPnbmrVEC0Aoz2si9mlAiCfZmduqw99n,G97yzpX8HPnbmrVEC0Aoz2si9mlAiCfZmduqw99n,I9zyEumkNRxIzJ9lhMe24gjeuA05krtaF8GygUHD,I9zyEumkNRxIzJ9lhMe24gjeuA05krtaF8GygUHD,G97yzpX8HPnbmrVEC0Aoz2si9mlAiCfZmduqw99n
BR0isoSnDlgTmIqukAORkXTz6C9ABpEWp1Yw4Fx6,MOx9AM3J6rnEQQJCSsWfT7wdOetSni3OV0mrNgho,MOx9AM3J6rnEQQJCSsWfT7wdOetSni3OV0mrNgho,BR0isoSnDlgTmIqukAORkXTz6C9ABpEWp1Yw4Fx6,BR0isoSnDlgTmIqukAORkXTz6C9ABpEWp1Yw4Fx6,MOx9AM3J6rnEQQJCSsWfT7wdOetSni3OV0mrNgho
0tSt4SUsOj8fKBL2OwFTAz878S85snjiNnAx7n8z,I9zyEumkNRxIzJ9lhMe24gjeuA05krtaF8GygUHD,I9zyEumkNRxIzJ9lhMe24gjeuA05krtaF8GygUHD,0tSt4SUsOj8fKBL2OwFTAz878S85snjiNnAx7n8z,0tSt4SUsOj8fKBL2OwFTAz878S85snjiNnAx7n8z,I9zyEumkNRxIzJ9lhMe24gjeuA05krtaF8GygUHD
hBG5vMBqkXoKVhe5nKFmfjAVyNoGHSr22VXcrkoN,BR0isoSnDlgTmIqukAORkXTz6C9ABpEWp1Yw4Fx6,BR0isoSnDlgTmIqukAORkXTz6C9ABpEWp1Yw4Fx6,hBG5vMBqkXoKVhe5nKFmfjAVyNoGHSr22VXcrkoN,hBG5vMBqkXoKVhe5nKFmfjAVyNoGHSr22VXcrkoN,BR0isoSnDlgTmIqukAORkXTz6C9ABpEWp1Yw4Fx6
G0PLr6xT9E96wJTJXQDNB728J4rHnKFKya5jIcwT,0tSt4SUsOj8fKBL2OwFTAz878S85snjiNnAx7n8z,0tSt4SUsOj8fKBL2OwFTAz878S85snjiNnAx7n8z,G0PLr6xT9E96wJTJXQDNB728J4rHnKFKya5jIcwT,G97yzpX8HPnbmrVEC0Aoz2si9mlAiCfZmduqw99n,0tSt4SUsOj8fKBL2OwFTAz878S85snjiNnAx7n8z
DboXcHUzjiTnEyfVzMA8hgefX2B7suIPftuPWSyq,hBG5vMBqkXoKVhe5nKFmfjAVyNoGHSr22VXcrkoN,hBG5vMBqkXoKVhe5nKFmfjAVyNoGHSr22VXcrkoN,G97yzpX8HPnbmrVEC0Aoz2si9mlAiCfZmduqw99n,MOx9AM3J6rnEQQJCSsWfT7wdOetSni3OV0mrNgho,G97yzpX8HPnbmrVEC0Aoz2si9mlAiCfZmduqw99n
neo9uYRJVawyUm1nyXvQrJxwVqapvXp6gVg6kwxr,G0PLr6xT9E96wJTJXQDNB728J4rHnKFKya5jIcwT,G0PLr6xT9E96wJTJXQDNB728J4rHnKFKya5jIcwT,MOx9AM3J6rnEQQJCSsWfT7wdOetSni3OV0mrNgho,I9zyEumkNRxIzJ9lhMe24gjeuA05krtaF8GygUHD,MOx9AM3J6rnEQQJCSsWfT7wdOetSni3OV0mrNgho
G97yzpX8HPnbmrVEC0Aoz2si9mlAiCfZmduqw99n,DboXcHUzjiTnEyfVzMA8hgefX2B7suIPftuPWSyq,DboXcHUzjiTnEyfVzMA8hgefX2B7suIPftuPWSyq,I9zyEumkNRxIzJ9lhMe24gjeuA05krtaF8GygUHD,BR0isoSnDlgTmIqukAORkXTz6C9ABpEWp1Yw4Fx6,I9zyEumkNRxIzJ9lhMe24gjeuA05krtaF8GygUHD
MOx9AM3J6rnEQQJCSsWfT7wdOetSni3OV0mrNgho,neo9uYRJVawyUm1nyXvQrJxwVqapvXp6gVg6kwxr,G97yzpX8HPnbmrVEC0Aoz2si9mlAiCfZmduqw99n,BR0isoSnDlgTmIqukAORkXTz6C9ABpEWp1Yw4Fx6,0tSt4SUsOj8fKBL2OwFTAz878S85snjiNnAx7n8z,BR0isoSnDlgTmIqukAORkXTz6C9ABpEWp1Yw4Fx6
I9zyEumkNRxIzJ9lhMe24gjeuA05krtaF8GygUHD,nOgJEtffp9e3P1qN9pqUrIZB0WQ9VIdptmx5wtia,MOx9AM3J6rnEQQJCSsWfT7wdOetSni3OV0mrNgho,0tSt4SUsOj8fKBL2OwFTAz878S85snjiNnAx7n8z,hBG5vMBqkXoKVhe5nKFmfjAVyNoGHSr22VXcrkoN,0tSt4SUsOj8fKBL2OwFTAz878S85snjiNnAx7n8z
BR0isoSnDlgTmIqukAORkXTz6C9ABpEWp1Yw4Fx6,G97yzpX8HPnbmrVEC0Aoz2si9mlAiCfZmduqw99n,I9zyEumkNRxIzJ9lhMe24gjeuA05krtaF8GygUHD,hBG5vMBqkXoKVhe5nKFmfjAVyNoGHSr22VXcrkoN,G97yzpX8HPnbmrVEC0Aoz2si9mlAiCfZmduqw99n,G97yzpX8HPnbmrVEC0Aoz2si9mlAiCfZmduqw99n
0tSt4SUsOj8fKBL2OwFTAz878S85snjiNnAx7n8z,MOx9AM3J6rnEQQJCSsWfT7wdOetSni3OV0mrNgho,BR0isoSnDlgTmIqukAORkXTz6C9ABpEWp1Yw4Fx6,G0PLr6xT9E96wJTJXQDNB728J4rHnKFKya5jIcwT,MOx9AM3J6rnEQQJCSsWfT7wdOetSni3OV0mrNgho,MOx9AM3J6rnEQQJCSsWfT7wdOetSni3OV0mrNgho
hBG5vMBqkXoKVhe5nKFmfjAVyNoGHSr22VXcrkoN,I9zyEumkNRxIzJ9lhMe24gjeuA05krtaF8GygUHD,0tSt4SUsOj8fKBL2OwFTAz878S85snjiNnAx7n8z,G97yzpX8HPnbmrVEC0Aoz2si9mlAiCfZmduqw99n,I9zyEumkNRxIzJ9lhMe24gjeuA05krtaF8GygUHD,I9zyEumkNRxIzJ9lhMe24gjeuA05krtaF8GygUHD
G0PLr6xT9E96wJTJXQDNB728J4rHnKFKya5jIcwT,BR0isoSnDlgTmIqukAORkXTz6C9ABpEWp1Yw4Fx6,hBG5vMBqkXoKVhe5nKFmfjAVyNoGHSr22VXcrkoN,MOx9AM3J6rnEQQJCSsWfT7wdOetSni3OV0mrNgho,BR0isoSnDlgTmIqukAORkXTz6C9ABpEWp1Yw4Fx6,BR0isoSnDlgTmIqukAORkXTz6C9ABpEWp1Yw4Fx6
DboXcHUzjiTnEyfVzMA8hgefX2B7suIPftuPWSyq,0tSt4SUsOj8fKBL2OwFTAz878S85snjiNnAx7n8z,G0PLr6xT9E96wJTJXQDNB728J4rHnKFKya5jIcwT,I9zyEumkNRxIzJ9lhMe24gjeuA05krtaF8GygUHD,0tSt4SUsOj8fKBL2OwFTAz878S85snjiNnAx7n8z,0tSt4SUsOj8fKBL2OwFTAz878S85snjiNnAx7n8z
neo9uYRJVawyUm1nyXvQrJxwVqapvXp6gVg6kwxr,hBG5vMBqkXoKVhe5nKFmfjAVyNoGHSr22VXcrkoN,DboXcHUzjiTnEyfVzMA8hgefX2B7suIPftuPWSyq,BR0isoSnDlgTmIqukAORkXTz6C9ABpEWp1Yw4Fx6,hBG5vMBqkXoKVhe5nKFmfjAVyNoGHSr22VXcrkoN,G97yzpX8HPnbmrVEC0Aoz2si9mlAiCfZmduqw99n
G97yzpX8HPnbmrVEC0Aoz2si9mlAiCfZmduqw99n,G0PLr6xT9E96wJTJXQDNB728J4rHnKFKya5jIcwT,G97yzpX8HPnbmrVEC0Aoz2si9mlAiCfZmduqw99n,0tSt4SUsOj8fKBL2OwFTAz878S85snjiNnAx7n8z,G97yzpX8HPnbmrVEC0Aoz2si9mlAiCfZmduqw99n,MOx9AM3J6rnEQQJCSsWfT7wdOetSni3OV0mrNgho
MOx9AM3J6rnEQQJCSsWfT7wdOetSni3OV0mrNgho,DboXcHUzjiTnEyfVzMA8hgefX2B7suIPftuPWSyq,MOx9AM3J6rnEQQJCSsWfT7wdOetSni3OV0mrNgho,hBG5vMBqkXoKVhe5nKFmfjAVyNoGHSr22VXcrkoN,MOx9AM3J6rnEQQJCSsWfT7wdOetSni3OV0mrNgho,I9zyEumkNRxIzJ9lhMe24gjeuA05krtaF8GygUHD
I9zyEumkNRxIzJ9lhMe24gjeuA05krtaF8GygUHD,neo9uYRJVawyUm1nyXvQrJxwVqapvXp6gVg6kwxr,I9zyEumkNRxIzJ9lhMe24gjeuA05krtaF8GygUHD,G0PLr6xT9E96wJTJXQDNB728J4rHnKFKya5jIcwT,I9zyEumkNRxIzJ9lhMe24gjeuA05krtaF8GygUHD,BR0isoSnDlgTmIqukAORkXTz6C9ABpEWp1Yw4Fx6
BR0isoSnDlgTmIqukAORkXTz6C9ABpEWp1Yw4Fx6,nOgJEtffp9e3P1qN9pqUrIZB0WQ9VIdptmx5wtia,BR0isoSnDlgTmIqukAORkXTz6C9ABpEWp1Yw4Fx6,G97yzpX8HPnbmrVEC0Aoz2si9mlAiCfZmduqw99n,BR0isoSnDlgTmIqukAORkXTz6C9ABpEWp1Yw4Fx6,0tSt4SUsOj8fKBL2OwFTAz878S85snjiNnAx7n8z
0tSt4SUsOj8fKBL2OwFTAz878S85snjiNnAx7n8z,G97yzpX8HPnbmrVEC0Aoz2si9mlAiCfZmduqw99n,0tSt4SUsOj8fKBL2OwFTAz878S85snjiNnAx7n8z,MOx9AM3J6rnEQQJCSsWfT7wdOetSni3OV0mrNgho,0tSt4SUsOj8fKBL2OwFTAz878S85snjiNnAx7n8z,G97yzpX8HPnbmrVEC0Aoz2si9mlAiCfZmduqw99n
hBG5vMBqkXoKVhe5nKFmfjAVyNoGHSr22VXcrkoN,MOx9AM3J6rnEQQJCSsWfT7wdOetSni3OV0mrNgho,hBG5vMBqkXoKVhe5nKFmfjAVyNoGHSr22VXcrkoN,I9zyEumkNRxIzJ9lhMe24gjeuA05krtaF8GygUHD,hBG5vMBqkXoKVhe5nKFmfjAVyNoGHSr22VXcrkoN,MOx9AM3J6rnEQQJCSsWfT7wdOetSni3OV0mrNgho
G0PLr6xT9E96wJTJXQDNB728J4rHnKFKya5jIcwT,I9zyEumkNRxIzJ9lhMe24gjeuA05krtaF8GygUHD,G0PLr6xT9E96wJTJXQDNB728J4rHnKFKya5jIcwT,BR0isoSnDlgTmIqukAORkXTz6C9ABpEWp1Yw4Fx6,G97yzpX8HPnbmrVEC0Aoz2si9mlAiCfZmduqw99n,I9zyEumkNRxIzJ9lhMe24gjeuA05krtaF8GygUHD
DboXcHUzjiTnEyfVzMA8hgefX2B7suIPftuPWSyq,BR0isoSnDlgTmIqukAORkXTz6C9ABpEWp1Yw4Fx6,DboXcHUzjiTnEyfVzMA8hgefX2B7suIPftuPWSyq,0tSt4SUsOj8fKBL2OwFTAz878S85snjiNnAx7n8z,MOx9AM3J6rnEQQJCSsWfT7wdOetSni3OV0mrNgho,BR0isoSnDlgTmIqukAORkXTz6C9ABpEWp1Yw4Fx6
neo9uYRJVawyUm1nyXvQrJxwVqapvXp6gVg6kwxr,0tSt4SUsOj8fKBL2OwFTAz878S85snjiNnAx7n8z,G97yzpX8HPnbmrVEC0Aoz2si9mlAiCfZmduqw99n,hBG5vMBqkXoKVhe5nKFmfjAVyNoGHSr22VXcrkoN,I9zyEumkNRxIzJ9lhMe24gjeuA05krtaF8GygUHD,0tSt4SUsOj8fKBL2OwFTAz878S85snjiNnAx7n8z
G97yzpX8HPnbmrVEC0Aoz2si9mlAiCfZmduqw99n,hBG5vMBqkXoKVhe5nKFmfjAVyNoGHSr22VXcrkoN,MOx9AM3J6rnEQQJCSsWfT7wdOetSni3OV0mrNgho,G0PLr6xT9E96wJTJXQDNB728J4rHnKFKya5jIcwT,BR0isoSnDlgTmIqukAORkXTz6C9ABpEWp1Yw4Fx6,G97yzpX8HPnbmrVEC0Aoz2si9mlAiCfZmduqw99n
MOx9AM3J6rnEQQJCSsWfT7wdOetSni3OV0mrNgho,G0PLr6xT9E96wJTJXQDNB728J4rHnKFKya5jIcwT,I9zyEumkNRxIzJ9lhMe24gjeuA05krtaF8GygUHD,G97yzpX8HPnbmrVEC0Aoz2si9mlAiCfZmduqw99n,0tSt4SUsOj8fKBL2OwFTAz878S85snjiNnAx7n8z,MOx9AM3J6rnEQQJCSsWfT7wdOetSni3OV0mrNgho
I9zyEumkNRxIzJ9lhMe24gjeuA05krtaF8GygUHD,DboXcHUzjiTnEyfVzMA8hgefX2B7suIPftuPWSyq,BR0isoSnDlgTmIqukAORkXTz6C9ABpEWp1Yw4Fx6,MOx9AM3J6rnEQQJCSsWfT7wdOetSni3OV0mrNgho,hBG5vMBqkXoKVhe5nKFmfjAVyNoGHSr22VXcrkoN,I9zyEumkNRxIzJ9lhMe24gjeuA05krtaF8GygUHD
BR0isoSnDlgTmIqukAORkXTz6C9ABpEWp1Yw4Fx6,neo9uYRJVawyUm1nyXvQrJxwVqapvXp6gVg6kwxr,0tSt4SUsOj8fKBL2OwFTAz878S85snjiNnAx7n8z,I9zyEumkNRxIzJ9lhMe24gjeuA05krtaF8GygUHD,G97yzpX8HPnbmrVEC0Aoz2si9mlAiCfZmduqw99n,BR0isoSnDlgTmIqukAORkXTz6C9ABpEWp1Yw4Fx6
0tSt4SUsOj8fKBL2OwFTAz878S85snjiNnAx7n8z,nOgJEtffp9e3P1qN9pqUrIZB0WQ9VIdptmx5wtia,hBG5vMBqkXoKVhe5nKFmfjAVyNoGHSr22VXcrkoN,BR0isoSnDlgTmIqukAORkXTz6C9ABpEWp1Yw4Fx6,MOx9AM3J6rnEQQJCSsWfT7wdOetSni3OV0mrNgho,0tSt4SUsOj8fKBL2OwFTAz878S85snjiNnAx7n8z
hBG5vMBqkXoKVhe5nKFmfjAVyNoGHSr22VXcrkoN,G97yzpX8HPnbmrVEC0Aoz2si9mlAiCfZmduqw99n,G0PLr6xT9E96wJTJXQDNB728J4rHnKFKya5jIcwT,0tSt4SUsOj8fKBL2OwFTAz878S85snjiNnAx7n8z,I9zyEumkNRxIzJ9lhMe24gjeuA05krtaF8GygUHD,G97yzpX8HPnbmrVEC0Aoz2si9mlAiCfZmduqw99n
G0PLr6xT9E96wJTJXQDNB728J4rHnKFKya5jIcwT,MOx9AM3J6rnEQQJCSsWfT7wdOetSni3OV0mrNgho,DboXcHUzjiTnEyfVzMA8hgefX2B7suIPftuPWSyq,hBG5vMBqkXoKVhe5nKFmfjAVyNoGHSr22VXcrkoN,BR0isoSnDlgTmIqukAORkXTz6C9ABpEWp1Yw4Fx6,MOx9AM3J6rnEQQJCSsWfT7wdOetSni3OV0mrNgho
DboXcHUzjiTnEyfVzMA8hgefX2B7suIPftuPWSyq,I9zyEumkNRxIzJ9lhMe24gjeuA05krtaF8GygUHD,G97yzpX8HPnbmrVEC0Aoz2si9mlAiCfZmduqw99n,G0PLr6xT9E96wJTJXQDNB728J4rHnKFKya5jIcwT,0tSt4SUsOj8fKBL2OwFTAz878S85snjiNnAx7n8z,I9zyEumkNRxIzJ9lhMe24gjeuA05krtaF8GygUHD
neo9uYRJVawyUm1nyXvQrJxwVqapvXp6gVg6kwxr,BR0isoSnDlgTmIqukAORkXTz6C9ABpEWp1Yw4Fx6,MOx9AM3J6rnEQQJCSsWfT7wdOetSni3OV0mrNgho,G97yzpX8HPnbmrVEC0Aoz2si9mlAiCfZmduqw99n,hBG5vMBqkXoKVhe5nKFmfjAVyNoGHSr22VXcrkoN,BR0isoSnDlgTmIqukAORkXTz6C9ABpEWp1Yw4Fx6
G97yzpX8HPnbmrVEC0Aoz2si9mlAiCfZmduqw99n,0tSt4SUsOj8fKBL2OwFTAz878S85snjiNnAx7n8z,I9zyEumkNRxIzJ9lhMe24gjeuA05krtaF8GygUHD,MOx9AM3J6rnEQQJCSsWfT7wdOetSni3OV0mrNgho,G97yzpX8HPnbmrVEC0Aoz2si9mlAiCfZmduqw99n,0tSt4SUsOj8fKBL2OwFTAz878S85snjiNnAx7n8z
MOx9AM3J6rnEQQJCSsWfT7wdOetSni3OV0mrNgho,hBG5vMBqkXoKVhe5nKFmfjAVyNoGHSr22VXcrkoN,BR0isoSnDlgTmIqukAORkXTz6C9ABpEWp1Yw4Fx6,I9zyEumkNRxIzJ9lhMe24gjeuA05krtaF8GygUHD,MOx9AM3J6rnEQQJCSsWfT7wdOetSni3OV0mrNgho,G97yzpX8HPnbmrVEC0Aoz2si9mlAiCfZmduqw99n
I9zyEumkNRxIzJ9lhMe24gjeuA05krtaF8GygUHD,G0PLr6xT9E96wJTJXQDNB728J4rHnKFKya5jIcwT,0tSt4SUsOj8fKBL2OwFTAz878S85snjiNnAx7n8z,BR0isoSnDlgTmIqukAORkXTz6C9ABpEWp1Yw4Fx6,I9zyEumkNRxIzJ9lhMe24gjeuA05krtaF8GygUHD,MOx9AM3J6rnEQQJCSsWfT7wdOetSni3OV0mrNgho
BR0isoSnDlgTmIqukAORkXTz6C9ABpEWp1Yw4Fx6,DboXcHUzjiTnEyfVzMA8hgefX2B7suIPftuPWSyq,hBG5vMBqkXoKVhe5nKFmfjAVyNoGHSr22VXcrkoN,0tSt4SUsOj8fKBL2OwFTAz878S85snjiNnAx7n8z,BR0isoSnDlgTmIqukAORkXTz6C9ABpEWp1Yw4Fx6,I9zyEumkNRxIzJ9lhMe24gjeuA05krtaF8GygUHD
0tSt4SUsOj8fKBL2OwFTAz878S85snjiNnAx7n8z,neo9uYRJVawyUm1nyXvQrJxwVqapvXp6gVg6kwxr,G0PLr6xT9E96wJTJXQDNB728J4rHnKFKya5jIcwT,hBG5vMBqkXoKVhe5nKFmfjAVyNoGHSr22VXcrkoN,0tSt4SUsOj8fKBL2OwFTAz878S85snjiNnAx7n8z,BR0isoSnDlgTmIqukAORkXTz6C9ABpEWp1Yw4Fx6
hBG5vMBqkXoKVhe5nKFmfjAVyNoGHSr22VXcrkoN,nOgJEtffp9e3P1qN9pqUrIZB0WQ9VIdptmx5wtia,DboXcHUzjiTnEyfVzMA8hgefX2B7suIPftuPWSyq,G0PLr6xT9E96wJTJXQDNB728J4rHnKFKya5jIcwT,hBG5vMBqkXoKVhe5nKFmfjAVyNoGHSr22VXcrkoN,0tSt4SUsOj8fKBL2OwFTAz878S85snjiNnAx7n8z
G0PLr6xT9E96wJTJXQDNB728J4rHnKFKya5jIcwT,G97yzpX8HPnbmrVEC0Aoz2si9mlAiCfZmduqw99n,G97yzpX8HPnbmrVEC0Aoz2si9mlAiCfZmduqw99n,G97yzpX8HPnbmrVEC0Aoz2si9mlAiCfZmduqw99n,G97yzpX8HPnbmrVEC0Aoz2si9mlAiCfZmduqw99n,G97yzpX8HPnbmrVEC0Aoz2si9mlAiCfZmduqw99n
DboXcHUzjiTnEyfVzMA8hgefX2B7suIPftuPWSyq,MOx9AM3J6rnEQQJCSsWfT7wdOetSni3OV0mrNgho,MOx9AM3J6rnEQQJCSsWfT7wdOetSni3OV0mrNgho,MOx9AM3J6rnEQQJCSsWfT7wdOetSni3OV0mrNgho,MOx9AM3J6rnEQQJCSsWfT7wdOetSni3OV0mrNgho,MOx9AM3J6rnEQQJCSsWfT7wdOetSni3OV0mrNgho
neo9uYRJVawyUm1nyXvQrJxwVqapvXp6gVg6kwxr,I9zyEumkNRxIzJ9lhMe24gjeuA05krtaF8GygUHD,I9zyEumkNRxIzJ9lhMe24gjeuA05krtaF8GygUHD,I9zyEumkNRxIzJ9lhMe24gjeuA05krtaF8GygUHD,I9zyEumkNRxIzJ9lhMe24gjeuA05krtaF8GygUHD,I9zyEumkNRxIzJ9lhMe24gjeuA05krtaF8GygUHD
G97yzpX8HPnbmrVEC0Aoz2si9mlAiCfZmduqw99n,BR0isoSnDlgTmIqukAORkXTz6C9ABpEWp1Yw4Fx6,BR0isoSnDlgTmIqukAORkXTz6C9ABpEWp1Yw4Fx6,BR0isoSnDlgTmIqukAORkXTz6C9ABpEWp1Yw4Fx6,BR0isoSnDlgTmIqukAORkXTz6C9ABpEWp1Yw4Fx6,BR0isoSnDlgTmIqukAORkXTz6C9ABpEWp1Yw4Fx6
MOx9AM3J6rnEQQJCSsWfT7wdOetSni3OV0mrNgho,0tSt4SUsOj8fKBL2OwFTAz878S85snjiNnAx7n8z,0tSt4SUsOj8fKBL2OwFTAz878S85snjiNnAx7n8z,0tSt4SUsOj8fKBL2OwFTAz878S85snjiNnAx7n8z,0tSt4SUsOj8fKBL2OwFTAz878S85snjiNnAx7n8z,0tSt4SUsOj8fKBL2OwFTAz878S85snjiNnAx7n8z
I9zyEumkNRxIzJ9lhMe24gjeuA05krtaF8GygUHD,hBG5vMBqkXoKVhe5nKFmfjAVyNoGHSr22VXcrkoN,hBG5vMBqkXoKVhe5nKFmfjAVyNoGHSr22VXcrkoN,hBG5vMBqkXoKVhe5nKFmfjAVyNoGHSr22VXcrkoN,hBG5vMBqkXoKVhe5nKFmfjAVyNoGHSr22VXcrkoN,G97yzpX8HPnbmrVEC0Aoz2si9mlAiCfZmduqw99n
BR0isoSnDlgTmIqukAORkXTz6C9ABpEWp1Yw4Fx6,G0PLr6xT9E96wJTJXQDNB728J4rHnKFKya5jIcwT,G0PLr6xT9E96wJTJXQDNB728J4rHnKFKya5jIcwT,G0PLr6xT9E96wJTJXQDNB728J4rHnKFKya5jIcwT,G97yzpX8HPnbmrVEC0Aoz2si9mlAiCfZmduqw99n,MOx9AM3J6rnEQQJCSsWfT7wdOetSni3OV0mrNgho
0tSt4SUsOj8fKBL2OwFTAz878S85snjiNnAx7n8z,DboXcHUzjiTnEyfVzMA8hgefX2B7suIPftuPWSyq,DboXcHUzjiTnEyfVzMA8hgefX2B7suIPftuPWSyq,G97yzpX8HPnbmrVEC0Aoz2si9mlAiCfZmduqw99n,MOx9AM3J6rnEQQJCSsWfT7wdOetSni3OV0mrNgho,I9zyEumkNRxIzJ9lhMe24gjeuA05krtaF8GygUHD
hBG5vMBqkXoKVhe5nKFmfjAVyNoGHSr22VXcrkoN,neo9uYRJVawyUm1nyXvQrJxwVqapvXp6gVg6kwxr,G97yzpX8HPnbmrVEC0Aoz2si9mlAiCfZmduqw99n,MOx9AM3J6rnEQQJCSsWfT7wdOetSni3OV0mrNgho,I9zyEumkNRxIzJ9lhMe24gjeuA05krtaF8GygUHD,BR0isoSnDlgTmIqukAORkXTz6C9ABpEWp1Yw4Fx6
G0PLr6xT9E96wJTJXQDNB728J4rHnKFKya5jIcwT,nOgJEtffp9e3P1qN9pqUrIZB0WQ9VIdptmx5wtia,MOx9AM3J6rnEQQJCSsWfT7wdOetSni3OV0mrNgho,I9zyEumkNRxIzJ9lhMe24gjeuA05krtaF8GygUHD,BR0isoSnDlgTmIqukAORkXTz6C9ABpEWp1Yw4Fx6,0tSt4SUsOj8fKBL2OwFTAz878S85snjiNnAx7n8z
DboXcHUzjiTnEyfVzMA8hgefX2B7suIPftuPWSyq,G97yzpX8HPnbmrVEC0Aoz2si9mlAiCfZmduqw99n,I9zyEumkNRxIzJ9lhMe24gjeuA05krtaF8GygUHD,BR0isoSnDlgTmIqukAORkXTz6C9ABpEWp1Yw4Fx6,0tSt4SUsOj8fKBL2OwFTAz878S85snjiNnAx7n8z,G97yzpX8HPnbmrVEC0Aoz2si9mlAiCfZmduqw99n
neo9uYRJVawyUm1nyXvQrJxwVqapvXp6gVg6kwxr,MOx9AM3J6rnEQQJCSsWfT7wdOetSni3OV0mrNgho,BR0isoSnDlgTmIqukAORkXTz6C9ABpEWp1Yw4Fx6,0tSt4SUsOj8fKBL2OwFTAz878S85snjiNnAx7n8z,hBG5vMBqkXoKVhe5nKFmfjAVyNoGHSr22VXcrkoN,MOx9AM3J6rnEQQJCSsWfT7wdOetSni3OV0mrNgho
G97yzpX8HPnbmrVEC0Aoz2si9mlAiCfZmduqw99n,I9zyEumkNRxIzJ9lhMe24gjeuA05krtaF8GygUHD,0tSt4SUsOj8fKBL2OwFTAz878S85snjiNnAx7n8z,hBG5vMBqkXoKVhe5nKFmfjAVyNoGHSr22VXcrkoN,G97yzpX8HPnbmrVEC0Aoz2si9mlAiCfZmduqw99n,I9zyEumkNRxIzJ9lhMe24gjeuA05krtaF8GygUHD
MOx9AM3J6rnEQQJCSsWfT7wdOetSni3OV0mrNgho,BR0isoSnDlgTmIqukAORkXTz6C9ABpEWp1Yw4Fx6,hBG5vMBqkXoKVhe5nKFmfjAVyNoGHSr22VXcrkoN,G0PLr6xT9E96wJTJXQDNB728J4rHnKFKya5jIcwT,MOx9AM3J6rnEQQJCSsWfT7wdOetSni3OV0mrNgho,BR0isoSnDlgTmIqukAORkXTz6C9ABpEWp1Yw4Fx6
I9zyEumkNRxIzJ9lhMe24gjeuA05krtaF8GygUHD,0tSt4SUsOj8fKBL2OwFTAz878S85snjiNnAx7n8z,G0PLr6xT9E96wJTJXQDNB728J4rHnKFKya5jIcwT,G97yzpX8HPnbmrVEC0Aoz2si9mlAiCfZmduqw99n,I9zyEumkNRxIzJ9lhMe24gjeuA05krtaF8GygUHD,0tSt4SUsOj8fKBL2OwFTAz878S85snjiNnAx7n8z
BR0isoSnDlgTmIqukAORkXTz6C9ABpEWp1Yw4Fx6,hBG5vMBqkXoKVhe5nKFmfjAVyNoGHSr22VXcrkoN,DboXcHUzjiTnEyfVzMA8hgefX2B7suIPftuPWSyq,MOx9AM3J6rnEQQJCSsWfT7wdOetSni3OV0mrNgho,BR0isoSnDlgTmIqukAORkXTz6C9ABpEWp1Yw4Fx6,G97yzpX8HPnbmrVEC0Aoz2si9mlAiCfZmduqw99n
0tSt4SUsOj8fKBL2OwFTAz878S85snjiNnAx7n8z,G0PLr6xT9E96wJTJXQDNB728J4rHnKFKya5jIcwT,G97yzpX8HPnbmrVEC0Aoz2si9mlAiCfZmduqw99n,I9zyEumkNRxIzJ9lhMe24gjeuA05krtaF8GygUHD,0tSt4SUsOj8fKBL2OwFTAz878S85snjiNnAx7n8z,MOx9AM3J6rnEQQJCSsWfT7wdOetSni3OV0mrNgho
hBG5vMBqkXoKVhe5nKFmfjAVyNoGHSr22VXcrkoN,DboXcHUzjiTnEyfVzMA8hgefX2B7suIPftuPWSyq,MOx9AM3J6rnEQQJCSsWfT7wdOetSni3OV0mrNgho,BR0isoSnDlgTmIqukAORkXTz6C9ABpEWp1Yw4Fx6,hBG5vMBqkXoKVhe5nKFmfjAVyNoGHSr22VXcrkoN,I9zyEumkNRxIzJ9lhMe24gjeuA05krtaF8GygUHD
G0PLr6xT9E96wJTJXQDNB728J4rHnKFKya5jIcwT,neo9uYRJVawyUm1nyXvQrJxwVqapvXp6gVg6kwxr,I9zyEumkNRxIzJ9lhMe24gjeuA05krtaF8GygUHD,0tSt4SUsOj8fKBL2OwFTAz878S85snjiNnAx7n8z,G97yzpX8HPnbmrVEC0Aoz2si9mlAiCfZmduqw99n,BR0isoSnDlgTmIqukAORkXTz6C9ABpEWp1Yw4Fx6
DboXcHUzjiTnEyfVzMA8hgefX2B7suIPftuPWSyq,nOgJEtffp9e3P1qN9pqUrIZB0WQ9VIdptmx5wtia,BR0isoSnDlgTmIqukAORkXTz6C9ABpEWp1Yw4Fx6,hBG5vMBqkXoKVhe5nKFmfjAVyNoGHSr22VXcrkoN,MOx9AM3J6rnEQQJCSsWfT7wdOetSni3OV0mrNgho,0tSt4SUsOj8fKBL2OwFTAz878S85snjiNnAx7n8z
neo9uYRJVawyUm1nyXvQrJxwVqapvXp6gVg6kwxr,G97yzpX8HPnbmrVEC0Aoz2si9mlAiCfZmduqw99n,0tSt4SUsOj8fKBL2OwFTAz878S85snjiNnAx7n8z,G0PLr6xT9E96wJTJXQDNB728J4rHnKFKya5jIcwT,I9zyEumkNRxIzJ9lhMe24gjeuA05krtaF8GygUHD,G97yzpX8HPnbmrVEC0Aoz2si9mlAiCfZmduqw99n
G97yzpX8HPnbmrVEC0Aoz2si9mlAiCfZmduqw99n,MOx9AM3J6rnEQQJCSsWfT7wdOetSni3OV0mrNgho,hBG5vMBqkXoKVhe5nKFmfjAVyNoGHSr22VXcrkoN,G97yzpX8HPnbmrVEC0Aoz2si9mlAiCfZmduqw99n,BR0isoSnDlgTmIqukAORkXTz6C9ABpEWp1Yw4Fx6,MOx9AM3J6rnEQQJCSsWfT7wdOetSni3OV0mrNgho
MOx9AM3J6rnEQQJCSsWfT7wdOetSni3OV0mrNgho,I9zyEumkNRxIzJ9lhMe24gjeuA05krtaF8GygUHD,G0PLr6xT9E96wJTJXQDNB728J4rHnKFKya5jIcwT,MOx9AM3J6rnEQQJCSsWfT7wdOetSni3OV0mrNgho,0tSt4SUsOj8fKBL2OwFTAz878S85snjiNnAx7n8z,I9zyEumkNRxIzJ9lhMe24gjeuA05krtaF8GygUHD
I9zyEumkNRxIzJ9lhMe24gjeuA05krtaF8GygUHD,BR0isoSnDlgTmIqukAORkXTz6C9ABpEWp1Yw4Fx6,DboXcHUzjiTnEyfVzMA8hgefX2B7suIPftuPWSyq,I9zyEumkNRxIzJ9lhMe24gjeuA05krtaF8GygUHD,hBG5vMBqkXoKVhe5nKFmfjAVyNoGHSr22VXcrkoN,BR0isoSnDlgTmIqukAORkXTz6C9ABpEWp1Yw4Fx6
BR0isoSnDlgTmIqukAORkXTz6C9ABpEWp1Yw4Fx6,0tSt4SUsOj8fKBL2OwFTAz878S85snjiNnAx7n8z,G97yzpX8HPnbmrVEC0Aoz2si9mlAiCfZmduqw99n,BR0isoSnDlgTmIqukAORkXTz6C9ABpEWp1Yw4Fx6,G97yzpX8HPnbmrVEC0Aoz2si9mlAiCfZmduqw99n,0tSt4SUsOj8fKBL2OwFTAz878S85snjiNnAx7n8z
0tSt4SUsOj8fKBL2OwFTAz878S85snjiNnAx7n8z,hBG5vMBqkXoKVhe5nKFmfjAVyNoGHSr22VXcrkoN,MOx9AM3J6rnEQQJCSsWfT7wdOetSni3OV0mrNgho,0tSt4SUsOj8fKBL2OwFTAz878S85snjiNnAx7n8z,MOx9AM3J6rnEQQJCSsWfT7wdOetSni3OV0mrNgho,G97yzpX8HPnbmrVEC0Aoz2si9mlAiCfZmduqw99n
hBG5vMBqkXoKVhe5nKFmfjAVyNoGHSr22VXcrkoN,G0PLr6xT9E96wJTJXQDNB728J4rHnKFKya5jIcwT,I9zyEumkNRxIzJ9lhMe24gjeuA05krtaF8GygUHD,hBG5vMBqkXoKVhe5nKFmfjAVyNoGHSr22VXcrkoN,I9zyEumkNRxIzJ9lhMe24gjeuA05krtaF8GygUHD,MOx9AM3J6rnEQQJCSsWfT7wdOetSni3OV0mrNgho
G0PLr6xT9E96wJTJXQDNB728J4rHnKFKya5jIcwT,DboXcHUzjiTnEyfVzMA8hgefX2B7suIPftuPWSyq,BR0isoSnDlgTmIqukAORkXTz6C9ABpEWp1Yw4Fx6,G0PLr6xT9E96wJTJXQDNB728J4rHnKFKya5jIcwT,BR0isoSnDlgTmIqukAORkXTz6C9ABpEWp1Yw4Fx6,I9zyEumkNRxIzJ9lhMe24gjeuA05krtaF8GygUHD
DboXcHUzjiTnEyfVzMA8hgefX2B7suIPftuPWSyq,neo9uYRJVawyUm1nyXvQrJxwVqapvXp6gVg6kwxr,0tSt4SUsOj8fKBL2OwFTAz878S85snjiNnAx7n8z,G97yzpX8HPnbmrVEC0Aoz2si9mlAiCfZmduqw99n,0tSt4SUsOj8fKBL2OwFTAz878S85snjiNnAx7n8z,BR0isoSnDlgTmIqukAORkXTz6C9ABpEWp1Yw4Fx6
neo9uYRJVawyUm1nyXvQrJxwVqapvXp6gVg6kwxr,nOgJEtffp9e3P1qN9pqUrIZB0WQ9VIdptmx5wtia,hBG5vMBqkXoKVhe5nKFmfjAVyNoGHSr22VXcrkoN,MOx9AM3J6rnEQQJCSsWfT7wdOetSni3OV0mrNgho,hBG5vMBqkXoKVhe5nKFmfjAVyNoGHSr22VXcrkoN,0tSt4SUsOj8fKBL2OwFTAz878S85snjiNnAx7n8z
G97yzpX8HPnbmrVEC0Aoz2si9mlAiCfZmduqw99n,G97yzpX8HPnbmrVEC0Aoz2si9mlAiCfZmduqw99n,G0PLr6xT9E96wJTJXQDNB728J4rHnKFKya5jIcwT,I9zyEumkNRxIzJ9lhMe24gjeuA05krtaF8GygUHD,G97yzpX8HPnbmrVEC0Aoz2si9mlAiCfZmduqw99n,G97yzpX8HPnbmrVEC0Aoz2si9mlAiCfZmduqw99n
MOx9AM3J6rnEQQJCSsWfT7wdOetSni3OV0mrNgho,MOx9AM3J6rnEQQJCSsWfT7wdOetSni3OV0mrNgho,DboXcHUzjiTnEyfVzMA8hgefX2B7suIPftuPWSyq,BR0isoSnDlgTmIqukAORkXTz6C9ABpEWp1Yw4Fx6,MOx9AM3J6rnEQQJCSsWfT7wdOetSni3OV0mrNgho,MOx9AM3J6rnEQQJCSsWfT7wdOetSni3OV0mrNgho
I9zyEumkNRxIzJ9lhMe24gjeuA05krtaF8GygUHD,I9zyEumkNRxIzJ9lhMe24gjeuA05krtaF8GygUHD,G97yzpX8HPnbmrVEC0Aoz2si9mlAiCfZmduqw99n,0tSt4SUsOj8fKBL2OwFTAz878S85snjiNnAx7n8z,I9zyEumkNRxIzJ9lhMe24gjeuA05krtaF8GygUHD,I9zyEumkNRxIzJ9lhMe24gjeuA05krtaF8GygUHD
BR0isoSnDlgTmIqukAORkXTz6C9ABpEWp1Yw4Fx6,BR0isoSnDlgTmIqukAORkXTz6C9ABpEWp1Yw4Fx6,MOx9AM3J6rnEQQJCSsWfT7wdOetSni3OV0mrNgho,hBG5vMBqkXoKVhe5nKFmfjAVyNoGHSr22VXcrkoN,BR0isoSnDlgTmIqukAORkXTz6C9ABpEWp1Yw4Fx6,BR0isoSnDlgTmIqukAORkXTz6C9ABpEWp1Yw4Fx6
0tSt4SUsOj8fKBL2OwFTAz878S85snjiNnAx7n8z,0tSt4SUsOj8fKBL2OwFTAz878S85snjiNnAx7n8z,I9zyEumkNRxIzJ9lhMe24gjeuA05krtaF8GygUHD,G0PLr6xT9E96wJTJXQDNB728J4rHnKFKya5jIcwT,0tSt4SUsOj8fKBL2OwFTAz878S85snjiNnAx7n8z,0tSt4SUsOj8fKBL2OwFTAz878S85snjiNnAx7n8z
hBG5vMBqkXoKVhe5nKFmfjAVyNoGHSr22VXcrkoN,hBG5vMBqkXoKVhe5nKFmfjAVyNoGHSr22VXcrkoN,BR0isoSnDlgTmIqukAORkXTz6C9ABpEWp1Yw4Fx6,G97yzpX8HPnbmrVEC0Aoz2si9mlAiCfZmduqw99n,hBG5vMBqkXoKVhe5nKFmfjAVyNoGHSr22VXcrkoN,G97yzpX8HPnbmrVEC0Aoz2si9mlAiCfZmduqw99n
G0PLr6xT9E96wJTJXQDNB728J4rHnKFKya5jIcwT,G0PLr6xT9E96wJTJXQDNB728J4rHnKFKya5jIcwT,0tSt4SUsOj8fKBL2OwFTAz878S85snjiNnAx7n8z,MOx9AM3J6rnEQQJCSsWfT7wdOetSni3OV0mrNgho,G97yzpX8HPnbmrVEC0Aoz2si9mlAiCfZmduqw99n,MOx9AM3J6rnEQQJCSsWfT7wdOetSni3OV0mrNgho
DboXcHUzjiTnEyfVzMA8hgefX2B7suIPftuPWSyq,DboXcHUzjiTnEyfVzMA8hgefX2B7suIPftuPWSyq,hBG5vMBqkXoKVhe5nKFmfjAVyNoGHSr22VXcrkoN,I9zyEumkNRxIzJ9lhMe24gjeuA05krtaF8GygUHD,MOx9AM3J6rnEQQJCSsWfT7wdOetSni3OV0mrNgho,I9zyEumkNRxIzJ9lhMe24gjeuA05krtaF8GygUHD
neo9uYRJVawyUm1nyXvQrJxwVqapvXp6gVg6kwxr,neo9uYRJVawyUm1nyXvQrJxwVqapvXp6gVg6kwxr,G0PLr6xT9E96wJTJXQDNB728J4rHnKFKya5jIcwT,BR0isoSnDlgTmIqukAORkXTz6C9ABpEWp1Yw4Fx6,I9zyEumkNRxIzJ9lhMe24gjeuA05krtaF8GygUHD,BR0isoSnDlgTmIqukAORkXTz6C9ABpEWp1Yw4Fx6
G97yzpX8HPnbmrVEC0Aoz2si9mlAiCfZmduqw99n,nOgJEtffp9e3P1qN9pqUrIZB0WQ9VIdptmx5wtia,DboXcHUzjiTnEyfVzMA8hgefX2B7suIPftuPWSyq,0tSt4SUsOj8fKBL2OwFTAz878S85snjiNnAx7n8z,BR0isoSnDlgTmIqukAORkXTz6C9ABpEWp1Yw4Fx6,0tSt4SUsOj8fKBL2OwFTAz878S85snjiNnAx7n8z
MOx9AM3J6rnEQQJCSsWfT7wdOetSni3OV0mrNgho,G97yzpX8HPnbmrVEC0Aoz2si9mlAiCfZmduqw99n,G97yzpX8HPnbmrVEC0Aoz2si9mlAiCfZmduqw99n,hBG5vMBqkXoKVhe5nKFmfjAVyNoGHSr22VXcrkoN,0tSt4SUsOj8fKBL2OwFTAz878S85snjiNnAx7n8z,G97yzpX8HPnbmrVEC0Aoz2si9mlAiCfZmduqw99n
I9zyEumkNRxIzJ9lhMe24gjeuA05krtaF8GygUHD,MOx9AM3J6rnEQQJCSsWfT7wdOetSni3OV0mrNgho,MOx9AM3J6rnEQQJCSsWfT7wdOetSni3OV0mrNgho,G0PLr6xT9E96wJTJXQDNB728J4rHnKFKya5jIcwT,hBG5vMBqkXoKVhe5nKFmfjAVyNoGHSr22VXcrkoN,MOx9AM3J6rnEQQJCSsWfT7wdOetSni3OV0mrNgho
BR0isoSnDlgTmIqukAORkXTz6C9ABpEWp1Yw4Fx6,I9zyEumkNRxIzJ9lhMe24gjeuA05krtaF8GygUHD,I9zyEumkNRxIzJ9lhMe24gjeuA05krtaF8GygUHD,G97yzpX8HPnbmrVEC0Aoz2si9mlAiCfZmduqw99n,G97yzpX8HPnbmrVEC0Aoz2si9mlAiCfZmduqw99n,I9zyEumkNRxIzJ9lhMe24gjeuA05krtaF8GygUHD
0tSt4SUsOj8fKBL2OwFTAz878S85snjiNnAx7n8z,BR0isoSnDlgTmIqukAORkXTz6C9ABpEWp1Yw4Fx6,BR0isoSnDlgTmIqukAORkXTz6C9ABpEWp1Yw4Fx6,MOx9AM3J6rnEQQJCSsWfT7wdOetSni3OV0mrNgho,MOx9AM3J6rnEQQJCSsWfT7wdOetSni3OV0mrNgho,BR0isoSnDlgTmIqukAORkXTz6C9ABpEWp1Yw4Fx6
hBG5vMBqkXoKVhe5nKFmfjAVyNoGHSr22VXcrkoN,0tSt4SUsOj8fKBL2OwFTAz878S85snjiNnAx7n8z,0tSt4SUsOj8fKBL2OwFTAz878S85snjiNnAx7n8z,I9zyEumkNRxIzJ9lhMe24gjeuA05krtaF8GygUHD,I9zyEumkNRxIzJ9lhMe24gjeuA05krtaF8GygUHD,0tSt4SUsOj8fKBL2OwFTAz878S85snjiNnAx7n8z
G0PLr6xT9E96wJTJXQDNB728J4rHnKFKya5jIcwT,hBG5vMBqkXoKVhe5nKFmfjAVyNoGHSr22VXcrkoN,hBG5vMBqkXoKVhe5nKFmfjAVyNoGHSr22VXcrkoN,BR0isoSnDlgTmIqukAORkXTz6C9ABpEWp1Yw4Fx6,BR0isoSnDlgTmIqukAORkXTz6C9ABpEWp1Yw4Fx6,G97yzpX8HPnbmrVEC0Aoz2si9mlAiCfZmduqw99n
DboXcHUzjiTnEyfVzMA8hgefX2B7suIPftuPWSyq,G0PLr6xT9E96wJTJXQDNB728J4rHnKFKya5jIcwT,G0PLr6xT9E96wJTJXQDNB728J4rHnKFKya5jIcwT,0tSt4SUsOj8fKBL2OwFTAz878S85snjiNnAx7n8z,0tSt4SUsOj8fKBL2OwFTAz878S85snjiNnAx7n8z,MOx9AM3J6rnEQQJCSsWfT7wdOetSni3OV0mrNgho
neo9uYRJVawyUm1nyXvQrJxwVqapvXp6gVg6kwxr,DboXcHUzjiTnEyfVzMA8hgefX2B7suIPftuPWSyq,DboXcHUzjiTnEyfVzMA8hgefX2B7suIPftuPWSyq,hBG5vMBqkXoKVhe5nKFmfjAVyNoGHSr22VXcrkoN,hBG5vMBqkXoKVhe5nKFmfjAVyNoGHSr22VXcrkoN,I9zyEumkNRxIzJ9lhMe24gjeuA05krtaF8GygUHD
G97yzpX8HPnbmrVEC0Aoz2si9mlAiCfZmduqw99n,neo9uYRJVawyUm1nyXvQrJxwVqapvXp6gVg6kwxr,G97yzpX8HPnbmrVEC0Aoz2si9mlAiCfZmduqw99n,G0PLr6xT9E96wJTJXQDNB728J4rHnKFKya5jIcwT,G97yzpX8HPnbmrVEC0Aoz2si9mlAiCfZmduqw99n,BR0isoSnDlgTmIqukAORkXTz6C9ABpEWp1Yw4Fx6
MOx9AM3J6rnEQQJCSsWfT7wdOetSni3OV0mrNgho,nOgJEtffp9e3P1qN9pqUrIZB0WQ9VIdptmx5wtia,MOx9AM3J6rnEQQJCSsWfT7wdOetSni3OV0mrNgho,G97yzpX8HPnbmrVEC0Aoz2si9mlAiCfZmduqw99n,MOx9AM3J6rnEQQJCSsWfT7wdOetSni3OV0mrNgho,0tSt4SUsOj8fKBL2OwFTAz878S85snjiNnAx7n8z
I9zyEumkNRxIzJ9lhMe24gjeuA05krtaF8GygUHD,G97yzpX8HPnbmrVEC0Aoz2si9mlAiCfZmduqw99n,I9zyEumkNRxIzJ9lhMe24gjeuA05krtaF8GygUHD,MOx9AM3J6rnEQQJCSsWfT7wdOetSni3OV0mrNgho,I9zyEumkNRxIzJ9lhMe24gjeuA05krtaF8GygUHD,G97yzpX8HPnbmrVEC0Aoz2si9mlAiCfZmduqw99n
BR0isoSnDlgTmIqukAORkXTz6C9ABpEWp1Yw4Fx6,MOx9AM3J6rnEQQJCSsWfT7wdOetSni3OV0mrNgho,BR0isoSnDlgTmIqukAORkXTz6C9ABpEWp1Yw4Fx6,I9zyEumkNRxIzJ9lhMe24gjeuA05krtaF8GygUHD,BR0isoSnDlgTmIqukAORkXTz6C9ABpEWp1Yw4Fx6,MOx9AM3J6rnEQQJCSsWfT7wdOetSni3OV0mrNgho
0tSt4SUsOj8fKBL2OwFTAz878S85snjiNnAx7n8z,I9zyEumkNRxIzJ9lhMe24gjeuA05krtaF8GygUHD,0tSt4SUsOj8fKBL2OwFTAz878S85snjiNnAx7n8z,BR0isoSnDlgTmIqukAORkXTz6C9ABpEWp1Yw4Fx6,0tSt4SUsOj8fKBL2OwFTAz878S85snjiNnAx7n8z,I9zyEumkNRxIzJ9lhMe24gjeuA05krtaF8GygUHD
hBG5vMBqkXoKVhe5nKFmfjAVyNoGHSr22VXcrkoN,BR0isoSnDlgTmIqukAORkXTz6C9ABpEWp1Yw4Fx6,hBG5vMBqkXoKVhe5nKFmfjAVyNoGHSr22VXcrkoN,0tSt4SUsOj8fKBL2OwFTAz878S85snjiNnAx7n8z,hBG5vMBqkXoKVhe5nKFmfjAVyNoGHSr22VXcrkoN,BR0isoSnDlgTmIqukAORkXTz6C9ABpEWp1Yw4Fx6
G0PLr6xT9E96wJTJXQDNB728J4rHnKFKya5jIcwT,0tSt4SUsOj8fKBL2OwFTAz878S85snjiNnAx7n8z,G0PLr6xT9E96wJTJXQDNB728J4rHnKFKya5jIcwT,hBG5vMBqkXoKVhe5nKFmfjAVyNoGHSr22VXcrkoN,G97yzpX8HPnbmrVEC0Aoz2si9mlAiCfZmduqw99n,0tSt4SUsOj8fKBL2OwFTAz878S85snjiNnAx7n8z
DboXcHUzjiTnEyfVzMA8hgefX2B7suIPftuPWSyq,hBG5vMBqkXoKVhe5nKFmfjAVyNoGHSr22VXcrkoN,DboXcHUzjiTnEyfVzMA8hgefX2B7suIPftuPWSyq,G0PLr6xT9E96wJTJXQDNB728J4rHnKFKya5jIcwT,MOx9AM3J6rnEQQJCSsWfT7wdOetSni3OV0mrNgho,G97yzpX8HPnbmrVEC0Aoz2si9mlAiCfZmduqw99n
neo9uYRJVawyUm1nyXvQrJxwVqapvXp6gVg6kwxr,G0PLr6xT9E96wJTJXQDNB728J4rHnKFKya5jIcwT,G97yzpX8HPnbmrVEC0Aoz2si9mlAiCfZmduqw99n,G97yzpX8HPnbmrVEC0Aoz2si9mlAiCfZmduqw99n,I9zyEumkNRxIzJ9lhMe24gjeuA05krtaF8GygUHD,MOx9AM3J6rnEQQJCSsWfT7wdOetSni3OV0mrNgho
G97yzpX8HPnbmrVEC0Aoz2si9mlAiCfZmduqw99n,DboXcHUzjiTnEyfVzMA8hgefX2B7suIPftuPWSyq,MOx9AM3J6rnEQQJCSsWfT7wdOetSni3OV0mrNgho,MOx9AM3J6rnEQQJCSsWfT7wdOetSni3OV0mrNgho,BR0isoSnDlgTmIqukAORkXTz6C9ABpEWp1Yw4Fx6,I9zyEumkNRxIzJ9lhMe24gjeuA05krtaF8GygUHD
MOx9AM3J6rnEQQJCSsWfT7wdOetSni3OV0mrNgho,neo9uYRJVawyUm1nyXvQrJxwVqapvXp6gVg6kwxr,I9zyEumkNRxIzJ9lhMe24gjeuA05krtaF8GygUHD,I9zyEumkNRxIzJ9lhMe24gjeuA05krtaF8GygUHD,0tSt4SUsOj8fKBL2OwFTAz878S85snjiNnAx7n8z,BR0isoSnDlgTmIqukAORkXTz6C9ABpEWp1Yw4Fx6
I9zyEumkNRxIzJ9lhMe24gjeuA05krtaF8GygUHD,nOgJEtffp9e3P1qN9pqUrIZB0WQ9VIdptmx5wtia,BR0isoSnDlgTmIqukAORkXTz6C9ABpEWp1Yw4Fx6,BR0isoSnDlgTmIqukAORkXTz6C9ABpEWp1Yw4Fx6,hBG5vMBqkXoKVhe5nKFmfjAVyNoGHSr22VXcrkoN,0tSt4SUsOj8fKBL2OwFTAz878S85snjiNnAx7n8z
BR0isoSnDlgTmIqukAORkXTz6C9ABpEWp1Yw4Fx6,G97yzpX8HPnbmrVEC0Aoz2si9mlAiCfZmduqw99n,0tSt4SUsOj8fKBL2OwFTAz878S85snjiNnAx7n8z,0tSt4SUsOj8fKBL2OwFTAz878S85snjiNnAx7n8z,G97yzpX8HPnbmrVEC0Aoz2si9mlAiCfZmduqw99n,G97yzpX8HPnbmrVEC0Aoz2si9mlAiCfZmduqw99n
0tSt4SUsOj8fKBL2OwFTAz878S85snjiNnAx7n8z,MOx9AM3J6rnEQQJCSsWfT7wdOetSni3OV0mrNgho,hBG5vMBqkXoKVhe5nKFmfjAVyNoGHSr22VXcrkoN,hBG5vMBqkXoKVhe5nKFmfjAVyNoGHSr22VXcrkoN,MOx9AM3J6rnEQQJCSsWfT7wdOetSni3OV0mrNgho,MOx9AM3J6rnEQQJCSsWfT7wdOetSni3OV0mrNgho
hBG5vMBqkXoKVhe5nKFmfjAVyNoGHSr22VXcrkoN,I9zyEumkNRxIzJ9lhMe24gjeuA05krtaF8GygUHD,G0PLr6xT9E96wJTJXQDNB728J4rHnKFKya5jIcwT,G0PLr6xT9E96wJTJXQDNB728J4rHnKFKya5jIcwT,I9zyEumkNRxIzJ9lhMe24gjeuA05krtaF8GygUHD,I9zyEumkNRxIzJ9lhMe24gjeuA05krtaF8GygUHD
G0PLr6xT9E96wJTJXQDNB728J4rHnKFKya5jIcwT,BR0isoSnDlgTmIqukAORkXTz6C9ABpEWp1Yw4Fx6,DboXcHUzjiTnEyfVzMA8hgefX2B7suIPftuPWSyq,G97yzpX8HPnbmrVEC0Aoz2si9mlAiCfZmduqw99n,BR0isoSnDlgTmIqukAORkXTz6C9ABpEWp1Yw4Fx6,BR0isoSnDlgTmIqukAORkXTz6C9ABpEWp1Yw4Fx6
DboXcHUzjiTnEyfVzMA8hgefX2B7suIPftuPWSyq,0tSt4SUsOj8fKBL2OwFTAz878S85snjiNnAx7n8z,G97yzpX8HPnbmrVEC0Aoz2si9mlAiCfZmduqw99n,MOx9AM3J6rnEQQJCSsWfT7wdOetSni3OV0mrNgho,0tSt4SUsOj8fKBL2OwFTAz878S85snjiNnAx7n8z,0tSt4SUsOj8fKBL2OwFTAz878S85snjiNnAx7n8z
neo9uYRJVawyUm1nyXvQrJxwVqapvXp6gVg6kwxr,hBG5vMBqkXoKVhe5nKFmfjAVyNoGHSr22VXcrkoN,MOx9AM3J6rnEQQJCSsWfT7wdOetSni3OV0mrNgho,I9zyEumkNRxIzJ9lhMe24gjeuA05krtaF8GygUHD,hBG5vMBqkXoKVhe5nKFmfjAVyNoGHSr22VXcrkoN,G97yzpX8HPnbmrVEC0Aoz2si9mlAiCfZmduqw99n
G97yzpX8HPnbmrVEC0Aoz2si9mlAiCfZmduqw99n,G0PLr6xT9E96wJTJXQDNB728J4rHnKFKya5jIcwT,I9zyEumkNRxIzJ9lhMe24gjeuA05krtaF8GygUHD,BR0isoSnDlgTmIqukAORkXTz6C9ABpEWp1Yw4Fx6,G97yzpX8HPnbmrVEC0Aoz2si9mlAiCfZmduqw99n,MOx9AM3J6rnEQQJCSsWfT7wdOetSni3OV0mrNgho
MOx9AM3J6rnEQQJCSsWfT7wdOetSni3OV0mrNgho,DboXcHUzjiTnEyfVzMA8hgefX2B7suIPftuPWSyq,BR0isoSnDlgTmIqukAORkXTz6C9ABpEWp1Yw4Fx6,0tSt4SUsOj8fKBL2OwFTAz878S85snjiNnAx7n8z,MOx9AM3J6rnEQQJCSsWfT7wdOetSni3OV0mrNgho,I9zyEumkNRxIzJ9lhMe24gjeuA05krtaF8GygUHD
I9zyEumkNRxIzJ9lhMe24gjeuA05krtaF8GygUHD,neo9uYRJVawyUm1nyXvQrJxwVqapvXp6gVg6kwxr,0tSt4SUsOj8fKBL2OwFTAz878S85snjiNnAx7n8z,hBG5vMBqkXoKVhe5nKFmfjAVyNoGHSr22VXcrkoN,I9zyEumkNRxIzJ9lhMe24gjeuA05krtaF8GygUHD,BR0isoSnDlgTmIqukAORkXTz6C9ABpEWp1Yw4Fx6
BR0isoSnDlgTmIqukAORkXTz6C9ABpEWp1Yw4Fx6,nOgJEtffp9e3P1qN9pqUrIZB0WQ9VIdptmx5wtia,hBG5vMBqkXoKVhe5nKFmfjAVyNoGHSr22VXcrkoN,G0PLr6xT9E96wJTJXQDNB728J4rHnKFKya5jIcwT,BR0isoSnDlgTmIqukAORkXTz6C9ABpEWp1Yw4Fx6,0tSt4SUsOj8fKBL2OwFTAz878S85snjiNnAx7n8z
0tSt4SUsOj8fKBL2OwFTAz878S85snjiNnAx7n8z,G97yzpX8HPnbmrVEC0Aoz2si9mlAiCfZmduqw99n,G0PLr6xT9E96wJTJXQDNB728J4rHnKFKya5jIcwT,G97yzpX8HPnbmrVEC0Aoz2si9mlAiCfZmduqw99n,0tSt4SUsOj8fKBL2OwFTAz878S85snjiNnAx7n8z,G97yzpX8HPnbmrVEC0Aoz2si9mlAiCfZmduqw99n
hBG5vMBqkXoKVhe5nKFmfjAVyNoGHSr22VXcrkoN,MOx9AM3J6rnEQQJCSsWfT7wdOetSni3OV0mrNgho,DboXcHUzjiTnEyfVzMA8hgefX2B7suIPftuPWSyq,MOx9AM3J6rnEQQJCSsWfT7wdOetSni3OV0mrNgho,hBG5vMBqkXoKVhe5nKFmfjAVyNoGHSr22VXcrkoN,MOx9AM3J6rnEQQJCSsWfT7wdOetSni3OV0mrNgho
G0PLr6xT9E96wJTJXQDNB728J4rHnKFKya5jIcwT,I9zyEumkNRxIzJ9lhMe24gjeuA05krtaF8GygUHD,G97yzpX8HPnbmrVEC0Aoz2si9mlAiCfZmduqw99n,I9zyEumkNRxIzJ9lhMe24gjeuA05krtaF8GygUHD,G97yzpX8HPnbmrVEC0Aoz2si9mlAiCfZmduqw99n,I9zyEumkNRxIzJ9lhMe24gjeuA05krtaF8GygUHD
DboXcHUzjiTnEyfVzMA8hgefX2B7suIPftuPWSyq,BR0isoSnDlgTmIqukAORkXTz6C9ABpEWp1Yw4Fx6,MOx9AM3J6rnEQQJCSsWfT7wdOetSni3OV0mrNgho,BR0isoSnDlgTmIqukAORkXTz6C9ABpEWp1Yw4Fx6,MOx9AM3J6rnEQQJCSsWfT7wdOetSni3OV0mrNgho,BR0isoSnDlgTmIqukAORkXTz6C9ABpEWp1Yw4Fx6
neo9uYRJVawyUm1nyXvQrJxwVqapvXp6gVg6kwxr,0tSt4SUsOj8fKBL2OwFTAz878S85snjiNnAx7n8z,I9zyEumkNRxIzJ9lhMe24gjeuA05krtaF8GygUHD,0tSt4SUsOj8fKBL2OwFTAz878S85snjiNnAx7n8z,I9zyEumkNRxIzJ9lhMe24gjeuA05krtaF8GygUHD,0tSt4SUsOj8fKBL2OwFTAz878S85snjiNnAx7n8z
G97yzpX8HPnbmrVEC0Aoz2si9mlAiCfZmduqw99n,hBG5vMBqkXoKVhe5nKFmfjAVyNoGHSr22VXcrkoN,BR0isoSnDlgTmIqukAORkXTz6C9ABpEWp1Yw4Fx6,hBG5vMBqkXoKVhe5nKFmfjAVyNoGHSr22VXcrkoN,BR0isoSnDlgTmIqukAORkXTz6C9ABpEWp1Yw4Fx6,G97yzpX8HPnbmrVEC0Aoz2si9mlAiCfZmduqw99n
MOx9AM3J6rnEQQJCSsWfT7wdOetSni3OV0mrNgho,G0PLr6xT9E96wJTJXQDNB728J4rHnKFKya5jIcwT,0tSt4SUsOj8fKBL2OwFTAz878S85snjiNnAx7n8z,G0PLr6xT9E96wJTJXQDNB728J4rHnKFKya5jIcwT,0tSt4SUsOj8fKBL2OwFTAz878S85snjiNnAx7n8z,MOx9AM3J6rnEQQJCSsWfT7wdOetSni3OV0mrNgho
I9zyEumkNRxIzJ9lhMe24gjeuA05krtaF8GygUHD,DboXcHUzjiTnEyfVzMA8hgefX2B7suIPftuPWSyq,hBG5vMBqkXoKVhe5nKFmfjAVyNoGHSr22VXcrkoN,G97yzpX8HPnbmrVEC0Aoz2si9mlAiCfZmduqw99n,hBG5vMBqkXoKVhe5nKFmfjAVyNoGHSr22VXcrkoN,I9zyEumkNRxIzJ9lhMe24gjeuA05krtaF8GygUHD
BR0isoSnDlgTmIqukAORkXTz6C9ABpEWp1Yw4Fx6,neo9uYRJVawyUm1nyXvQrJxwVqapvXp6gVg6kwxr,G0PLr6xT9E96wJTJXQDNB728J4rHnKFKya5jIcwT,MOx9AM3J6rnEQQJCSsWfT7wdOetSni3OV0mrNgho,G97yzpX8HPnbmrVEC0Aoz2si9mlAiCfZmduqw99n,BR0isoSnDlgTmIqukAORkXTz6C9ABpEWp1Yw4Fx6
0tSt4SUsOj8fKBL2OwFTAz878S85snjiNnAx7n8z,nOgJEtffp9e3P1qN9pqUrIZB0WQ9VIdptmx5wtia,DboXcHUzjiTnEyfVzMA8hgefX2B7suIPftuPWSyq,I9zyEumkNRxIzJ9lhMe24gjeuA05krtaF8GygUHD,MOx9AM3J6rnEQQJCSsWfT7wdOetSni3OV0mrNgho,0tSt4SUsOj8fKBL2OwFTAz878S85snjiNnAx7n8z
hBG5vMBqkXoKVhe5nKFmfjAVyNoGHSr22VXcrkoN,G97yzpX8HPnbmrVEC0Aoz2si9mlAiCfZmduqw99n,G97yzpX8HPnbmrVEC0Aoz2si9mlAiCfZmduqw99n,BR0isoSnDlgTmIqukAORkXTz6C9ABpEWp1Yw4Fx6,I9zyEumkNRxIzJ9lhMe24gjeuA05krtaF8GygUHD,G97yzpX8HPnbmrVEC0Aoz2si9mlAiCfZmduqw99n
G0PLr6xT9E96wJTJXQDNB728J4rHnKFKya5jIcwT,MOx9AM3J6rnEQQJCSsWfT7wdOetSni3OV0mrNgho,MOx9AM3J6rnEQQJCSsWfT7wdOetSni3OV0mrNgho,0tSt4SUsOj8fKBL2OwFTAz878S85snjiNnAx7n8z,BR0isoSnDlgTmIqukAORkXTz6C9ABpEWp1Yw4Fx6,MOx9AM3J6rnEQQJCSsWfT7wdOetSni3OV0mrNgho
DboXcHUzjiTnEyfVzMA8hgefX2B7suIPftuPWSyq,I9zyEumkNRxIzJ9lhMe24gjeuA05krtaF8GygUHD,I9zyEumkNRxIzJ9lhMe24gjeuA05krtaF8GygUHD,hBG5vMBqkXoKVhe5nKFmfjAVyNoGHSr22VXcrkoN,0tSt4SUsOj8fKBL2OwFTAz878S85snjiNnAx7n8z,I9zyEumkNRxIzJ9lhMe24gjeuA05krtaF8GygUHD
neo9uYRJVawyUm1nyXvQrJxwVqapvXp6gVg6kwxr,BR0isoSnDlgTmIqukAORkXTz6C9ABpEWp1Yw4Fx6,BR0isoSnDlgTmIqukAORkXTz6C9ABpEWp1Yw4Fx6,G0PLr6xT9E96wJTJXQDNB728J4rHnKFKya5jIcwT,hBG5vMBqkXoKVhe5nKFmfjAVyNoGHSr22VXcrkoN,BR0isoSnDlgTmIqukAORkXTz6C9ABpEWp1Yw4Fx6
G97yzpX8HPnbmrVEC0Aoz2si9mlAiCfZmduqw99n,0tSt4SUsOj8fKBL2OwFTAz878S85snjiNnAx7n8z,0tSt4SUsOj8fKBL2OwFTAz878S85snjiNnAx7n8z,G97yzpX8HPnbmrVEC0Aoz2si9mlAiCfZmduqw99n,G97yzpX8HPnbmrVEC0Aoz2si9mlAiCfZmduqw99n,0tSt4SUsOj8fKBL2OwFTAz878S85snjiNnAx7n8z
MOx9AM3J6rnEQQJCSsWfT7wdOetSni3OV0mrNgho,hBG5vMBqkXoKVhe5nKFmfjAVyNoGHSr22VXcrkoN,hBG5vMBqkXoKVhe5nKFmfjAVyNoGHSr22VXcrkoN,MOx9AM3J6rnEQQJCSsWfT7wdOetSni3OV0mrNgho,MOx9AM3J6rnEQQJCSsWfT7wdOetSni3OV0mrNgho,G97yzpX8HPnbmrVEC0Aoz2si9mlAiCfZmduqw99n
I9zyEumkNRxIzJ9lhMe24gjeuA05krtaF8GygUHD,G0PLr6xT9E96wJTJXQDNB728J4rHnKFKya5jIcwT,G0PLr6xT9E96wJTJXQDNB728J4rHnKFKya5jIcwT,I9zyEumkNRxIzJ9lhMe24gjeuA05krtaF8GygUHD,I9zyEumkNRxIzJ9lhMe24gjeuA05krtaF8GygUHD,MOx9AM3J6rnEQQJCSsWfT7wdOetSni3OV0mrNgho
BR0isoSnDlgTmIqukAORkXTz6C9ABpEWp1Yw4Fx6,DboXcHUzjiTnEyfVzMA8hgefX2B7suIPftuPWSyq,DboXcHUzjiTnEyfVzMA8hgefX2B7suIPftuPWSyq,BR0isoSnDlgTmIqukAORkXTz6C9ABpEWp1Yw4Fx6,BR0isoSnDlgTmIqukAORkXTz6C9ABpEWp1Yw4Fx6,I9zyEumkNRxIzJ9lhMe24gjeuA05krtaF8GygUHD
0tSt4SUsOj8fKBL2OwFTAz878S85snjiNnAx7n8z,neo9uYRJVawyUm1nyXvQrJxwVqapvXp6gVg6kwxr,G97yzpX8HPnbmrVEC0Aoz2si9mlAiCfZmduqw99n,0tSt4SUsOj8fKBL2OwFTAz878S85snjiNnAx7n8z,0tSt4SUsOj8fKBL2OwFTAz878S85snjiNnAx7n8z,BR0isoSnDlgTmIqukAORkXTz6C9ABpEWp1Yw4Fx6
hBG5vMBqkXoKVhe5nKFmfjAVyNoGHSr22VXcrkoN,nOgJEtffp9e3P1qN9pqUrIZB0WQ9VIdptmx5wtia,MOx9AM3J6rnEQQJCSsWfT7wdOetSni3OV0mrNgho,hBG5vMBqkXoKVhe5nKFmfjAVyNoGHSr22VXcrkoN,hBG5vMBqkXoKVhe5nKFmfjAVyNoGHSr22VXcrkoN,0tSt4SUsOj8fKBL2OwFTAz878S85snjiNnAx7n8z
G0PLr6xT9E96wJTJXQDNB728J4rHnKFKya5jIcwT,G97yzpX8HPnbmrVEC0Aoz2si9mlAiCfZmduqw99n,I9zyEumkNRxIzJ9lhMe24gjeuA05krtaF8GygUHD,G0PLr6xT9E96wJTJXQDNB728J4rHnKFKya5jIcwT,G97yzpX8HPnbmrVEC0Aoz2si9mlAiCfZmduqw99n,G97yzpX8HPnbmrVEC0Aoz2si9mlAiCfZmduqw99n
DboXcHUzjiTnEyfVzMA8hgefX2B7suIPftuPWSyq,MOx9AM3J6rnEQQJCSsWfT7wdOetSni3OV0mrNgho,BR0isoSnDlgTmIqukAORkXTz6C9ABpEWp1Yw4Fx6,G97yzpX8HPnbmrVEC0Aoz2si9mlAiCfZmduqw99n,MOx9AM3J6rnEQQJCSsWfT7wdOetSni3OV0mrNgho,MOx9AM3J6rnEQQJCSsWfT7wdOetSni3OV0mrNgho
neo9uYRJVawyUm1nyXvQrJxwVqapvXp6gVg6kwxr,I9zyEumkNRxIzJ9lhMe24gjeuA05krtaF8GygUHD,0tSt4SUsOj8fKBL2OwFTAz878S85snjiNnAx7n8z,MOx9AM3J6rnEQQJCSsWfT7wdOetSni3OV0mrNgho,I9zyEumkNRxIzJ9lhMe24gjeuA05krtaF8GygUHD,I9zyEumkNRxIzJ9lhMe24gjeuA05krtaF8GygUHD
G97yzpX8HPnbmrVEC0Aoz2si9mlAiCfZmduqw99n,BR0isoSnDlgTmIqukAORkXTz6C9ABpEWp1Yw4Fx6,hBG5vMBqkXoKVhe5nKFmfjAVyNoGHSr22VXcrkoN,I9zyEumkNRxIzJ9lhMe24gjeuA05krtaF8GygUHD,BR0isoSnDlgTmIqukAORkXTz6C9ABpEWp1Yw4Fx6,BR0isoSnDlgTmIqukAORkXTz6C9ABpEWp1Yw4Fx6
MOx9AM3J6rnEQQJCSsWfT7wdOetSni3OV0mrNgho,0tSt4SUsOj8fKBL2OwFTAz878S85snjiNnAx7n8z,G0PLr6xT9E96wJTJXQDNB728J4rHnKFKya5jIcwT,BR0isoSnDlgTmIqukAORkXTz6C9ABpEWp1Yw4Fx6,0tSt4SUsOj8fKBL2OwFTAz878S85snjiNnAx7n8z,0tSt4SUsOj8fKBL2OwFTAz878S85snjiNnAx7n8z
I9zyEumkNRxIzJ9lhMe24gjeuA05krtaF8GygUHD,hBG5vMBqkXoKVhe5nKFmfjAVyNoGHSr22VXcrkoN,DboXcHUzjiTnEyfVzMA8hgefX2B7suIPftuPWSyq,0tSt4SUsOj8fKBL2OwFTAz878S85snjiNnAx7n8z,hBG5vMBqkXoKVhe5nKFmfjAVyNoGHSr22VXcrkoN,G97yzpX8HPnbmrVEC0Aoz2si9mlAiCfZmduqw99n
BR0isoSnDlgTmIqukAORkXTz6C9ABpEWp1Yw4Fx6,G0PLr6xT9E96wJTJXQDNB728J4rHnKFKya5jIcwT,G97yzpX8HPnbmrVEC0Aoz2si9mlAiCfZmduqw99n,hBG5vMBqkXoKVhe5nKFmfjAVyNoGHSr22VXcrkoN,G97yzpX8HPnbmrVEC0Aoz2si9mlAiCfZmduqw99n,MOx9AM3J6rnEQQJCSsWfT7wdOetSni3OV0mrNgho
0tSt4SUsOj8fKBL2OwFTAz878S85snjiNnAx7n8z,DboXcHUzjiTnEyfVzMA8hgefX2B7suIPftuPWSyq,MOx9AM3J6rnEQQJCSsWfT7wdOetSni3OV0mrNgho,G0PLr6xT9E96wJTJXQDNB728J4rHnKFKya5jIcwT,MOx9AM3J6rnEQQJCSsWfT7wdOetSni3OV0mrNgho,I9zyEumkNRxIzJ9lhMe24gjeuA05krtaF8GygUHD
hBG5vMBqkXoKVhe5nKFmfjAVyNoGHSr22VXcrkoN,neo9uYRJVawyUm1nyXvQrJxwVqapvXp6gVg6kwxr,I9zyEumkNRxIzJ9lhMe24gjeuA05krtaF8GygUHD,G97yzpX8HPnbmrVEC0Aoz2si9mlAiCfZmduqw99n,I9zyEumkNRxIzJ9lhMe24gjeuA05krtaF8GygUHD,BR0isoSnDlgTmIqukAORkXTz6C9ABpEWp1Yw4Fx6
G0PLr6xT9E96wJTJXQDNB728J4rHnKFKya5jIcwT,nOgJEtffp9e3P1qN9pqUrIZB0WQ9VIdptmx5wtia,BR0isoSnDlgTmIqukAORkXTz6C9ABpEWp1Yw4Fx6,MOx9AM3J6rnEQQJCSsWfT7wdOetSni3OV0mrNgho,BR0isoSnDlgTmIqukAORkXTz6C9ABpEWp1Yw4Fx6,0tSt4SUsOj8fKBL2OwFTAz878S85snjiNnAx7n8z
DboXcHUzjiTnEyfVzMA8hgefX2B7suIPftuPWSyq,G97yzpX8HPnbmrVEC0Aoz2si9mlAiCfZmduqw99n,0tSt4SUsOj8fKBL2OwFTAz878S85snjiNnAx7n8z,I9zyEumkNRxIzJ9lhMe24gjeuA05krtaF8GygUHD,0tSt4SUsOj8fKBL2OwFTAz878S85snjiNnAx7n8z,G97yzpX8HPnbmrVEC0Aoz2si9mlAiCfZmduqw99n
neo9uYRJVawyUm1nyXvQrJxwVqapvXp6gVg6kwxr,MOx9AM3J6rnEQQJCSsWfT7wdOetSni3OV0mrNgho,hBG5vMBqkXoKVhe5nKFmfjAVyNoGHSr22VXcrkoN,BR0isoSnDlgTmIqukAORkXTz6C9ABpEWp1Yw4Fx6,hBG5vMBqkXoKVhe5nKFmfjAVyNoGHSr22VXcrkoN,MOx9AM3J6rnEQQJCSsWfT7wdOetSni3OV0mrNgho
G97yzpX8HPnbmrVEC0Aoz2si9mlAiCfZmduqw99n,I9zyEumkNRxIzJ9lhMe24gjeuA05krtaF8GygUHD,G0PLr6xT9E96wJTJXQDNB728J4rHnKFKya5jIcwT,0tSt4SUsOj8fKBL2OwFTAz878S85snjiNnAx7n8z,G97yzpX8HPnbmrVEC0Aoz2si9mlAiCfZmduqw99n,I9zyEumkNRxIzJ9lhMe24gjeuA05krtaF8GygUHD
MOx9AM3J6rnEQQJCSsWfT7wdOetSni3OV0mrNgho,BR0isoSnDlgTmIqukAORkXTz6C9ABpEWp1Yw4Fx6,DboXcHUzjiTnEyfVzMA8hgefX2B7suIPftuPWSyq,hBG5vMBqkXoKVhe5nKFmfjAVyNoGHSr22VXcrkoN,MOx9AM3J6rnEQQJCSsWfT7wdOetSni3OV0mrNgho,BR0isoSnDlgTmIqukAORkXTz6C9ABpEWp1Yw4Fx6
I9zyEumkNRxIzJ9lhMe24gjeuA05krtaF8GygUHD,0tSt4SUsOj8fKBL2OwFTAz878S85snjiNnAx7n8z,G97yzpX8HPnbmrVEC0Aoz2si9mlAiCfZmduqw99n,G0PLr6xT9E96wJTJXQDNB728J4rHnKFKya5jIcwT,I9zyEumkNRxIzJ9lhMe24gjeuA05krtaF8GygUHD,0tSt4SUsOj8fKBL2OwFTAz878S85snjiNnAx7n8z
BR0isoSnDlgTmIqukAORkXTz6C9ABpEWp1Yw4Fx6,hBG5vMBqkXoKVhe5nKFmfjAVyNoGHSr22VXcrkoN,MOx9AM3J6rnEQQJCSsWfT7wdOetSni3OV0mrNgho,G97yzpX8HPnbmrVEC0Aoz2si9mlAiCfZmduqw99n,BR0isoSnDlgTmIqukAORkXTz6C9ABpEWp1Yw4Fx6,G97yzpX8HPnbmrVEC0Aoz2si9mlAiCfZmduqw99n
0tSt4SUsOj8fKBL2OwFTAz878S85snjiNnAx7n8z,G0PLr6xT9E96wJTJXQDNB728J4rHnKFKya5jIcwT,I9zyEumkNRxIzJ9lhMe24gjeuA05krtaF8GygUHD,MOx9AM3J6rnEQQJCSsWfT7wdOetSni3OV0mrNgho,0tSt4SUsOj8fKBL2OwFTAz878S85snjiNnAx7n8z,MOx9AM3J6rnEQQJCSsWfT7wdOetSni3OV0mrNgho
hBG5vMBqkXoKVhe5nKFmfjAVyNoGHSr22VXcrkoN,DboXcHUzjiTnEyfVzMA8hgefX2B7suIPftuPWSyq,BR0isoSnDlgTmIqukAORkXTz6C9ABpEWp1Yw4Fx6,I9zyEumkNRxIzJ9lhMe24gjeuA05krtaF8GygUHD,hBG5vMBqkXoKVhe5nKFmfjAVyNoGHSr22VXcrkoN,I9zyEumkNRxIzJ9lhMe24gjeuA05krtaF8GygUHD
G0PLr6xT9E96wJTJXQDNB728J4rHnKFKya5jIcwT,neo9uYRJVawyUm1nyXvQrJxwVqapvXp6gVg6kwxr,0tSt4SUsOj8fKBL2OwFTAz878S85snjiNnAx7n8z,BR0isoSnDlgTmIqukAORkXTz6C9ABpEWp1Yw4Fx6,G97yzpX8HPnbmrVEC0Aoz2si9mlAiCfZmduqw99n,BR0isoSnDlgTmIqukAORkXTz6C9ABpEWp1Yw4Fx6
DboXcHUzjiTnEyfVzMA8hgefX2B7suIPftuPWSyq,nOgJEtffp9e3P1qN9pqUrIZB0WQ9VIdptmx5wtia,hBG5vMBqkXoKVhe5nKFmfjAVyNoGHSr22VXcrkoN,0tSt4SUsOj8fKBL2OwFTAz878S85snjiNnAx7n8z,MOx9AM3J6rnEQQJCSsWfT7wdOetSni3OV0mrNgho,0tSt4SUsOj8fKBL2OwFTAz878S85snjiNnAx7n8z
neo9uYRJVawyUm1nyXvQrJxwVqapvXp6gVg6kwxr,G97yzpX8HPnbmrVEC0Aoz2si9mlAiCfZmduqw99n,G0PLr6xT9E96wJTJXQDNB728J4rHnKFKya5jIcwT,hBG5vMBqkXoKVhe5nKFmfjAVyNoGHSr22VXcrkoN,I9zyEumkNRxIzJ9lhMe24gjeuA05krtaF8GygUHD,G97yzpX8HPnbmrVEC0Aoz2si9mlAiCfZmduqw99n
G97yzpX8HPnbmrVEC0Aoz2si9mlAiCfZmduqw99n,MOx9AM3J6rnEQQJCSsWfT7wdOetSni3OV0mrNgho,DboXcHUzjiTnEyfVzMA8hgefX2B7suIPftuPWSyq,G0PLr6xT9E96wJTJXQDNB728J4rHnKFKya5jIcwT,BR0isoSnDlgTmIqukAORkXTz6C9ABpEWp1Yw4Fx6,MOx9AM3J6rnEQQJCSsWfT7wdOetSni3OV0mrNgho
MOx9AM3J6rnEQQJCSsWfT7wdOetSni3OV0mrNgho,I9zyEumkNRxIzJ9lhMe24gjeuA05krtaF8GygUHD,G97yzpX8HPnbmrVEC0Aoz2si9mlAiCfZmduqw99n,G97yzpX8HPnbmrVEC0Aoz2si9mlAiCfZmduqw99n,0tSt4SUsOj8fKBL2OwFTAz878S85snjiNnAx7n8z,I9zyEumkNRxIzJ9lhMe24gjeuA05krtaF8GygUHD
I9zyEumkNRxIzJ9lhMe24gjeuA05krtaF8GygUHD,BR0isoSnDlgTmIqukAORkXTz6C9ABpEWp1Yw4Fx6,MOx9AM3J6rnEQQJCSsWfT7wdOetSni3OV0mrNgho,MOx9AM3J6rnEQQJCSsWfT7wdOetSni3OV0mrNgho,hBG5vMBqkXoKVhe5nKFmfjAVyNoGHSr22VXcrkoN,BR0isoSnDlgTmIqukAORkXTz6C9ABpEWp1Yw4Fx6
BR0isoSnDlgTmIqukAORkXTz6C9ABpEWp1Yw4Fx6,0tSt4SUsOj8fKBL2OwFTAz878S85snjiNnAx7n8z,I9zyEumkNRxIzJ9lhMe24gjeuA05krtaF8GygUHD,I9zyEumkNRxIzJ9lhMe24gjeuA05krtaF8GygUHD,G97yzpX8HPnbmrVEC0Aoz2si9mlAiCfZmduqw99n,0tSt4SUsOj8fKBL2OwFTAz878S85snjiNnAx7n8z
0tSt4SUsOj8fKBL2OwFTAz878S85snjiNnAx7n8z,hBG5vMBqkXoKVhe5nKFmfjAVyNoGHSr22VXcrkoN,BR0isoSnDlgTmIqukAORkXTz6C9ABpEWp1Yw4Fx6,BR0isoSnDlgTmIqukAORkXTz6C9ABpEWp1Yw4Fx6,MOx9AM3J6rnEQQJCSsWfT7wdOetSni3OV0mrNgho,G97yzpX8HPnbmrVEC0Aoz2si9mlAiCfZmduqw99n
hBG5vMBqkXoKVhe5nKFmfjAVyNoGHSr22VXcrkoN,G0PLr6xT9E96wJTJXQDNB728J4rHnKFKya5jIcwT,0tSt4SUsOj8fKBL2OwFTAz878S85snjiNnAx7n8z,0tSt4SUsOj8fKBL2OwFTAz878S85snjiNnAx7n8z,I9zyEumkNRxIzJ9lhMe24gjeuA05krtaF8GygUHD,MOx9AM3J6rnEQQJCSsWfT7wdOetSni3OV0mrNgho
G0PLr6xT9E96wJTJXQDNB728J4rHnKFKya5jIcwT,DboXcHUzjiTnEyfVzMA8hgefX2B7suIPftuPWSyq,hBG5vMBqkXoKVhe5nKFmfjAVyNoGHSr22VXcrkoN,hBG5vMBqkXoKVhe5nKFmfjAVyNoGHSr22VXcrkoN,BR0isoSnDlgTmIqukAORkXTz6C9ABpEWp1Yw4Fx6,I9zyEumkNRxIzJ9lhMe24gjeuA05krtaF8GygUHD
DboXcHUzjiTnEyfVzMA8hgefX2B7suIPftuPWSyq,neo9uYRJVawyUm1nyXvQrJxwVqapvXp6gVg6kwxr,G0PLr6xT9E96wJTJXQDNB728J4rHnKFKya5jIcwT,G0PLr6xT9E96wJTJXQDNB728J4rHnKFKya5jIcwT,0tSt4SUsOj8fKBL2OwFTAz878S85snjiNnAx7n8z,BR0isoSnDlgTmIqukAORkXTz6C9ABpEWp1Yw4Fx6
neo9uYRJVawyUm1nyXvQrJxwVqapvXp6gVg6kwxr,nOgJEtffp9e3P1qN9pqUrIZB0WQ9VIdptmx5wtia,DboXcHUzjiTnEyfVzMA8hgefX2B7suIPftuPWSyq,G97yzpX8HPnbmrVEC0Aoz2si9mlAiCfZmduqw99n,hBG5vMBqkXoKVhe5nKFmfjAVyNoGHSr22VXcrkoN,0tSt4SUsOj8fKBL2OwFTAz878S85snjiNnAx7n8z
G97yzpX8HPnbmrVEC0Aoz2si9mlAiCfZmduqw99n,G97yzpX8HPnbmrVEC0Aoz2si9mlAiCfZmduqw99n,G97yzpX8HPnbmrVEC0Aoz2si9mlAiCfZmduqw99n,MOx9AM3J6rnEQQJCSsWfT7wdOetSni3OV0mrNgho,G97yzpX8HPnbmrVEC0Aoz2si9mlAiCfZmduqw99n,G97yzpX8HPnbmrVEC0Aoz2si9mlAiCfZmduqw99n
MOx9AM3J6rnEQQJCSsWfT7wdOetSni3OV0mrNgho,MOx9AM3J6rnEQQJCSsWfT7wdOetSni3OV0mrNgho,MOx9AM3J6rnEQQJCSsWfT7wdOetSni3OV0mrNgho,I9zyEumkNRxIzJ9lhMe24gjeuA05krtaF8GygUHD,MOx9AM3J6rnEQQJCSsWfT7wdOetSni3OV0mrNgho,MOx9AM3J6rnEQQJCSsWfT7wdOetSni3OV0mrNgho
I9zyEumkNRxIzJ9lhMe24gjeuA05krtaF8GygUHD,I9zyEumkNRxIzJ9lhMe24gjeuA05krtaF8GygUHD,I9zyEumkNRxIzJ9lhMe24gjeuA05krtaF8GygUHD,BR0isoSnDlgTmIqukAORkXTz6C9ABpEWp1Yw4Fx6,I9zyEumkNRxIzJ9lhMe24gjeuA05krtaF8GygUHD,I9zyEumkNRxIzJ9lhMe24gjeuA05krtaF8GygUHD
BR0isoSnDlgTmIqukAORkXTz6C9ABpEWp1Yw4Fx6,BR0isoSnDlgTmIqukAORkXTz6C9ABpEWp1Yw4Fx6,BR0isoSnDlgTmIqukAORkXTz6C9ABpEWp1Yw4Fx6,0tSt4SUsOj8fKBL2OwFTAz878S85snjiNnAx7n8z,BR0isoSnDlgTmIqukAORkXTz6C9ABpEWp1Yw4Fx6,BR0isoSnDlgTmIqukAORkXTz6C9ABpEWp1Yw4Fx6
0tSt4SUsOj8fKBL2OwFTAz878S85snjiNnAx7n8z,0tSt4SUsOj8fKBL2OwFTAz878S85snjiNnAx7n8z,0tSt4SUsOj8fKBL2OwFTAz878S85snjiNnAx7n8z,hBG5vMBqkXoKVhe5nKFmfjAVyNoGHSr22VXcrkoN,0tSt4SUsOj8fKBL2OwFTAz878S85snjiNnAx7n8z,0tSt4SUsOj8fKBL2OwFTAz878S85snjiNnAx7n8z
hBG5vMBqkXoKVhe5nKFmfjAVyNoGHSr22VXcrkoN,hBG5vMBqkXoKVhe5nKFmfjAVyNoGHSr22VXcrkoN,hBG5vMBqkXoKVhe5nKFmfjAVyNoGHSr22VXcrkoN,G0PLr6xT9E96wJTJXQDNB728J4rHnKFKya5jIcwT,hBG5vMBqkXoKVhe5nKFmfjAVyNoGHSr22VXcrkoN,G97yzpX8HPnbmrVEC0Aoz2si9mlAiCfZmduqw99n
G0PLr6xT9E96wJTJXQDNB728J4rHnKFKya5jIcwT,G0PLr6xT9E96wJTJXQDNB728J4rHnKFKya5jIcwT,G0PLr6xT9E96wJTJXQDNB728J4rHnKFKya5jIcwT,G97yzpX8HPnbmrVEC0Aoz2si9mlAiCfZmduqw99n,G97yzpX8HPnbmrVEC0Aoz2si9mlAiCfZmduqw99n,MOx9AM3J6rnEQQJCSsWfT7wdOetSni3OV0mrNgho
DboXcHUzjiTnEyfVzMA8hgefX2B7suIPftuPWSyq,DboXcHUzjiTnEyfVzMA8hgefX2B7suIPftuPWSyq,DboXcHUzjiTnEyfVzMA8hgefX2B7suIPftuPWSyq,MOx9AM3J6rnEQQJCSsWfT7wdOetSni3OV0mrNgho,MOx9AM3J6rnEQQJCSsWfT7wdOetSni3OV0mrNgho,I9zyEumkNRxIzJ9lhMe24gjeuA05krtaF8GygUHD
neo9uYRJVawyUm1nyXvQrJxwVqapvXp6gVg6kwxr,neo9uYRJVawyUm1nyXvQrJxwVqapvXp6gVg6kwxr,G97yzpX8HPnbmrVEC0Aoz2si9mlAiCfZmduqw99n,I9zyEumkNRxIzJ9lhMe24gjeuA05krtaF8GygUHD,I9zyEumkNRxIzJ9lhMe24gjeuA05krtaF8GygUHD,BR0isoSnDlgTmIqukAORkXTz6C9ABpEWp1Yw4Fx6
G97yzpX8HPnbmrVEC0Aoz2si9mlAiCfZmduqw99n,nOgJEtffp9e3P1qN9pqUrIZB0WQ9VIdptmx5wtia,MOx9AM3J6rnEQQJCSsWfT7wdOetSni3OV0mrNgho,BR0isoSnDlgTmIqukAORkXTz6C9ABpEWp1Yw4Fx6,BR0isoSnDlgTmIqukAORkXTz6C9ABpEWp1Yw4Fx6,0tSt4SUsOj8fKBL2OwFTAz878S85snjiNnAx7n8z
MOx9AM3J6rnEQQJCSsWfT7wdOetSni3OV0mrNgho,G97yzpX8HPnbmrVEC0Aoz2si9mlAiCfZmduqw99n,I9zyEumkNRxIzJ9lhMe24gjeuA05krtaF8GygUHD,0tSt4SUsOj8fKBL2OwFTAz878S85snjiNnAx7n8z,0tSt4SUsOj8fKBL2OwFTAz878S85snjiNnAx7n8z,G97yzpX8HPnbmrVEC0Aoz2si9mlAiCfZmduqw99n
I9zyEumkNRxIzJ9lhMe24gjeuA05krtaF8GygUHD,MOx9AM3J6rnEQQJCSsWfT7wdOetSni3OV0mrNgho,BR0isoSnDlgTmIqukAORkXTz6C9ABpEWp1Yw4Fx6,hBG5vMBqkXoKVhe5nKFmfjAVyNoGHSr22VXcrkoN,hBG5vMBqkXoKVhe5nKFmfjAVyNoGHSr22VXcrkoN,MOx9AM3J6rnEQQJCSsWfT7wdOetSni3OV0mrNgho
BR0isoSnDlgTmIqukAORkXTz6C9ABpEWp1Yw4Fx6,I9zyEumkNRxIzJ9lhMe24gjeuA05krtaF8GygUHD,0tSt4SUsOj8fKBL2OwFTAz878S85snjiNnAx7n8z,G0PLr6xT9E96wJTJXQDNB728J4rHnKFKya5jIcwT,G97yzpX8HPnbmrVEC0Aoz2si9mlAiCfZmduqw99n,I9zyEumkNRxIzJ9lhMe24gjeuA05krtaF8GygUHD
0tSt4SUsOj8fKBL2OwFTAz878S85snjiNnAx7n8z,BR0isoSnDlgTmIqukAORkXTz6C9ABpEWp1Yw4Fx6,hBG5vMBqkXoKVhe5nKFmfjAVyNoGHSr22VXcrkoN,G97yzpX8HPnbmrVEC0Aoz2si9mlAiCfZmduqw99n,MOx9AM3J6rnEQQJCSsWfT7wdOetSni3OV0mrNgho,BR0isoSnDlgTmIqukAORkXTz6C9ABpEWp1Yw4Fx6
hBG5vMBqkXoKVhe5nKFmfjAVyNoGHSr22VXcrkoN,0tSt4SUsOj8fKBL2OwFTAz878S85snjiNnAx7n8z,G0PLr6xT9E96wJTJXQDNB728J4rHnKFKya5jIcwT,MOx9AM3J6rnEQQJCSsWfT7wdOetSni3OV0mrNgho,I9zyEumkNRxIzJ9lhMe24gjeuA05krtaF8GygUHD,0tSt4SUsOj8fKBL2OwFTAz878S85snjiNnAx7n8z
G0PLr6xT9E96wJTJXQDNB728J4rHnKFKya5jIcwT,hBG5vMBqkXoKVhe5nKFmfjAVyNoGHSr22VXcrkoN,DboXcHUzjiTnEyfVzMA8hgefX2B7suIPftuPWSyq,I9zyEumkNRxIzJ9lhMe24gjeuA05krtaF8GygUHD,BR0isoSnDlgTmIqukAORkXTz6C9ABpEWp1Yw4Fx6,G97yzpX8HPnbmrVEC0Aoz2si9mlAiCfZmduqw99n
DboXcHUzjiTnEyfVzMA8hgefX2B7suIPftuPWSyq,G0PLr6xT9E96wJTJXQDNB728J4rHnKFKya5jIcwT,G97yzpX8HPnbmrVEC0Aoz2si9mlAiCfZmduqw99n,BR0isoSnDlgTmIqukAORkXTz6C9ABpEWp1Yw4Fx6,0tSt4SUsOj8fKBL2OwFTAz878S85snjiNnAx7n8z,MOx9AM3J6rnEQQJCSsWfT7wdOetSni3OV0mrNgho
neo9uYRJVawyUm1nyXvQrJxwVqapvXp6gVg6kwxr,DboXcHUzjiTnEyfVzMA8hgefX2B7suIPftuPWSyq,MOx9AM3J6rnEQQJCSsWfT7wdOetSni3OV0mrNgho,0tSt4SUsOj8fKBL2OwFTAz878S85snjiNnAx7n8z,hBG5vMBqkXoKVhe5nKFmfjAVyNoGHSr22VXcrkoN,I9zyEumkNRxIzJ9lhMe24gjeuA05krtaF8GygUHD
G97yzpX8HPnbmrVEC0Aoz2si9mlAiCfZmduqw99n,neo9uYRJVawyUm1nyXvQrJxwVqapvXp6gVg6kwxr,I9zyEumkNRxIzJ9lhMe24gjeuA05krtaF8GygUHD,hBG5vMBqkXoKVhe5nKFmfjAVyNoGHSr22VXcrkoN,G97yzpX8HPnbmrVEC0Aoz2si9mlAiCfZmduqw99n,BR0isoSnDlgTmIqukAORkXTz6C9ABpEWp1Yw4Fx6
MOx9AM3J6rnEQQJCSsWfT7wdOetSni3OV0mrNgho,nOgJEtffp9e3P1qN9pqUrIZB0WQ9VIdptmx5wtia,BR0isoSnDlgTmIqukAORkXTz6C9ABpEWp1Yw4Fx6,G0PLr6xT9E96wJTJXQDNB728J4rHnKFKya5jIcwT,MOx9AM3J6rnEQQJCSsWfT7wdOetSni3OV0mrNgho,0tSt4SUsOj8fKBL2OwFTAz878S85snjiNnAx7n8z
I9zyEumkNRxIzJ9lhMe24gjeuA05krtaF8GygUHD,G97yzpX8HPnbmrVEC0Aoz2si9mlAiCfZmduqw99n,0tSt4SUsOj8fKBL2OwFTAz878S85snjiNnAx7n8z,G97yzpX8HPnbmrVEC0Aoz2si9mlAiCfZmduqw99n,I9zyEumkNRxIzJ9lhMe24gjeuA05krtaF8GygUHD,G97yzpX8HPnbmrVEC0Aoz2si9mlAiCfZmduqw99n
BR0isoSnDlgTmIqukAORkXTz6C9ABpEWp1Yw4Fx6,MOx9AM3J6rnEQQJCSsWfT7wdOetSni3OV0mrNgho,hBG5vMBqkXoKVhe5nKFmfjAVyNoGHSr22VXcrkoN,MOx9AM3J6rnEQQJCSsWfT7wdOetSni3OV0mrNgho,BR0isoSnDlgTmIqukAORkXTz6C9ABpEWp1Yw4Fx6,MOx9AM3J6rnEQQJCSsWfT7wdOetSni3OV0mrNgho
0tSt4SUsOj8fKBL2OwFTAz878S85snjiNnAx7n8z,I9zyEumkNRxIzJ9lhMe24gjeuA05krtaF8GygUHD,G0PLr6xT9E96wJTJXQDNB728J4rHnKFKya5jIcwT,I9zyEumkNRxIzJ9lhMe24gjeuA05krtaF8GygUHD,0tSt4SUsOj8fKBL2OwFTAz878S85snjiNnAx7n8z,I9zyEumkNRxIzJ9lhMe24gjeuA05krtaF8GygUHD
hBG5vMBqkXoKVhe5nKFmfjAVyNoGHSr22VXcrkoN,BR0isoSnDlgTmIqukAORkXTz6C9ABpEWp1Yw4Fx6,DboXcHUzjiTnEyfVzMA8hgefX2B7suIPftuPWSyq,BR0isoSnDlgTmIqukAORkXTz6C9ABpEWp1Yw4Fx6,hBG5vMBqkXoKVhe5nKFmfjAVyNoGHSr22VXcrkoN,BR0isoSnDlgTmIqukAORkXTz6C9ABpEWp1Yw4Fx6
G0PLr6xT9E96wJTJXQDNB728J4rHnKFKya5jIcwT,0tSt4SUsOj8fKBL2OwFTAz878S85snjiNnAx7n8z,G97yzpX8HPnbmrVEC0Aoz2si9mlAiCfZmduqw99n,0tSt4SUsOj8fKBL2OwFTAz878S85snjiNnAx7n8z,G97yzpX8HPnbmrVEC0Aoz2si9mlAiCfZmduqw99n,0tSt4SUsOj8fKBL2OwFTAz878S85snjiNnAx7n8z
DboXcHUzjiTnEyfVzMA8hgefX2B7suIPftuPWSyq,hBG5vMBqkXoKVhe5nKFmfjAVyNoGHSr22VXcrkoN,MOx9AM3J6rnEQQJCSsWfT7wdOetSni3OV0mrNgho,hBG5vMBqkXoKVhe5nKFmfjAVyNoGHSr22VXcrkoN,MOx9AM3J6rnEQQJCSsWfT7wdOetSni3OV0mrNgho,G97yzpX8HPnbmrVEC0Aoz2si9mlAiCfZmduqw99n
neo9uYRJVawyUm1nyXvQrJxwVqapvXp6gVg6kwxr,G0PLr6xT9E96wJTJXQDNB728J4rHnKFKya5jIcwT,I9zyEumkNRxIzJ9lhMe24gjeuA05krtaF8GygUHD,G0PLr6xT9E96wJTJXQDNB728J4rHnKFKya5jIcwT,I9zyEumkNRxIzJ9lhMe24gjeuA05krtaF8GygUHD,MOx9AM3J6rnEQQJCSsWfT7wdOetSni3OV0mrNgho
G97yzpX8HPnbmrVEC0Aoz2si9mlAiCfZmduqw99n,DboXcHUzjiTnEyfVzMA8hgefX2B7suIPftuPWSyq,BR0isoSnDlgTmIqukAORkXTz6C9ABpEWp1Yw4Fx6,G97yzpX8HPnbmrVEC0Aoz2si9mlAiCfZmduqw99n,BR0isoSnDlgTmIqukAORkXTz6C9ABpEWp1Yw4Fx6,I9zyEumkNRxIzJ9lhMe24gjeuA05krtaF8GygUHD
MOx9AM3J6rnEQQJCSsWfT7wdOetSni3OV0mrNgho,neo9uYRJVawyUm1nyXvQrJxwVqapvXp6gVg6kwxr,0tSt4SUsOj8fKBL2OwFTAz878S85snjiNnAx7n8z,MOx9AM3J6rnEQQJCSsWfT7wdOetSni3OV0mrNgho,0tSt4SUsOj8fKBL2OwFTAz878S85snjiNnAx7n8z,BR0isoSnDlgTmIqukAORkXTz6C9ABpEWp1Yw4Fx6
I9zyEumkNRxIzJ9lhMe24gjeuA05krtaF8GygUHD,nOgJEtffp9e3P1qN9pqUrIZB0WQ9VIdptmx5wtia,hBG5vMBqkXoKVhe5nKFmfjAVyNoGHSr22VXcrkoN,I9zyEumkNRxIzJ9lhMe24gjeuA05krtaF8GygUHD,hBG5vMBqkXoKVhe5nKFmfjAVyNoGHSr22VXcrkoN,0tSt4SUsOj8fKBL2OwFTAz878S85snjiNnAx7n8z
BR0isoSnDlgTmIqukAORkXTz6C9ABpEWp1Yw4Fx6,G97yzpX8HPnbmrVEC0Aoz2si9mlAiCfZmduqw99n,G0PLr6xT9E96wJTJXQDNB728J4rHnKFKya5jIcwT,BR0isoSnDlgTmIqukAORkXTz6C9ABpEWp1Yw4Fx6,G97yzpX8HPnbmrVEC0Aoz2si9mlAiCfZmduqw99n,G97yzpX8HPnbmrVEC0Aoz2si9mlAiCfZmduqw99n
0tSt4SUsOj8fKBL2OwFTAz878S85snjiNnAx7n8z,MOx9AM3J6rnEQQJCSsWfT7wdOetSni3OV0mrNgho,DboXcHUzjiTnEyfVzMA8hgefX2B7suIPftuPWSyq,0tSt4SUsOj8fKBL2OwFTAz878S85snjiNnAx7n8z,MOx9AM3J6rnEQQJCSsWfT7wdOetSni3OV0mrNgho,MOx9AM3J6rnEQQJCSsWfT7wdOetSni3OV0mrNgho
hBG5vMBqkXoKVhe5nKFmfjAVyNoGHSr22VXcrkoN,I9zyEumkNRxIzJ9lhMe24gjeuA05krtaF8GygUHD,G97yzpX8HPnbmrVEC0Aoz2si9mlAiCfZmduqw99n,hBG5vMBqkXoKVhe5nKFmfjAVyNoGHSr22VXcrkoN,I9zyEumkNRxIzJ9lhMe24gjeuA05krtaF8GygUHD,I9zyEumkNRxIzJ9lhMe24gjeuA05krtaF8GygUHD
G0PLr6xT9E96wJTJXQDNB728J4rHnKFKya5jIcwT,BR0isoSnDlgTmIqukAORkXTz6C9ABpEWp1Yw4Fx6,MOx9AM3J6rnEQQJCSsWfT7wdOetSni3OV0mrNgho,G0PLr6xT9E96wJTJXQDNB728J4rHnKFKya5jIcwT,BR0isoSnDlgTmIqukAORkXTz6C9ABpEWp1Yw4Fx6,BR0isoSnDlgTmIqukAORkXTz6C9ABpEWp1Yw4Fx6
DboXcHUzjiTnEyfVzMA8hgefX2B7suIPftuPWSyq,0tSt4SUsOj8fKBL2OwFTAz878S85snjiNnAx7n8z,I9zyEumkNRxIzJ9lhMe24gjeuA05krtaF8GygUHD,G97yzpX8HPnbmrVEC0Aoz2si9mlAiCfZmduqw99n,0tSt4SUsOj8fKBL2OwFTAz878S85snjiNnAx7n8z,0tSt4SUsOj8fKBL2OwFTAz878S85snjiNnAx7n8z
neo9uYRJVawyUm1nyXvQrJxwVqapvXp6gVg6kwxr,hBG5vMBqkXoKVhe5nKFmfjAVyNoGHSr22VXcrkoN,BR0isoSnDlgTmIqukAORkXTz6C9ABpEWp1Yw4Fx6,MOx9AM3J6rnEQQJCSsWfT7wdOetSni3OV0mrNgho,hBG5vMBqkXoKVhe5nKFmfjAVyNoGHSr22VXcrkoN,G97yzpX8HPnbmrVEC0Aoz2si9mlAiCfZmduqw99n
G97yzpX8HPnbmrVEC0Aoz2si9mlAiCfZmduqw99n,G0PLr6xT9E96wJTJXQDNB728J4rHnKFKya5jIcwT,0tSt4SUsOj8fKBL2OwFTAz878S85snjiNnAx7n8z,I9zyEumkNRxIzJ9lhMe24gjeuA05krtaF8GygUHD,G97yzpX8HPnbmrVEC0Aoz2si9mlAiCfZmduqw99n,MOx9AM3J6rnEQQJCSsWfT7wdOetSni3OV0mrNgho
MOx9AM3J6rnEQQJCSsWfT7wdOetSni3OV0mrNgho,DboXcHUzjiTnEyfVzMA8hgefX2B7suIPftuPWSyq,hBG5vMBqkXoKVhe5nKFmfjAVyNoGHSr22VXcrkoN,BR0isoSnDlgTmIqukAORkXTz6C9ABpEWp1Yw4Fx6,MOx9AM3J6rnEQQJCSsWfT7wdOetSni3OV0mrNgho,I9zyEumkNRxIzJ9lhMe24gjeuA05krtaF8GygUHD
I9zyEumkNRxIzJ9lhMe24gjeuA05krtaF8GygUHD,neo9uYRJVawyUm1nyXvQrJxwVqapvXp6gVg6kwxr,G0PLr6xT9E96wJTJXQDNB728J4rHnKFKya5jIcwT,0tSt4SUsOj8fKBL2OwFTAz878S85snjiNnAx7n8z,I9zyEumkNRxIzJ9lhMe24gjeuA05krtaF8GygUHD,BR0isoSnDlgTmIqukAORkXTz6C9ABpEWp1Yw4Fx6
BR0isoSnDlgTmIqukAORkXTz6C9ABpEWp1Yw4Fx6,nOgJEtffp9e3P1qN9pqUrIZB0WQ9VIdptmx5wtia,DboXcHUzjiTnEyfVzMA8hgefX2B7suIPftuPWSyq,hBG5vMBqkXoKVhe5nKFmfjAVyNoGHSr22VXcrkoN,BR0isoSnDlgTmIqukAORkXTz6C9ABpEWp1Yw4Fx6,0tSt4SUsOj8fKBL2OwFTAz878S85snjiNnAx7n8z
0tSt4SUsOj8fKBL2OwFTAz878S85snjiNnAx7n8z,G97yzpX8HPnbmrVEC0Aoz2si9mlAiCfZmduqw99n,G97yzpX8HPnbmrVEC0Aoz2si9mlAiCfZmduqw99n,G0PLr6xT9E96wJTJXQDNB728J4rHnKFKya5jIcwT,0tSt4SUsOj8fKBL2OwFTAz878S85snjiNnAx7n8z,G97yzpX8HPnbmrVEC0Aoz2si9mlAiCfZmduqw99n
hBG5vMBqkXoKVhe5nKFmfjAVyNoGHSr22VXcrkoN,MOx9AM3J6rnEQQJCSsWfT7wdOetSni3OV0mrNgho,MOx9AM3J6rnEQQJCSsWfT7wdOetSni3OV0mrNgho,G97yzpX8HPnbmrVEC0Aoz2si9mlAiCfZmduqw99n,hBG5vMBqkXoKVhe5nKFmfjAVyNoGHSr22VXcrkoN,MOx9AM3J6rnEQQJCSsWfT7wdOetSni3OV0mrNgho
G0PLr6xT9E96wJTJXQDNB728J4rHnKFKya5jIcwT,I9zyEumkNRxIzJ9lhMe24gjeuA05krtaF8GygUHD,I9zyEumkNRxIzJ9lhMe24gjeuA05krtaF8GygUHD,MOx9AM3J6rnEQQJCSsWfT7wdOetSni3OV0mrNgho,G97yzpX8HPnbmrVEC0Aoz2si9mlAiCfZmduqw99n,I9zyEumkNRxIzJ9lhMe24gjeuA05krtaF8GygUHD
DboXcHUzjiTnEyfVzMA8hgefX2B7suIPftuPWSyq,BR0isoSnDlgTmIqukAORkXTz6C9ABpEWp1Yw4Fx6,BR0isoSnDlgTmIqukAORkXTz6C9ABpEWp1Yw4Fx6,I9zyEumkNRxIzJ9lhMe24gjeuA05krtaF8GygUHD,MOx9AM3J6rnEQQJCSsWfT7wdOetSni3OV0mrNgho,BR0isoSnDlgTmIqukAORkXTz6C9ABpEWp1Yw4Fx6
neo9uYRJVawyUm1nyXvQrJxwVqapvXp6gVg6kwxr,0tSt4SUsOj8fKBL2OwFTAz878S85snjiNnAx7n8z,0tSt4SUsOj8fKBL2OwFTAz878S85snjiNnAx7n8z,BR0isoSnDlgTmIqukAORkXTz6C9ABpEWp1Yw4Fx6,I9zyEumkNRxIzJ9lhMe24gjeuA05krtaF8GygUHD,0tSt4SUsOj8fKBL2OwFTAz878S85snjiNnAx7n8z
G97yzpX8HPnbmrVEC0Aoz2si9mlAiCfZmduqw99n,hBG5vMBqkXoKVhe5nKFmfjAVyNoGHSr22VXcrkoN,hBG5vMBqkXoKVhe5nKFmfjAVyNoGHSr22VXcrkoN,0tSt4SUsOj8fKBL2OwFTAz878S85snjiNnAx7n8z,BR0isoSnDlgTmIqukAORkXTz6C9ABpEWp1Yw4Fx6,G97yzpX8HPnbmrVEC0Aoz2si9mlAiCfZmduqw99n
MOx9AM3J6rnEQQJCSsWfT7wdOetSni3OV0mrNgho,G0PLr6xT9E96wJTJXQDNB728J4rHnKFKya5jIcwT,G0PLr6xT9E96wJTJXQDNB728J4rHnKFKya5jIcwT,hBG5vMBqkXoKVhe5nKFmfjAVyNoGHSr22VXcrkoN,0tSt4SUsOj8fKBL2OwFTAz878S85snjiNnAx7n8z,MOx9AM3J6rnEQQJCSsWfT7wdOetSni3OV0mrNgho
I9zyEumkNRxIzJ9lhMe24gjeuA05krtaF8GygUHD,DboXcHUzjiTnEyfVzMA8hgefX2B7suIPftuPWSyq,DboXcHUzjiTnEyfVzMA8hgefX2B7suIPftuPWSyq,G0PLr6xT9E96wJTJXQDNB728J4rHnKFKya5jIcwT,hBG5vMBqkXoKVhe5nKFmfjAVyNoGHSr22VXcrkoN,I9zyEumkNRxIzJ9lhMe24gjeuA05krtaF8GygUHD
BR0isoSnDlgTmIqukAORkXTz6C9ABpEWp1Yw4Fx6,neo9uYRJVawyUm1nyXvQrJxwVqapvXp6gVg6kwxr,G97yzpX8HPnbmrVEC0Aoz2si9mlAiCfZmduqw99n,G97yzpX8HPnbmrVEC0Aoz2si9mlAiCfZmduqw99n,G97yzpX8HPnbmrVEC0Aoz2si9mlAiCfZmduqw99n,BR0isoSnDlgTmIqukAORkXTz6C9ABpEWp1Yw4Fx6
0tSt4SUsOj8fKBL2OwFTAz878S85snjiNnAx7n8z,nOgJEtffp9e3P1qN9pqUrIZB0WQ9VIdptmx5wtia,MOx9AM3J6rnEQQJCSsWfT7wdOetSni3OV0mrNgho,MOx9AM3J6rnEQQJCSsWfT7wdOetSni3OV0mrNgho,MOx9AM3J6rnEQQJCSsWfT7wdOetSni3OV0mrNgho,0tSt4SUsOj8fKBL2OwFTAz878S85snjiNnAx7n8z
hBG5vMBqkXoKVhe5nKFmfjAVyNoGHSr22VXcrkoN,G97yzpX8HPnbmrVEC0Aoz2si9mlAiCfZmduqw99n,I9zyEumkNRxIzJ9lhMe24gjeuA05krtaF8GygUHD,I9zyEumkNRxIzJ9lhMe24gjeuA05krtaF8GygUHD,I9zyEumkNRxIzJ9lhMe24gjeuA05krtaF8GygUHD,G97yzpX8HPnbmrVEC0Aoz2si9mlAiCfZmduqw99n
G0PLr6xT9E96wJTJXQDNB728J4rHnKFKya5jIcwT,MOx9AM3J6rnEQQJCSsWfT7wdOetSni3OV0mrNgho,BR0isoSnDlgTmIqukAORkXTz6C9ABpEWp1Yw4Fx6,BR0isoSnDlgTmIqukAORkXTz6C9ABpEWp1Yw4Fx6,BR0isoSnDlgTmIqukAORkXTz6C9ABpEWp1Yw4Fx6,MOx9AM3J6rnEQQJCSsWfT7wdOetSni3OV0mrNgho
DboXcHUzjiTnEyfVzMA8hgefX2B7suIPftuPWSyq,I9zyEumkNRxIzJ9lhMe24gjeuA05krtaF8GygUHD,0tSt4SUsOj8fKBL2OwFTAz878S85snjiNnAx7n8z,0tSt4SUsOj8fKBL2OwFTAz878S85snjiNnAx7n8z,0tSt4SUsOj8fKBL2OwFTAz878S85snjiNnAx7n8z,I9zyEumkNRxIzJ9lhMe24gjeuA05krtaF8GygUHD
neo9uYRJVawyUm1nyXvQrJxwVqapvXp6gVg6kwxr,BR0isoSnDlgTmIqukAORkXTz6C9ABpEWp1Yw4Fx6,hBG5vMBqkXoKVhe5nKFmfjAVyNoGHSr22VXcrkoN,hBG5vMBqkXoKVhe5nKFmfjAVyNoGHSr22VXcrkoN,hBG5vMBqkXoKVhe5nKFmfjAVyNoGHSr22VXcrkoN,BR0isoSnDlgTmIqukAORkXTz6C9ABpEWp1Yw4Fx6
G97yzpX8HPnbmrVEC0Aoz2si9mlAiCfZmduqw99n,0tSt4SUsOj8fKBL2OwFTAz878S85snjiNnAx7n8z,G0PLr6xT9E96wJTJXQDNB728J4rHnKFKya5jIcwT,G0PLr6xT9E96wJTJXQDNB728J4rHnKFKya5jIcwT,G97yzpX8HPnbmrVEC0Aoz2si9mlAiCfZmduqw99n,0tSt4SUsOj8fKBL2OwFTAz878S85snjiNnAx7n8z
MOx9AM3J6rnEQQJCSsWfT7wdOetSni3OV0mrNgho,hBG5vMBqkXoKVhe5nKFmfjAVyNoGHSr22VXcrkoN,DboXcHUzjiTnEyfVzMA8hgefX2B7suIPftuPWSyq,G97yzpX8HPnbmrVEC0Aoz2si9mlAiCfZmduqw99n,MOx9AM3J6rnEQQJCSsWfT7wdOetSni3OV0mrNgho,G97yzpX8HPnbmrVEC0Aoz2si9mlAiCfZmduqw99n
I9zyEumkNRxIzJ9lhMe24gjeuA05krtaF8GygUHD,G0PLr6xT9E96wJTJXQDNB728J4rHnKFKya5jIcwT,G97yzpX8HPnbmrVEC0Aoz2si9mlAiCfZmduqw99n,MOx9AM3J6rnEQQJCSsWfT7wdOetSni3OV0mrNgho,I9zyEumkNRxIzJ9lhMe24gjeuA05krtaF8GygUHD,MOx9AM3J6rnEQQJCSsWfT7wdOetSni3OV0mrNgho
BR0isoSnDlgTmIqukAORkXTz6C9ABpEWp1Yw4Fx6,DboXcHUzjiTnEyfVzMA8hgefX2B7suIPftuPWSyq,MOx9AM3J6rnEQQJCSsWfT7wdOetSni3OV0mrNgho,I9zyEumkNRxIzJ9lhMe24gjeuA05krtaF8GygUHD,BR0isoSnDlgTmIqukAORkXTz6C9ABpEWp1Yw4Fx6,I9zyEumkNRxIzJ9lhMe24gjeuA05krtaF8GygUHD
0tSt4SUsOj8fKBL2OwFTAz878S85snjiNnAx7n8z,neo9uYRJVawyUm1nyXvQrJxwVqapvXp6gVg6kwxr,I9zyEumkNRxIzJ9lhMe24gjeuA05krtaF8GygUHD,BR0isoSnDlgTmIqukAORkXTz6C9ABpEWp1Yw4Fx6,0tSt4SUsOj8fKBL2OwFTAz878S85snjiNnAx7n8z,BR0isoSnDlgTmIqukAORkXTz6C9ABpEWp1Yw4Fx6
hBG5vMBqkXoKVhe5nKFmfjAVyNoGHSr22VXcrkoN,nOgJEtffp9e3P1qN9pqUrIZB0WQ9VIdptmx5wtia,BR0isoSnDlgTmIqukAORkXTz6C9ABpEWp1Yw4Fx6,0tSt4SUsOj8fKBL2OwFTAz878S85snjiNnAx7n8z,hBG5vMBqkXoKVhe5nKFmfjAVyNoGHSr22VXcrkoN,0tSt4SUsOj8fKBL2OwFTAz878S85snjiNnAx7n8z
G0PLr6xT9E96wJTJXQDNB728J4rHnKFKya5jIcwT,G97yzpX8HPnbmrVEC0Aoz2si9mlAiCfZmduqw99n,0tSt4SUsOj8fKBL2OwFTAz878S85snjiNnAx7n8z,hBG5vMBqkXoKVhe5nKFmfjAVyNoGHSr22VXcrkoN,G97yzpX8HPnbmrVEC0Aoz2si9mlAiCfZmduqw99n,G97yzpX8HPnbmrVEC0Aoz2si9mlAiCfZmduqw99n
DboXcHUzjiTnEyfVzMA8hgefX2B7suIPftuPWSyq,MOx9AM3J6rnEQQJCSsWfT7wdOetSni3OV0mrNgho,hBG5vMBqkXoKVhe5nKFmfjAVyNoGHSr22VXcrkoN,G0PLr6xT9E96wJTJXQDNB728J4rHnKFKya5jIcwT,MOx9AM3J6rnEQQJCSsWfT7wdOetSni3OV0mrNgho,MOx9AM3J6rnEQQJCSsWfT7wdOetSni3OV0mrNgho
neo9uYRJVawyUm1nyXvQrJxwVqapvXp6gVg6kwxr,I9zyEumkNRxIzJ9lhMe24gjeuA05krtaF8GygUHD,G0PLr6xT9E96wJTJXQDNB728J4rHnKFKya5jIcwT,G97yzpX8HPnbmrVEC0Aoz2si9mlAiCfZmduqw99n,I9zyEumkNRxIzJ9lhMe24gjeuA05krtaF8GygUHD,I9zyEumkNRxIzJ9lhMe24gjeuA05krtaF8GygUHD
G97yzpX8HPnbmrVEC0Aoz2si9mlAiCfZmduqw99n,BR0isoSnDlgTmIqukAORkXTz6C9ABpEWp1Yw4Fx6,DboXcHUzjiTnEyfVzMA8hgefX2B7suIPftuPWSyq,MOx9AM3J6rnEQQJCSsWfT7wdOetSni3OV0mrNgho,BR0isoSnDlgTmIqukAORkXTz6C9ABpEWp1Yw4Fx6,BR0isoSnDlgTmIqukAORkXTz6C9ABpEWp1Yw4Fx6
MOx9AM3J6rnEQQJCSsWfT7wdOetSni3OV0mrNgho,0tSt4SUsOj8fKBL2OwFTAz878S85snjiNnAx7n8z,G97yzpX8HPnbmrVEC0Aoz2si9mlAiCfZmduqw99n,I9zyEumkNRxIzJ9lhMe24gjeuA05krtaF8GygUHD,0tSt4SUsOj8fKBL2OwFTAz878S85snjiNnAx7n8z,0tSt4SUsOj8fKBL2OwFTAz878S85snjiNnAx7n8z
I9zyEumkNRxIzJ9lhMe24gjeuA05krtaF8GygUHD,hBG5vMBqkXoKVhe5nKFmfjAVyNoGHSr22VXcrkoN,MOx9AM3J6rnEQQJCSsWfT7wdOetSni3OV0mrNgho,BR0isoSnDlgTmIqukAORkXTz6C9ABpEWp1Yw4Fx6,hBG5vMBqkXoKVhe5nKFmfjAVyNoGHSr22VXcrkoN,G97yzpX8HPnbmrVEC0Aoz2si9mlAiCfZmduqw99n
BR0isoSnDlgTmIqukAORkXTz6C9ABpEWp1Yw4Fx6,G0PLr6xT9E96wJTJXQDNB728J4rHnKFKya5jIcwT,I9zyEumkNRxIzJ9lhMe24gjeuA05krtaF8GygUHD,0tSt4SUsOj8fKBL2OwFTAz878S85snjiNnAx7n8z,G97yzpX8HPnbmrVEC0Aoz2si9mlAiCfZmduqw99n,MOx9AM3J6rnEQQJCSsWfT7wdOetSni3OV0mrNgho
0tSt4SUsOj8fKBL2OwFTAz878S85snjiNnAx7n8z,DboXcHUzjiTnEyfVzMA8hgefX2B7suIPftuPWSyq,BR0isoSnDlgTmIqukAORkXTz6C9ABpEWp1Yw4Fx6,hBG5vMBqkXoKVhe5nKFmfjAVyNoGHSr22VXcrkoN,MOx9AM3J6rnEQQJCSsWfT7wdOetSni3OV0mrNgho,I9zyEumkNRxIzJ9lhMe24gjeuA05krtaF8GygUHD
hBG5vMBqkXoKVhe5nKFmfjAVyNoGHSr22VXcrkoN,neo9uYRJVawyUm1nyXvQrJxwVqapvXp6gVg6kwxr,0tSt4SUsOj8fKBL2OwFTAz878S85snjiNnAx7n8z,G0PLr6xT9E96wJTJXQDNB728J4rHnKFKya5jIcwT,I9zyEumkNRxIzJ9lhMe24gjeuA05krtaF8GygUHD,BR0isoSnDlgTmIqukAORkXTz6C9ABpEWp1Yw4Fx6
G0PLr6xT9E96wJTJXQDNB728J4rHnKFKya5jIcwT,nOgJEtffp9e3P1qN9pqUrIZB0WQ9VIdptmx5wtia,hBG5vMBqkXoKVhe5nKFmfjAVyNoGHSr22VXcrkoN,G97yzpX8HPnbmrVEC0Aoz2si9mlAiCfZmduqw99n,BR0isoSnDlgTmIqukAORkXTz6C9ABpEWp1Yw4Fx6,0tSt4SUsOj8fKBL2OwFTAz878S85snjiNnAx7n8z
DboXcHUzjiTnEyfVzMA8hgefX2B7suIPftuPWSyq,G97yzpX8HPnbmrVEC0Aoz2si9mlAiCfZmduqw99n,G0PLr6xT9E96wJTJXQDNB728J4rHnKFKya5jIcwT,MOx9AM3J6rnEQQJCSsWfT7wdOetSni3OV0mrNgho,0tSt4SUsOj8fKBL2OwFTAz878S85snjiNnAx7n8z,G97yzpX8HPnbmrVEC0Aoz2si9mlAiCfZmduqw99n
neo9uYRJVawyUm1nyXvQrJxwVqapvXp6gVg6kwxr,MOx9AM3J6rnEQQJCSsWfT7wdOetSni3OV0mrNgho,DboXcHUzjiTnEyfVzMA8hgefX2B7suIPftuPWSyq,I9zyEumkNRxIzJ9lhMe24gjeuA05krtaF8GygUHD,hBG5vMBqkXoKVhe5nKFmfjAVyNoGHSr22VXcrkoN,MOx9AM3J6rnEQQJCSsWfT7wdOetSni3OV0mrNgho
G97yzpX8HPnbmrVEC0Aoz2si9mlAiCfZmduqw99n,I9zyEumkNRxIzJ9lhMe24gjeuA05krtaF8GygUHD,G97yzpX8HPnbmrVEC0Aoz2si9mlAiCfZmduqw99n,BR0isoSnDlgTmIqukAORkXTz6C9ABpEWp1Yw4Fx6,G97yzpX8HPnbmrVEC0Aoz2si9mlAiCfZmduqw99n,I9zyEumkNRxIzJ9lhMe24gjeuA05krtaF8GygUHD
MOx9AM3J6rnEQQJCSsWfT7wdOetSni3OV0mrNgho,BR0isoSnDlgTmIqukAORkXTz6C9ABpEWp1Yw4Fx6,MOx9AM3J6rnEQQJCSsWfT7wdOetSni3OV0mrNgho,0tSt4SUsOj8fKBL2OwFTAz878S85snjiNnAx7n8z,MOx9AM3J6rnEQQJCSsWfT7wdOetSni3OV0mrNgho,BR0isoSnDlgTmIqukAORkXTz6C9ABpEWp1Yw4Fx6
I9zyEumkNRxIzJ9lhMe24gjeuA05krtaF8GygUHD,0tSt4SUsOj8fKBL2OwFTAz878S85snjiNnAx7n8z,I9zyEumkNRxIzJ9lhMe24gjeuA05krtaF8GygUHD,hBG5vMBqkXoKVhe5nKFmfjAVyNoGHSr22VXcrkoN,I9zyEumkNRxIzJ9lhMe24gjeuA05krtaF8GygUHD,0tSt4SUsOj8fKBL2OwFTAz878S85snjiNnAx7n8z
BR0isoSnDlgTmIqukAORkXTz6C9ABpEWp1Yw4Fx6,hBG5vMBqkXoKVhe5nKFmfjAVyNoGHSr22VXcrkoN,BR0isoSnDlgTmIqukAORkXTz6C9ABpEWp1Yw4Fx6,G0PLr6xT9E96wJTJXQDNB728J4rHnKFKya5jIcwT,BR0isoSnDlgTmIqukAORkXTz6C9ABpEWp1Yw4Fx6,G97yzpX8HPnbmrVEC0Aoz2si9mlAiCfZmduqw99n
0tSt4SUsOj8fKBL2OwFTAz878S85snjiNnAx7n8z,G0PLr6xT9E96wJTJXQDNB728J4rHnKFKya5jIcwT,0tSt4SUsOj8fKBL2OwFTAz878S85snjiNnAx7n8z,G97yzpX8HPnbmrVEC0Aoz2si9mlAiCfZmduqw99n,0tSt4SUsOj8fKBL2OwFTAz878S85snjiNnAx7n8z,MOx9AM3J6rnEQQJCSsWfT7wdOetSni3OV0mrNgho
hBG5vMBqkXoKVhe5nKFmfjAVyNoGHSr22VXcrkoN,DboXcHUzjiTnEyfVzMA8hgefX2B7suIPftuPWSyq,hBG5vMBqkXoKVhe5nKFmfjAVyNoGHSr22VXcrkoN,MOx9AM3J6rnEQQJCSsWfT7wdOetSni3OV0mrNgho,hBG5vMBqkXoKVhe5nKFmfjAVyNoGHSr22VXcrkoN,I9zyEumkNRxIzJ9lhMe24gjeuA05krtaF8GygUHD
G0PLr6xT9E96wJTJXQDNB728J4rHnKFKya5jIcwT,neo9uYRJVawyUm1nyXvQrJxwVqapvXp6gVg6kwxr,G0PLr6xT9E96wJTJXQDNB728J4rHnKFKya5jIcwT,I9zyEumkNRxIzJ9lhMe24gjeuA05krtaF8GygUHD,G97yzpX8HPnbmrVEC0Aoz2si9mlAiCfZmduqw99n,BR0isoSnDlgTmIqukAORkXTz6C9ABpEWp1Yw4Fx6
DboXcHUzjiTnEyfVzMA8hgefX2B7suIPftuPWSyq,nOgJEtffp9e3P1qN9pqUrIZB0WQ9VIdptmx5wtia,DboXcHUzjiTnEyfVzMA8hgefX2B7suIPftuPWSyq,BR0isoSnDlgTmIqukAORkXTz6C9ABpEWp1Yw4Fx6,MOx9AM3J6rnEQQJCSsWfT7wdOetSni3OV0mrNgho,0tSt4SUsOj8fKBL2OwFTAz878S85snjiNnAx7n8z
neo9uYRJVawyUm1nyXvQrJxwVqapvXp6gVg6kwxr,G97yzpX8HPnbmrVEC0Aoz2si9mlAiCfZmduqw99n,G97yzpX8HPnbmrVEC0Aoz2si9mlAiCfZmduqw99n,0tSt4SUsOj8fKBL2OwFTAz878S85snjiNnAx7n8z,I9zyEumkNRxIzJ9lhMe24gjeuA05krtaF8GygUHD,G97yzpX8HPnbmrVEC0Aoz2si9mlAiCfZmduqw99n
G97yzpX8HPnbmrVEC0Aoz2si9mlAiCfZmduqw99n,MOx9AM3J6rnEQQJCSsWfT7wdOetSni3OV0mrNgho,MOx9AM3J6rnEQQJCSsWfT7wdOetSni3OV0mrNgho,hBG5vMBqkXoKVhe5nKFmfjAVyNoGHSr22VXcrkoN,BR0isoSnDlgTmIqukAORkXTz6C9ABpEWp1Yw4Fx6,MOx9AM3J6rnEQQJCSsWfT7wdOetSni3OV0mrNgho
MOx9AM3J6rnEQQJCSsWfT7wdOetSni3OV0mrNgho,I9zyEumkNRxIzJ9lhMe24gjeuA05krtaF8GygUHD,I9zyEumkNRxIzJ9lhMe24gjeuA05krtaF8GygUHD,G0PLr6xT9E96wJTJXQDNB728J4rHnKFKya5jIcwT,0tSt4SUsOj8fKBL2OwFTAz878S85snjiNnAx7n8z,I9zyEumkNRxIzJ9lhMe24gjeuA05krtaF8GygUHD
I9zyEumkNRxIzJ9lhMe24gjeuA05krtaF8GygUHD,BR0isoSnDlgTmIqukAORkXTz6C9ABpEWp1Yw4Fx6,BR0isoSnDlgTmIqukAORkXTz6C9ABpEWp1Yw4Fx6,G97yzpX8HPnbmrVEC0Aoz2si9mlAiCfZmduqw99n,hBG5vMBqkXoKVhe5nKFmfjAVyNoGHSr22VXcrkoN,BR0isoSnDlgTmIqukAORkXTz6C9ABpEWp1Yw4Fx6
BR0isoSnDlgTmIqukAORkXTz6C9ABpEWp1Yw4Fx6,0tSt4SUsOj8fKBL2OwFTAz878S85snjiNnAx7n8z,0tSt4SUsOj8fKBL2OwFTAz878S85snjiNnAx7n8z,MOx9AM3J6rnEQQJCSsWfT7wdOetSni3OV0mrNgho,G97yzpX8HPnbmrVEC0Aoz2si9mlAiCfZmduqw99n,0tSt4SUsOj8fKBL2OwFTAz878S85snjiNnAx7n8z
0tSt4SUsOj8fKBL2OwFTAz878S85snjiNnAx7n8z,hBG5vMBqkXoKVhe5nKFmfjAVyNoGHSr22VXcrkoN,hBG5vMBqkXoKVhe5nKFmfjAVyNoGHSr22VXcrkoN,I9zyEumkNRxIzJ9lhMe24gjeuA05krtaF8GygUHD,MOx9AM3J6rnEQQJCSsWfT7wdOetSni3OV0mrNgho,G97yzpX8HPnbmrVEC0Aoz2si9mlAiCfZmduqw99n
hBG5vMBqkXoKVhe5nKFmfjAVyNoGHSr22VXcrkoN,G0PLr6xT9E96wJTJXQDNB728J4rHnKFKya5jIcwT,G0PLr6xT9E96wJTJXQDNB728J4rHnKFKya5jIcwT,BR0isoSnDlgTmIqukAORkXTz6C9ABpEWp1Yw4Fx6,I9zyEumkNRxIzJ9lhMe24gjeuA05krtaF8GygUHD,MOx9AM3J6rnEQQJCSsWfT7wdOetSni3OV0mrNgho
G0PLr6xT9E96wJTJXQDNB728J4rHnKFKya5jIcwT,DboXcHUzjiTnEyfVzMA8hgefX2B7suIPftuPWSyq,DboXcHUzjiTnEyfVzMA8hgefX2B7suIPftuPWSyq,0tSt4SUsOj8fKBL2OwFTAz878S85snjiNnAx7n8z,BR0isoSnDlgTmIqukAORkXTz6C9ABpEWp1Yw4Fx6,I9zyEumkNRxIzJ9lhMe24gjeuA05krtaF8GygUHD
DboXcHUzjiTnEyfVzMA8hgefX2B7suIPftuPWSyq,neo9uYRJVawyUm1nyXvQrJxwVqapvXp6gVg6kwxr,G97yzpX8HPnbmrVEC0Aoz2si9mlAiCfZmduqw99n,hBG5vMBqkXoKVhe5nKFmfjAVyNoGHSr22VXcrkoN,0tSt4SUsOj8fKBL2OwFTAz878S85snjiNnAx7n8z,BR0isoSnDlgTmIqukAORkXTz6C9ABpEWp1Yw4Fx6
neo9uYRJVawyUm1nyXvQrJxwVqapvXp6gVg6kwxr,nOgJEtffp9e3P1qN9pqUrIZB0WQ9VIdptmx5wtia,MOx9AM3J6rnEQQJCSsWfT7wdOetSni3OV0mrNgho,G0PLr6xT9E96wJTJXQDNB728J4rHnKFKya5jIcwT,hBG5vMBqkXoKVhe5nKFmfjAVyNoGHSr22VXcrkoN,0tSt4SUsOj8fKBL2OwFTAz878S85snjiNnAx7n8z
G97yzpX8HPnbmrVEC0Aoz2si9mlAiCfZmduqw99n,G97yzpX8HPnbmrVEC0Aoz2si9mlAiCfZmduqw99n,I9zyEumkNRxIzJ9lhMe24gjeuA05krtaF8GygUHD,G97yzpX8HPnbmrVEC0Aoz2si9mlAiCfZmduqw99n,G97yzpX8HPnbmrVEC0Aoz2si9mlAiCfZmduqw99n,G97yzpX8HPnbmrVEC0Aoz2si9mlAiCfZmduqw99n
MOx9AM3J6rnEQQJCSsWfT7wdOetSni3OV0mrNgho,MOx9AM3J6rnEQQJCSsWfT7wdOetSni3OV0mrNgho,BR0isoSnDlgTmIqukAORkXTz6C9ABpEWp1Yw4Fx6,MOx9AM3J6rnEQQJCSsWfT7wdOetSni3OV0mrNgho,MOx9AM3J6rnEQQJCSsWfT7wdOetSni3OV0mrNgho,MOx9AM3J6rnEQQJCSsWfT7wdOetSni3OV0mrNgho
I9zyEumkNRxIzJ9lhMe24gjeuA05krtaF8GygUHD,I9zyEumkNRxIzJ9lhMe24gjeuA05krtaF8GygUHD,0tSt4SUsOj8fKBL2OwFTAz878S85snjiNnAx7n8z,I9zyEumkNRxIzJ9lhMe24gjeuA05krtaF8GygUHD,I9zyEumkNRxIzJ9lhMe24gjeuA05krtaF8GygUHD,I9zyEumkNRxIzJ9lhMe24gjeuA05krtaF8GygUHD
BR0isoSnDlgTmIqukAORkXTz6C9ABpEWp1Yw4Fx6,BR0isoSnDlgTmIqukAORkXTz6C9ABpEWp1Yw4Fx6,hBG5vMBqkXoKVhe5nKFmfjAVyNoGHSr22VXcrkoN,BR0isoSnDlgTmIqukAORkXTz6C9ABpEWp1Yw4Fx6,BR0isoSnDlgTmIqukAORkXTz6C9ABpEWp1Yw4Fx6,BR0isoSnDlgTmIqukAORkXTz6C9ABpEWp1Yw4Fx6
0tSt4SUsOj8fKBL2OwFTAz878S85snjiNnAx7n8z,0tSt4SUsOj8fKBL2OwFTAz878S85snjiNnAx7n8z,G0PLr6xT9E96wJTJXQDNB728J4rHnKFKya5jIcwT,0tSt4SUsOj8fKBL2OwFTAz878S85snjiNnAx7n8z,0tSt4SUsOj8fKBL2OwFTAz878S85snjiNnAx7n8z,0tSt4SUsOj8fKBL2OwFTAz878S85snjiNnAx7n8z
hBG5vMBqkXoKVhe5nKFmfjAVyNoGHSr22VXcrkoN,hBG5vMBqkXoKVhe5nKFmfjAVyNoGHSr22VXcrkoN,DboXcHUzjiTnEyfVzMA8hgefX2B7suIPftuPWSyq,hBG5vMBqkXoKVhe5nKFmfjAVyNoGHSr22VXcrkoN,hBG5vMBqkXoKVhe5nKFmfjAVyNoGHSr22VXcrkoN,G97yzpX8HPnbmrVEC0Aoz2si9mlAiCfZmduqw99n
G0PLr6xT9E96wJTJXQDNB728J4rHnKFKya5jIcwT,G0PLr6xT9E96wJTJXQDNB728J4rHnKFKya5jIcwT,G97yzpX8HPnbmrVEC0Aoz2si9mlAiCfZmduqw99n,G0PLr6xT9E96wJTJXQDNB728J4rHnKFKya5jIcwT,G97yzpX8HPnbmrVEC0Aoz2si9mlAiCfZmduqw99n,MOx9AM3J6rnEQQJCSsWfT7wdOetSni3OV0mrNgho
DboXcHUzjiTnEyfVzMA8hgefX2B7suIPftuPWSyq,DboXcHUzjiTnEyfVzMA8hgefX2B7suIPftuPWSyq,MOx9AM3J6rnEQQJCSsWfT7wdOetSni3OV0mrNgho,G97yzpX8HPnbmrVEC0Aoz2si9mlAiCfZmduqw99n,MOx9AM3J6rnEQQJCSsWfT7wdOetSni3OV0mrNgho,I9zyEumkNRxIzJ9lhMe24gjeuA05krtaF8GygUHD
neo9uYRJVawyUm1nyXvQrJxwVqapvXp6gVg6kwxr,neo9uYRJVawyUm1nyXvQrJxwVqapvXp6gVg6kwxr,I9zyEumkNRxIzJ9lhMe24gjeuA05krtaF8GygUHD,MOx9AM3J6rnEQQJCSsWfT7wdOetSni3OV0mrNgho,I9zyEumkNRxIzJ9lhMe24gjeuA05krtaF8GygUHD,BR0isoSnDlgTmIqukAORkXTz6C9ABpEWp1Yw4Fx6
G97yzpX8HPnbmrVEC0Aoz2si9mlAiCfZmduqw99n,nOgJEtffp9e3P1qN9pqUrIZB0WQ9VIdptmx5wtia,BR0isoSnDlgTmIqukAORkXTz6C9ABpEWp1Yw4Fx6,I9zyEumkNRxIzJ9lhMe24gjeuA05krtaF8GygUHD,BR0isoSnDlgTmIqukAORkXTz6C9ABpEWp1Yw4Fx6,0tSt4SUsOj8fKBL2OwFTAz878S85snjiNnAx7n8z
MOx9AM3J6rnEQQJCSsWfT7wdOetSni3OV0mrNgho,G97yzpX8HPnbmrVEC0Aoz2si9mlAiCfZmduqw99n,0tSt4SUsOj8fKBL2OwFTAz878S85snjiNnAx7n8z,BR0isoSnDlgTmIqukAORkXTz6C9ABpEWp1Yw4Fx6,0tSt4SUsOj8fKBL2OwFTAz878S85snjiNnAx7n8z,G97yzpX8HPnbmrVEC0Aoz2si9mlAiCfZmduqw99n
I9zyEumkNRxIzJ9lhMe24gjeuA05krtaF8GygUHD,MOx9AM3J6rnEQQJCSsWfT7wdOetSni3OV0mrNgho,hBG5vMBqkXoKVhe5nKFmfjAVyNoGHSr22VXcrkoN,0tSt4SUsOj8fKBL2OwFTAz878S85snjiNnAx7n8z,hBG5vMBqkXoKVhe5nKFmfjAVyNoGHSr22VXcrkoN,MOx9AM3J6rnEQQJCSsWfT7wdOetSni3OV0mrNgho
BR0isoSnDlgTmIqukAORkXTz6C9ABpEWp1Yw4Fx6,I9zyEumkNRxIzJ9lhMe24gjeuA05krtaF8GygUHD,G0PLr6xT9E96wJTJXQDNB728J4rHnKFKya5jIcwT,hBG5vMBqkXoKVhe5nKFmfjAVyNoGHSr22VXcrkoN,G97yzpX8HPnbmrVEC0Aoz2si9mlAiCfZmduqw99n,I9zyEumkNRxIzJ9lhMe24gjeuA05krtaF8GygUHD
0tSt4SUsOj8fKBL2OwFTAz878S85snjiNnAx7n8z,BR0isoSnDlgTmIqukAORkXTz6C9ABpEWp1Yw4Fx6,DboXcHUzjiTnEyfVzMA8hgefX2B7suIPftuPWSyq,G0PLr6xT9E96wJTJXQDNB728J4rHnKFKya5jIcwT,MOx9AM3J6rnEQQJCSsWfT7wdOetSni3OV0mrNgho,BR0isoSnDlgTmIqukAORkXTz6C9ABpEWp1Yw4Fx6
hBG5vMBqkXoKVhe5nKFmfjAVyNoGHSr22VXcrkoN,0tSt4SUsOj8fKBL2OwFTAz878S85snjiNnAx7n8z,G97yzpX8HPnbmrVEC0Aoz2si9mlAiCfZmduqw99n,G97yzpX8HPnbmrVEC0Aoz2si9mlAiCfZmduqw99n,I9zyEumkNRxIzJ9lhMe24gjeuA05krtaF8GygUHD,0tSt4SUsOj8fKBL2OwFTAz878S85snjiNnAx7n8z
G0PLr6xT9E96wJTJXQDNB728J4rHnKFKya5jIcwT,hBG5vMBqkXoKVhe5nKFmfjAVyNoGHSr22VXcrkoN,MOx9AM3J6rnEQQJCSsWfT7wdOetSni3OV0mrNgho,MOx9AM3J6rnEQQJCSsWfT7wdOetSni3OV0mrNgho,BR0isoSnDlgTmIqukAORkXTz6C9ABpEWp1Yw4Fx6,G97yzpX8HPnbmrVEC0Aoz2si9mlAiCfZmduqw99n
DboXcHUzjiTnEyfVzMA8hgefX2B7suIPftuPWSyq,G0PLr6xT9E96wJTJXQDNB728J4rHnKFKya5jIcwT,I9zyEumkNRxIzJ9lhMe24gjeuA05krtaF8GygUHD,I9zyEumkNRxIzJ9lhMe24gjeuA05krtaF8GygUHD,0tSt4SUsOj8fKBL2OwFTAz878S85snjiNnAx7n8z,MOx9AM3J6rnEQQJCSsWfT7wdOetSni3OV0mrNgho
neo9uYRJVawyUm1nyXvQrJxwVqapvXp6gVg6kwxr,DboXcHUzjiTnEyfVzMA8hgefX2B7suIPftuPWSyq,BR0isoSnDlgTmIqukAORkXTz6C9ABpEWp1Yw4Fx6,BR0isoSnDlgTmIqukAORkXTz6C9ABpEWp1Yw4Fx6,hBG5vMBqkXoKVhe5nKFmfjAVyNoGHSr22VXcrkoN,I9zyEumkNRxIzJ9lhMe24gjeuA05krtaF8GygUHD
G97yzpX8HPnbmrVEC0Aoz2si9mlAiCfZmduqw99n,neo9uYRJVawyUm1nyXvQrJxwVqapvXp6gVg6kwxr,0tSt4SUsOj8fKBL2OwFTAz878S85snjiNnAx7n8z,0tSt4SUsOj8fKBL2OwFTAz878S85snjiNnAx7n8z,G97yzpX8HPnbmrVEC0Aoz2si9mlAiCfZmduqw99n,BR0isoSnDlgTmIqukAORkXTz6C9ABpEWp1Yw4Fx6
MOx9AM3J6rnEQQJCSsWfT7wdOetSni3OV0mrNgho,nOgJEtffp9e3P1qN9pqUrIZB0WQ9VIdptmx5wtia,hBG5vMBqkXoKVhe5nKFmfjAVyNoGHSr22VXcrkoN,hBG5vMBqkXoKVhe5nKFmfjAVyNoGHSr22VXcrkoN,MOx9AM3J6rnEQQJCSsWfT7wdOetSni3OV0mrNgho,0tSt4SUsOj8fKBL2OwFTAz878S85snjiNnAx7n8z
I9zyEumkNRxIzJ9lhMe24gjeuA05krtaF8GygUHD,G97yzpX8HPnbmrVEC0Aoz2si9mlAiCfZmduqw99n,G0PLr6xT9E96wJTJXQDNB728J4rHnKFKya5jIcwT,G0PLr6xT9E96wJTJXQDNB728J4rHnKFKya5jIcwT,I9zyEumkNRxIzJ9lhMe24gjeuA05krtaF8GygUHD,G97yzpX8HPnbmrVEC0Aoz2si9mlAiCfZmduqw99n
BR0isoSnDlgTmIqukAORkXTz6C9ABpEWp1Yw4Fx6,MOx9AM3J6rnEQQJCSsWfT7wdOetSni3OV0mrNgho,DboXcHUzjiTnEyfVzMA8hgefX2B7suIPftuPWSyq,G97yzpX8HPnbmrVEC0Aoz2si9mlAiCfZmduqw99n,BR0isoSnDlgTmIqukAORkXTz6C9ABpEWp1Yw4Fx6,MOx9AM3J6rnEQQJCSsWfT7wdOetSni3OV0mrNgho
0tSt4SUsOj8fKBL2OwFTAz878S85snjiNnAx7n8z,I9zyEumkNRxIzJ9lhMe24gjeuA05krtaF8GygUHD,G97yzpX8HPnbmrVEC0Aoz2si9mlAiCfZmduqw99n,MOx9AM3J6rnEQQJCSsWfT7wdOetSni3OV0mrNgho,0tSt4SUsOj8fKBL2OwFTAz878S85snjiNnAx7n8z,I9zyEumkNRxIzJ9lhMe24gjeuA05krtaF8GygUHD
hBG5vMBqkXoKVhe5nKFmfjAVyNoGHSr22VXcrkoN,BR0isoSnDlgTmIqukAORkXTz6C9ABpEWp1Yw4Fx6,MOx9AM3J6rnEQQJCSsWfT7wdOetSni3OV0mrNgho,I9zyEumkNRxIzJ9lhMe24gjeuA05krtaF8GygUHD,hBG5vMBqkXoKVhe5nKFmfjAVyNoGHSr22VXcrkoN,BR0isoSnDlgTmIqukAORkXTz6C9ABpEWp1Yw4Fx6
G0PLr6xT9E96wJTJXQDNB728J4rHnKFKya5jIcwT,0tSt4SUsOj8fKBL2OwFTAz878S85snjiNnAx7n8z,I9zyEumkNRxIzJ9lhMe24gjeuA05krtaF8GygUHD,BR0isoSnDlgTmIqukAORkXTz6C9ABpEWp1Yw4Fx6,G97yzpX8HPnbmrVEC0Aoz2si9mlAiCfZmduqw99n,0tSt4SUsOj8fKBL2OwFTAz878S85snjiNnAx7n8z
DboXcHUzjiTnEyfVzMA8hgefX2B7suIPftuPWSyq,hBG5vMBqkXoKVhe5nKFmfjAVyNoGHSr22VXcrkoN,BR0isoSnDlgTmIqukAORkXTz6C9ABpEWp1Yw4Fx6,0tSt4SUsOj8fKBL2OwFTAz878S85snjiNnAx7n8z,MOx9AM3J6rnEQQJCSsWfT7wdOetSni3OV0mrNgho,G97yzpX8HPnbmrVEC0Aoz2si9mlAiCfZmduqw99n
neo9uYRJVawyUm1nyXvQrJxwVqapvXp6gVg6kwxr,G0PLr6xT9E96wJTJXQDNB728J4rHnKFKya5jIcwT,0tSt4SUsOj8fKBL2OwFTAz878S85snjiNnAx7n8z,hBG5vMBqkXoKVhe5nKFmfjAVyNoGHSr22VXcrkoN,I9zyEumkNRxIzJ9lhMe24gjeuA05krtaF8GygUHD,MOx9AM3J6rnEQQJCSsWfT7wdOetSni3OV0mrNgho
G97yzpX8HPnbmrVEC0Aoz2si9mlAiCfZmduqw99n,DboXcHUzjiTnEyfVzMA8hgefX2B7suIPftuPWSyq,hBG5vMBqkXoKVhe5nKFmfjAVyNoGHSr22VXcrkoN,G0PLr6xT9E96wJTJXQDNB728J4rHnKFKya5jIcwT,BR0isoSnDlgTmIqukAORkXTz6C9ABpEWp1Yw4Fx6,I9zyEumkNRxIzJ9lhMe24gjeuA05krtaF8GygUHD
MOx9AM3J6rnEQQJCSsWfT7wdOetSni3OV0mrNgho,neo9uYRJVawyUm1nyXvQrJxwVqapvXp6gVg6kwxr,G0PLr6xT9E96wJTJXQDNB728J4rHnKFKya5jIcwT,G97yzpX8HPnbmrVEC0Aoz2si9mlAiCfZmduqw99n,0tSt4SUsOj8fKBL2OwFTAz878S85snjiNnAx7n8z,BR0isoSnDlgTmIqukAORkXTz6C9ABpEWp1Yw4Fx6
I9zyEumkNRxIzJ9lhMe24gjeuA05krtaF8GygUHD,nOgJEtffp9e3P1qN9pqUrIZB0WQ9VIdptmx5wtia,DboXcHUzjiTnEyfVzMA8hgefX2B7suIPftuPWSyq,MOx9AM3J6rnEQQJCSsWfT7wdOetSni3OV0mrNgho,hBG5vMBqkXoKVhe5nKFmfjAVyNoGHSr22VXcrkoN,0tSt4SUsOj8fKBL2OwFTAz878S85snjiNnAx7n8z
BR0isoSnDlgTmIqukAORkXTz6C9ABpEWp1Yw4Fx6,G97yzpX8HPnbmrVEC0Aoz2si9mlAiCfZmduqw99n,G97yzpX8HPnbmrVEC0Aoz2si9mlAiCfZmduqw99n,I9zyEumkNRxIzJ9lhMe24gjeuA05krtaF8GygUHD,G97yzpX8HPnbmrVEC0Aoz2si9mlAiCfZmduqw99n,G97yzpX8HPnbmrVEC0Aoz2si9mlAiCfZmduqw99n
0tSt4SUsOj8fKBL2OwFTAz878S85snjiNnAx7n8z,MOx9AM3J6rnEQQJCSsWfT7wdOetSni3OV0mrNgho,MOx9AM3J6rnEQQJCSsWfT7wdOetSni3OV0mrNgho,BR0isoSnDlgTmIqukAORkXTz6C9ABpEWp1Yw4Fx6,MOx9AM3J6rnEQQJCSsWfT7wdOetSni3OV0mrNgho,MOx9AM3J6rnEQQJCSsWfT7wdOetSni3OV0mrNgho
hBG5vMBqkXoKVhe5nKFmfjAVyNoGHSr22VXcrkoN,I9zyEumkNRxIzJ9lhMe24gjeuA05krtaF8GygUHD,I9zyEumkNRxIzJ9lhMe24gjeuA05krtaF8GygUHD,0tSt4SUsOj8fKBL2OwFTAz878S85snjiNnAx7n8z,I9zyEumkNRxIzJ9lhMe24gjeuA05krtaF8GygUHD,I9zyEumkNRxIzJ9lhMe24gjeuA05krtaF8GygUHD
G0PLr6xT9E96wJTJXQDNB728J4rHnKFKya5jIcwT,BR0isoSnDlgTmIqukAORkXTz6C9ABpEWp1Yw4Fx6,BR0isoSnDlgTmIqukAORkXTz6C9ABpEWp1Yw4Fx6,hBG5vMBqkXoKVhe5nKFmfjAVyNoGHSr22VXcrkoN,BR0isoSnDlgTmIqukAORkXTz6C9ABpEWp1Yw4Fx6,BR0isoSnDlgTmIqukAORkXTz6C9ABpEWp1Yw4Fx6
DboXcHUzjiTnEyfVzMA8hgefX2B7suIPftuPWSyq,0tSt4SUsOj8fKBL2OwFTAz878S85snjiNnAx7n8z,0tSt4SUsOj8fKBL2OwFTAz878S85snjiNnAx7n8z,G0PLr6xT9E96wJTJXQDNB728J4rHnKFKya5jIcwT,0tSt4SUsOj8fKBL2OwFTAz878S85snjiNnAx7n8z,0tSt4SUsOj8fKBL2OwFTAz878S85snjiNnAx7n8z
neo9uYRJVawyUm1nyXvQrJxwVqapvXp6gVg6kwxr,hBG5vMBqkXoKVhe5nKFmfjAVyNoGHSr22VXcrkoN,hBG5vMBqkXoKVhe5nKFmfjAVyNoGHSr22VXcrkoN,G97yzpX8HPnbmrVEC0Aoz2si9mlAiCfZmduqw99n,hBG5vMBqkXoKVhe5nKFmfjAVyNoGHSr22VXcrkoN,G97yzpX8HPnbmrVEC0Aoz2si9mlAiCfZmduqw99n
G97yzpX8HPnbmrVEC0Aoz2si9mlAiCfZmduqw99n,G0PLr6xT9E96wJTJXQDNB728J4rHnKFKya5jIcwT,G0PLr6xT9E96wJTJXQDNB728J4rHnKFKya5jIcwT,MOx9AM3J6rnEQQJCSsWfT7wdOetSni3OV0mrNgho,G97yzpX8HPnbmrVEC0Aoz2si9mlAiCfZmduqw99n,MOx9AM3J6rnEQQJCSsWfT7wdOetSni3OV0mrNgho
MOx9AM3J6rnEQQJCSsWfT7wdOetSni3OV0mrNgho,DboXcHUzjiTnEyfVzMA8hgefX2B7suIPftuPWSyq,DboXcHUzjiTnEyfVzMA8hgefX2B7suIPftuPWSyq,I9zyEumkNRxIzJ9lhMe24gjeuA05krtaF8GygUHD,MOx9AM3J6rnEQQJCSsWfT7wdOetSni3OV0mrNgho,I9zyEumkNRxIzJ9lhMe24gjeuA05krtaF8GygUHD
I9zyEumkNRxIzJ9lhMe24gjeuA05krtaF8GygUHD,neo9uYRJVawyUm1nyXvQrJxwVqapvXp6gVg6kwxr,G97yzpX8HPnbmrVEC0Aoz2si9mlAiCfZmduqw99n,BR0isoSnDlgTmIqukAORkXTz6C9ABpEWp1Yw4Fx6,I9zyEumkNRxIzJ9lhMe24gjeuA05krtaF8GygUHD,BR0isoSnDlgTmIqukAORkXTz6C9ABpEWp1Yw4Fx6
BR0isoSnDlgTmIqukAORkXTz6C9ABpEWp1Yw4Fx6,nOgJEtffp9e3P1qN9pqUrIZB0WQ9VIdptmx5wtia,MOx9AM3J6rnEQQJCSsWfT7wdOetSni3OV0mrNgho,0tSt4SUsOj8fKBL2OwFTAz878S85snjiNnAx7n8z,BR0isoSnDlgTmIqukAORkXTz6C9ABpEWp1Yw4Fx6,0tSt4SUsOj8fKBL2OwFTAz878S85snjiNnAx7n8z
0tSt4SUsOj8fKBL2OwFTAz878S85snjiNnAx7n8z,G97yzpX8HPnbmrVEC0Aoz2si9mlAiCfZmduqw99n,I9zyEumkNRxIzJ9lhMe24gjeuA05krtaF8GygUHD,hBG5vMBqkXoKVhe5nKFmfjAVyNoGHSr22VXcrkoN,0tSt4SUsOj8fKBL2OwFTAz878S85snjiNnAx7n8z,G97yzpX8HPnbmrVEC0Aoz2si9mlAiCfZmduqw99n
hBG5vMBqkXoKVhe5nKFmfjAVyNoGHSr22VXcrkoN,MOx9AM3J6rnEQQJCSsWfT7wdOetSni3OV0mrNgho,BR0isoSnDlgTmIqukAORkXTz6C9ABpEWp1Yw4Fx6,G0PLr6xT9E96wJTJXQDNB728J4rHnKFKya5jIcwT,hBG5vMBqkXoKVhe5nKFmfjAVyNoGHSr22VXcrkoN,MOx9AM3J6rnEQQJCSsWfT7wdOetSni3OV0mrNgho
G0PLr6xT9E96wJTJXQDNB728J4rHnKFKya5jIcwT,I9zyEumkNRxIzJ9lhMe24gjeuA05krtaF8GygUHD,0tSt4SUsOj8fKBL2OwFTAz878S85snjiNnAx7n8z,G97yzpX8HPnbmrVEC0Aoz2si9mlAiCfZmduqw99n,G97yzpX8HPnbmrVEC0Aoz2si9mlAiCfZmduqw99n,I9zyEumkNRxIzJ9lhMe24gjeuA05krtaF8GygUHD
DboXcHUzjiTnEyfVzMA8hgefX2B7suIPftuPWSyq,BR0isoSnDlgTmIqukAORkXTz6C9ABpEWp1Yw4Fx6,hBG5vMBqkXoKVhe5nKFmfjAVyNoGHSr22VXcrkoN,MOx9AM3J6rnEQQJCSsWfT7wdOetSni3OV0mrNgho,MOx9AM3J6rnEQQJCSsWfT7wdOetSni3OV0mrNgho,BR0isoSnDlgTmIqukAORkXTz6C9ABpEWp1Yw4Fx6
neo9uYRJVawyUm1nyXvQrJxwVqapvXp6gVg6kwxr,0tSt4SUsOj8fKBL2OwFTAz878S85snjiNnAx7n8z,G0PLr6xT9E96wJTJXQDNB728J4rHnKFKya5jIcwT,I9zyEumkNRxIzJ9lhMe24gjeuA05krtaF8GygUHD,I9zyEumkNRxIzJ9lhMe24gjeuA05krtaF8GygUHD,0tSt4SUsOj8fKBL2OwFTAz878S85snjiNnAx7n8z
G97yzpX8HPnbmrVEC0Aoz2si9mlAiCfZmduqw99n,hBG5vMBqkXoKVhe5nKFmfjAVyNoGHSr22VXcrkoN,DboXcHUzjiTnEyfVzMA8hgefX2B7suIPftuPWSyq,BR0isoSnDlgTmIqukAORkXTz6C9ABpEWp1Yw4Fx6,BR0isoSnDlgTmIqukAORkXTz6C9ABpEWp1Yw4Fx6,G97yzpX8HPnbmrVEC0Aoz2si9mlAiCfZmduqw99n
MOx9AM3J6rnEQQJCSsWfT7wdOetSni3OV0mrNgho,G0PLr6xT9E96wJTJXQDNB728J4rHnKFKya5jIcwT,G97yzpX8HPnbmrVEC0Aoz2si9mlAiCfZmduqw99n,0tSt4SUsOj8fKBL2OwFTAz878S85snjiNnAx7n8z,0tSt4SUsOj8fKBL2OwFTAz878S85snjiNnAx7n8z,MOx9AM3J6rnEQQJCSsWfT7wdOetSni3OV0mrNgho
I9zyEumkNRxIzJ9lhMe24gjeuA05krtaF8GygUHD,DboXcHUzjiTnEyfVzMA8hgefX2B7suIPftuPWSyq,MOx9AM3J6rnEQQJCSsWfT7wdOetSni3OV0mrNgho,hBG5vMBqkXoKVhe5nKFmfjAVyNoGHSr22VXcrkoN,hBG5vMBqkXoKVhe5nKFmfjAVyNoGHSr22VXcrkoN,I9zyEumkNRxIzJ9lhMe24gjeuA05krtaF8GygUHD
BR0isoSnDlgTmIqukAORkXTz6C9ABpEWp1Yw4Fx6,neo9uYRJVawyUm1nyXvQrJxwVqapvXp6gVg6kwxr,I9zyEumkNRxIzJ9lhMe24gjeuA05krtaF8GygUHD,G0PLr6xT9E96wJTJXQDNB728J4rHnKFKya5jIcwT,G97yzpX8HPnbmrVEC0Aoz2si9mlAiCfZmduqw99n,BR0isoSnDlgTmIqukAORkXTz6C9ABpEWp1Yw4Fx6
0tSt4SUsOj8fKBL2OwFTAz878S85snjiNnAx7n8z,nOgJEtffp9e3P1qN9pqUrIZB0WQ9VIdptmx5wtia,BR0isoSnDlgTmIqukAORkXTz6C9ABpEWp1Yw4Fx6,G97yzpX8HPnbmrVEC0Aoz2si9mlAiCfZmduqw99n,MOx9AM3J6rnEQQJCSsWfT7wdOetSni3OV0mrNgho,0tSt4SUsOj8fKBL2OwFTAz878S85snjiNnAx7n8z
hBG5vMBqkXoKVhe5nKFmfjAVyNoGHSr22VXcrkoN,G97yzpX8HPnbmrVEC0Aoz2si9mlAiCfZmduqw99n,0tSt4SUsOj8fKBL2OwFTAz878S85snjiNnAx7n8z,MOx9AM3J6rnEQQJCSsWfT7wdOetSni3OV0mrNgho,I9zyEumkNRxIzJ9lhMe24gjeuA05krtaF8GygUHD,G97yzpX8HPnbmrVEC0Aoz2si9mlAiCfZmduqw99n
G0PLr6xT9E96wJTJXQDNB728J4rHnKFKya5jIcwT,MOx9AM3J6rnEQQJCSsWfT7wdOetSni3OV0mrNgho,hBG5vMBqkXoKVhe5nKFmfjAVyNoGHSr22VXcrkoN,I9zyEumkNRxIzJ9lhMe24gjeuA05krtaF8GygUHD,BR0isoSnDlgTmIqukAORkXTz6C9ABpEWp1Yw4Fx6,MOx9AM3J6rnEQQJCSsWfT7wdOetSni3OV0mrNgho
DboXcHUzjiTnEyfVzMA8hgefX2B7suIPftuPWSyq,I9zyEumkNRxIzJ9lhMe24gjeuA05krtaF8GygUHD,G0PLr6xT9E96wJTJXQDNB728J4rHnKFKya5jIcwT,BR0isoSnDlgTmIqukAORkXTz6C9ABpEWp1Yw4Fx6,0tSt4SUsOj8fKBL2OwFTAz878S85snjiNnAx7n8z,I9zyEumkNRxIzJ9lhMe24gjeuA05krtaF8GygUHD
neo9uYRJVawyUm1nyXvQrJxwVqapvXp6gVg6kwxr,BR0isoSnDlgTmIqukAORkXTz6C9ABpEWp1Yw4Fx6,DboXcHUzjiTnEyfVzMA8hgefX2B7suIPftuPWSyq,0tSt4SUsOj8fKBL2OwFTAz878S85snjiNnAx7n8z,hBG5vMBqkXoKVhe5nKFmfjAVyNoGHSr22VXcrkoN,BR0isoSnDlgTmIqukAORkXTz6C9ABpEWp1Yw4Fx6
G97yzpX8HPnbmrVEC0Aoz2si9mlAiCfZmduqw99n,0tSt4SUsOj8fKBL2OwFTAz878S85snjiNnAx7n8z,G97yzpX8HPnbmrVEC0Aoz2si9mlAiCfZmduqw99n,hBG5vMBqkXoKVhe5nKFmfjAVyNoGHSr22VXcrkoN,G97yzpX8HPnbmrVEC0Aoz2si9mlAiCfZmduqw99n,0tSt4SUsOj8fKBL2OwFTAz878S85snjiNnAx7n8z
MOx9AM3J6rnEQQJCSsWfT7wdOetSni3OV0mrNgho,hBG5vMBqkXoKVhe5nKFmfjAVyNoGHSr22VXcrkoN,MOx9AM3J6rnEQQJCSsWfT7wdOetSni3OV0mrNgho,G0PLr6xT9E96wJTJXQDNB728J4rHnKFKya5jIcwT,MOx9AM3J6rnEQQJCSsWfT7wdOetSni3OV0mrNgho,G97yzpX8HPnbmrVEC0Aoz2si9mlAiCfZmduqw99n
I9zyEumkNRxIzJ9lhMe24gjeuA05krtaF8GygUHD,G0PLr6xT9E96wJTJXQDNB728J4rHnKFKya5jIcwT,I9zyEumkNRxIzJ9lhMe24gjeuA05krtaF8GygUHD,G97yzpX8HPnbmrVEC0Aoz2si9mlAiCfZmduqw99n,I9zyEumkNRxIzJ9lhMe24gjeuA05krtaF8GygUHD,MOx9AM3J6rnEQQJCSsWfT7wdOetSni3OV0mrNgho
BR0isoSnDlgTmIqukAORkXTz6C9ABpEWp1Yw4Fx6,DboXcHUzjiTnEyfVzMA8hgefX2B7suIPftuPWSyq,BR0isoSnDlgTmIqukAORkXTz6C9ABpEWp1Yw4Fx6,MOx9AM3J6rnEQQJCSsWfT7wdOetSni3OV0mrNgho,BR0isoSnDlgTmIqukAORkXTz6C9ABpEWp1Yw4Fx6,I9zyEumkNRxIzJ9lhMe24gjeuA05krtaF8GygUHD
0tSt4SUsOj8fKBL2OwFTAz878S85snjiNnAx7n8z,neo9uYRJVawyUm1nyXvQrJxwVqapvXp6gVg6kwxr,0tSt4SUsOj8fKBL2OwFTAz878S85snjiNnAx7n8z,I9zyEumkNRxIzJ9lhMe24gjeuA05krtaF8GygUHD,0tSt4SUsOj8fKBL2OwFTAz878S85snjiNnAx7n8z,BR0isoSnDlgTmIqukAORkXTz6C9ABpEWp1Yw4Fx6
hBG5vMBqkXoKVhe5nKFmfjAVyNoGHSr22VXcrkoN,nOgJEtffp9e3P1qN9pqUrIZB0WQ9VIdptmx5wtia,hBG5vMBqkXoKVhe5nKFmfjAVyNoGHSr22VXcrkoN,BR0isoSnDlgTmIqukAORkXTz6C9ABpEWp1Yw4Fx6,hBG5vMBqkXoKVhe5nKFmfjAVyNoGHSr22VXcrkoN,0tSt4SUsOj8fKBL2OwFTAz878S85snjiNnAx7n8z
G0PLr6xT9E96wJTJXQDNB728J4rHnKFKya5jIcwT,G97yzpX8HPnbmrVEC0Aoz2si9mlAiCfZmduqw99n,G0PLr6xT9E96wJTJXQDNB728J4rHnKFKya5jIcwT,0tSt4SUsOj8fKBL2OwFTAz878S85snjiNnAx7n8z,G97yzpX8HPnbmrVEC0Aoz2si9mlAiCfZmduqw99n,G97yzpX8HPnbmrVEC0Aoz2si9mlAiCfZmduqw99n
DboXcHUzjiTnEyfVzMA8hgefX2B7suIPftuPWSyq,MOx9AM3J6rnEQQJCSsWfT7wdOetSni3OV0mrNgho,DboXcHUzjiTnEyfVzMA8hgefX2B7suIPftuPWSyq,hBG5vMBqkXoKVhe5nKFmfjAVyNoGHSr22VXcrkoN,MOx9AM3J6rnEQQJCSsWfT7wdOetSni3OV0mrNgho,MOx9AM3J6rnEQQJCSsWfT7wdOetSni3OV0mrNgho
neo9uYRJVawyUm1nyXvQrJxwVqapvXp6gVg6kwxr,I9zyEumkNRxIzJ9lhMe24gjeuA05krtaF8GygUHD,G97yzpX8HPnbmrVEC0Aoz2si9mlAiCfZmduqw99n,G0PLr6xT9E96wJTJXQDNB728J4rHnKFKya5jIcwT,I9zyEumkNRxIzJ9lhMe24gjeuA05krtaF8GygUHD,I9zyEumkNRxIzJ9lhMe24gjeuA05krtaF8GygUHD
G97yzpX8HPnbmrVEC0Aoz2si9mlAiCfZmduqw99n,BR0isoSnDlgTmIqukAORkXTz6C9ABpEWp1Yw4Fx6,MOx9AM3J6rnEQQJCSsWfT7wdOetSni3OV0mrNgho,G97yzpX8HPnbmrVEC0Aoz2si9mlAiCfZmduqw99n,BR0isoSnDlgTmIqukAORkXTz6C9ABpEWp1Yw4Fx6,BR0isoSnDlgTmIqukAORkXTz6C9ABpEWp1Yw4Fx6
MOx9AM3J6rnEQQJCSsWfT7wdOetSni3OV0mrNgho,0tSt4SUsOj8fKBL2OwFTAz878S85snjiNnAx7n8z,I9zyEumkNRxIzJ9lhMe24gjeuA05krtaF8GygUHD,MOx9AM3J6rnEQQJCSsWfT7wdOetSni3OV0mrNgho,0tSt4SUsOj8fKBL2OwFTAz878S85snjiNnAx7n8z,0tSt4SUsOj8fKBL2OwFTAz878S85snjiNnAx7n8z
I9zyEumkNRxIzJ9lhMe24gjeuA05krtaF8GygUHD,hBG5vMBqkXoKVhe5nKFmfjAVyNoGHSr22VXcrkoN,BR0isoSnDlgTmIqukAORkXTz6C9ABpEWp1Yw4Fx6,I9zyEumkNRxIzJ9lhMe24gjeuA05krtaF8GygUHD,hBG5vMBqkXoKVhe5nKFmfjAVyNoGHSr22VXcrkoN,G97yzpX8HPnbmrVEC0Aoz2si9mlAiCfZmduqw99n
BR0isoSnDlgTmIqukAORkXTz6C9ABpEWp1Yw4Fx6,G0PLr6xT9E96wJTJXQDNB728J4rHnKFKya5jIcwT,0tSt4SUsOj8fKBL2OwFTAz878S85snjiNnAx7n8z,BR0isoSnDlgTmIqukAORkXTz6C9ABpEWp1Yw4Fx6,G97yzpX8HPnbmrVEC0Aoz2si9mlAiCfZmduqw99n,MOx9AM3J6rnEQQJCSsWfT7wdOetSni3OV0mrNgho
0tSt4SUsOj8fKBL2OwFTAz878S85snjiNnAx7n8z,DboXcHUzjiTnEyfVzMA8hgefX2B7suIPftuPWSyq,hBG5vMBqkXoKVhe5nKFmfjAVyNoGHSr22VXcrkoN,0tSt4SUsOj8fKBL2OwFTAz878S85snjiNnAx7n8z,MOx9AM3J6rnEQQJCSsWfT7wdOetSni3OV0mrNgho,I9zyEumkNRxIzJ9lhMe24gjeuA05krtaF8GygUHD
hBG5vMBqkXoKVhe5nKFmfjAVyNoGHSr22VXcrkoN,neo9uYRJVawyUm1nyXvQrJxwVqapvXp6gVg6kwxr,G0PLr6xT9E96wJTJXQDNB728J4rHnKFKya5jIcwT,hBG5vMBqkXoKVhe5nKFmfjAVyNoGHSr22VXcrkoN,I9zyEumkNRxIzJ9lhMe24gjeuA05krtaF8GygUHD,BR0isoSnDlgTmIqukAORkXTz6C9ABpEWp1Yw4Fx6
G0PLr6xT9E96wJTJXQDNB728J4rHnKFKya5jIcwT,nOgJEtffp9e3P1qN9pqUrIZB0WQ9VIdptmx5wtia,DboXcHUzjiTnEyfVzMA8hgefX2B7suIPftuPWSyq,G0PLr6xT9E96wJTJXQDNB728J4rHnKFKya5jIcwT,BR0isoSnDlgTmIqukAORkXTz6C9ABpEWp1Yw4Fx6,0tSt4SUsOj8fKBL2OwFTAz878S85snjiNnAx7n8z
DboXcHUzjiTnEyfVzMA8hgefX2B7suIPftuPWSyq,G97yzpX8HPnbmrVEC0Aoz2si9mlAiCfZmduqw99n,G97yzpX8HPnbmrVEC0Aoz2si9mlAiCfZmduqw99n,G97yzpX8HPnbmrVEC0Aoz2si9mlAiCfZmduqw99n,0tSt4SUsOj8fKBL2OwFTAz878S85snjiNnAx7n8z,G97yzpX8HPnbmrVEC0Aoz2si9mlAiCfZmduqw99n
neo9uYRJVawyUm1nyXvQrJxwVqapvXp6gVg6kwxr,MOx9AM3J6rnEQQJCSsWfT7wdOetSni3OV0mrNgho,MOx9AM3J6rnEQQJCSsWfT7wdOetSni3OV0mrNgho,MOx9AM3J6rnEQQJCSsWfT7wdOetSni3OV0mrNgho,hBG5vMBqkXoKVhe5nKFmfjAVyNoGHSr22VXcrkoN,MOx9AM3J6rnEQQJCSsWfT7wdOetSni3OV0mrNgho
G97yzpX8HPnbmrVEC0Aoz2si9mlAiCfZmduqw99n,I9zyEumkNRxIzJ9lhMe24gjeuA05krtaF8GygUHD,I9zyEumkNRxIzJ9lhMe24gjeuA05krtaF8GygUHD,I9zyEumkNRxIzJ9lhMe24gjeuA05krtaF8GygUHD,G97yzpX8HPnbmrVEC0Aoz2si9mlAiCfZmduqw99n,I9zyEumkNRxIzJ9lhMe24gjeuA05krtaF8GygUHD
MOx9AM3J6rnEQQJCSsWfT7wdOetSni3OV0mrNgho,BR0isoSnDlgTmIqukAORkXTz6C9ABpEWp1Yw4Fx6,BR0isoSnDlgTmIqukAORkXTz6C9ABpEWp1Yw4Fx6,BR0isoSnDlgTmIqukAORkXTz6C9ABpEWp1Yw4Fx6,MOx9AM3J6rnEQQJCSsWfT7wdOetSni3OV0mrNgho,BR0isoSnDlgTmIqukAORkXTz6C9ABpEWp1Yw4Fx6
I9zyEumkNRxIzJ9lhMe24gjeuA05krtaF8GygUHD,0tSt4SUsOj8fKBL2OwFTAz878S85snjiNnAx7n8z,0tSt4SUsOj8fKBL2OwFTAz878S85snjiNnAx7n8z,0tSt4SUsOj8fKBL2OwFTAz878S85snjiNnAx7n8z,I9zyEumkNRxIzJ9lhMe24gjeuA05krtaF8GygUHD,0tSt4SUsOj8fKBL2OwFTAz878S85snjiNnAx7n8z
BR0isoSnDlgTmIqukAORkXTz6C9ABpEWp1Yw4Fx6,hBG5vMBqkXoKVhe5nKFmfjAVyNoGHSr22VXcrkoN,hBG5vMBqkXoKVhe5nKFmfjAVyNoGHSr22VXcrkoN,hBG5vMBqkXoKVhe5nKFmfjAVyNoGHSr22VXcrkoN,BR0isoSnDlgTmIqukAORkXTz6C9ABpEWp1Yw4Fx6,G97yzpX8HPnbmrVEC0Aoz2si9mlAiCfZmduqw99n
0tSt4SUsOj8fKBL2OwFTAz878S85snjiNnAx7n8z,G0PLr6xT9E96wJTJXQDNB728J4rHnKFKya5jIcwT,G0PLr6xT9E96wJTJXQDNB728J4rHnKFKya5jIcwT,G0PLr6xT9E96wJTJXQDNB728J4rHnKFKya5jIcwT,0tSt4SUsOj8fKBL2OwFTAz878S85snjiNnAx7n8z,MOx9AM3J6rnEQQJCSsWfT7wdOetSni3OV0mrNgho
hBG5vMBqkXoKVhe5nKFmfjAVyNoGHSr22VXcrkoN,DboXcHUzjiTnEyfVzMA8hgefX2B7suIPftuPWSyq,DboXcHUzjiTnEyfVzMA8hgefX2B7suIPftuPWSyq,G97yzpX8HPnbmrVEC0Aoz2si9mlAiCfZmduqw99n,hBG5vMBqkXoKVhe5nKFmfjAVyNoGHSr22VXcrkoN,I9zyEumkNRxIzJ9lhMe24gjeuA05krtaF8GygUHD
G0PLr6xT9E96wJTJXQDNB728J4rHnKFKya5jIcwT,neo9uYRJVawyUm1nyXvQrJxwVqapvXp6gVg6kwxr,G97yzpX8HPnbmrVEC0Aoz2si9mlAiCfZmduqw99n,MOx9AM3J6rnEQQJCSsWfT7wdOetSni3OV0mrNgho,G97yzpX8HPnbmrVEC0Aoz2si9mlAiCfZmduqw99n,BR0isoSnDlgTmIqukAORkXTz6C9ABpEWp1Yw4Fx6
DboXcHUzjiTnEyfVzMA8hgefX2B7suIPftuPWSyq,nOgJEtffp9e3P1qN9pqUrIZB0WQ9VIdptmx5wtia,MOx9AM3J6rnEQQJCSsWfT7wdOetSni3OV0mrNgho,I9zyEumkNRxIzJ9lhMe24gjeuA05krtaF8GygUHD,MOx9AM3J6rnEQQJCSsWfT7wdOetSni3OV0mrNgho,0tSt4SUsOj8fKBL2OwFTAz878S85snjiNnAx7n8z
neo9uYRJVawyUm1nyXvQrJxwVqapvXp6gVg6kwxr,G97yzpX8HPnbmrVEC0Aoz2si9mlAiCfZmduqw99n,I9zyEumkNRxIzJ9lhMe24gjeuA05krtaF8GygUHD,BR0isoSnDlgTmIqukAORkXTz6C9ABpEWp1Yw4Fx6,I9zyEumkNRxIzJ9lhMe24gjeuA05krtaF8GygUHD,G97yzpX8HPnbmrVEC0Aoz2si9mlAiCfZmduqw99n
G97yzpX8HPnbmrVEC0Aoz2si9mlAiCfZmduqw99n,MOx9AM3J6rnEQQJCSsWfT7wdOetSni3OV0mrNgho,BR0isoSnDlgTmIqukAORkXTz6C9ABpEWp1Yw4Fx6,0tSt4SUsOj8fKBL2OwFTAz878S85snjiNnAx7n8z,BR0isoSnDlgTmIqukAORkXTz6C9ABpEWp1Yw4Fx6,MOx9AM3J6rnEQQJCSsWfT7wdOetSni3OV0mrNgho
MOx9AM3J6rnEQQJCSsWfT7wdOetSni3OV0mrNgho,I9zyEumkNRxIzJ9lhMe24gjeuA05krtaF8GygUHD,0tSt4SUsOj8fKBL2OwFTAz878S85snjiNnAx7n8z,hBG5vMBqkXoKVhe5nKFmfjAVyNoGHSr22VXcrkoN,0tSt4SUsOj8fKBL2OwFTAz878S85snjiNnAx7n8z,I9zyEumkNRxIzJ9lhMe24gjeuA05krtaF8GygUHD
I9zyEumkNRxIzJ9lhMe24gjeuA05krtaF8GygUHD,BR0isoSnDlgTmIqukAORkXTz6C9ABpEWp1Yw4Fx6,hBG5vMBqkXoKVhe5nKFmfjAVyNoGHSr22VXcrkoN,G0PLr6xT9E96wJTJXQDNB728J4rHnKFKya5jIcwT,hBG5vMBqkXoKVhe5nKFmfjAVyNoGHSr22VXcrkoN,BR0isoSnDlgTmIqukAORkXTz6C9ABpEWp1Yw4Fx6
BR0isoSnDlgTmIqukAORkXTz6C9ABpEWp1Yw4Fx6,0tSt4SUsOj8fKBL2OwFTAz878S85snjiNnAx7n8z,G0PLr6xT9E96wJTJXQDNB728J4rHnKFKya5jIcwT,G97yzpX8HPnbmrVEC0Aoz2si9mlAiCfZmduqw99n,G97yzpX8HPnbmrVEC0Aoz2si9mlAiCfZmduqw99n,0tSt4SUsOj8fKBL2OwFTAz878S85snjiNnAx7n8z
0tSt4SUsOj8fKBL2OwFTAz878S85snjiNnAx7n8z,hBG5vMBqkXoKVhe5nKFmfjAVyNoGHSr22VXcrkoN,DboXcHUzjiTnEyfVzMA8hgefX2B7suIPftuPWSyq,MOx9AM3J6rnEQQJCSsWfT7wdOetSni3OV0mrNgho,MOx9AM3J6rnEQQJCSsWfT7wdOetSni3OV0mrNgho,G97yzpX8HPnbmrVEC0Aoz2si9mlAiCfZmduqw99n
hBG5vMBqkXoKVhe5nKFmfjAVyNoGHSr22VXcrkoN,G0PLr6xT9E96wJTJXQDNB728J4rHnKFKya5jIcwT,G97yzpX8HPnbmrVEC0Aoz2si9mlAiCfZmduqw99n,I9zyEumkNRxIzJ9lhMe24gjeuA05krtaF8GygUHD,I9zyEumkNRxIzJ9lhMe24gjeuA05krtaF8GygUHD,MOx9AM3J6rnEQQJCSsWfT7wdOetSni3OV0mrNgho
G0PLr6xT9E96wJTJXQDNB728J4rHnKFKya5jIcwT,DboXcHUzjiTnEyfVzMA8hgefX2B7suIPftuPWSyq,MOx9AM3J6rnEQQJCSsWfT7wdOetSni3OV0mrNgho,BR0isoSnDlgTmIqukAORkXTz6C9ABpEWp1Yw4Fx6,BR0isoSnDlgTmIqukAORkXTz6C9ABpEWp1Yw4Fx6,I9zyEumkNRxIzJ9lhMe24gjeuA05krtaF8GygUHD
DboXcHUzjiTnEyfVzMA8hgefX2B7suIPftuPWSyq,neo9uYRJVawyUm1nyXvQrJxwVqapvXp6gVg6kwxr,I9zyEumkNRxIzJ9lhMe24gjeuA05krtaF8GygUHD,0tSt4SUsOj8fKBL2OwFTAz878S85snjiNnAx7n8z,0tSt4SUsOj8fKBL2OwFTAz878S85snjiNnAx7n8z,BR0isoSnDlgTmIqukAORkXTz6C9ABpEWp1Yw4Fx6
neo9uYRJVawyUm1nyXvQrJxwVqapvXp6gVg6kwxr,nOgJEtffp9e3P1qN9pqUrIZB0WQ9VIdptmx5wtia,BR0isoSnDlgTmIqukAORkXTz6C9ABpEWp1Yw4Fx6,hBG5vMBqkXoKVhe5nKFmfjAVyNoGHSr22VXcrkoN,hBG5vMBqkXoKVhe5nKFmfjAVyNoGHSr22VXcrkoN,0tSt4SUsOj8fKBL2OwFTAz878S85snjiNnAx7n8z
G97yzpX8HPnbmrVEC0Aoz2si9mlAiCfZmduqw99n,G97yzpX8HPnbmrVEC0Aoz2si9mlAiCfZmduqw99n,0tSt4SUsOj8fKBL2OwFTAz878S85snjiNnAx7n8z,G0PLr6xT9E96wJTJXQDNB728J4rHnKFKya5jIcwT,G97yzpX8HPnbmrVEC0Aoz2si9mlAiCfZmduqw99n,G97yzpX8HPnbmrVEC0Aoz2si9mlAiCfZmduqw99n
MOx9AM3J6rnEQQJCSsWfT7wdOetSni3OV0mrNgho,MOx9AM3J6rnEQQJCSsWfT7wdOetSni3OV0mrNgho,hBG5vMBqkXoKVhe5nKFmfjAVyNoGHSr22VXcrkoN,G97yzpX8HPnbmrVEC0Aoz2si9mlAiCfZmduqw99n,MOx9AM3J6rnEQQJCSsWfT7wdOetSni3OV0mrNgho,MOx9AM3J6rnEQQJCSsWfT7wdOetSni3OV0mrNgho
I9zyEumkNRxIzJ9lhMe24gjeuA05krtaF8GygUHD,I9zyEumkNRxIzJ9lhMe24gjeuA05krtaF8GygUHD,G0PLr6xT9E96wJTJXQDNB728J4rHnKFKya5jIcwT,MOx9AM3J6rnEQQJCSsWfT7wdOetSni3OV0mrNgho,I9zyEumkNRxIzJ9lhMe24gjeuA05krtaF8GygUHD,I9zyEumkNRxIzJ9lhMe24gjeuA05krtaF8GygUHD
BR0isoSnDlgTmIqukAORkXTz6C9ABpEWp1Yw4Fx6,BR0isoSnDlgTmIqukAORkXTz6C9ABpEWp1Yw4Fx6,DboXcHUzjiTnEyfVzMA8hgefX2B7suIPftuPWSyq,I9zyEumkNRxIzJ9lhMe24gjeuA05krtaF8GygUHD,BR0isoSnDlgTmIqukAORkXTz6C9ABpEWp1Yw4Fx6,BR0isoSnDlgTmIqukAORkXTz6C9ABpEWp1Yw4Fx6
0tSt4SUsOj8fKBL2OwFTAz878S85snjiNnAx7n8z,0tSt4SUsOj8fKBL2OwFTAz878S85snjiNnAx7n8z,G97yzpX8HPnbmrVEC0Aoz2si9mlAiCfZmduqw99n,BR0isoSnDlgTmIqukAORkXTz6C9ABpEWp1Yw4Fx6,0tSt4SUsOj8fKBL2OwFTAz878S85snjiNnAx7n8z,0tSt4SUsOj8fKBL2OwFTAz878S85snjiNnAx7n8z
hBG5vMBqkXoKVhe5nKFmfjAVyNoGHSr22VXcrkoN,hBG5vMBqkXoKVhe5nKFmfjAVyNoGHSr22VXcrkoN,MOx9AM3J6rnEQQJCSsWfT7wdOetSni3OV0mrNgho,0tSt4SUsOj8fKBL2OwFTAz878S85snjiNnAx7n8z,hBG5vMBqkXoKVhe5nKFmfjAVyNoGHSr22VXcrkoN,G97yzpX8HPnbmrVEC0Aoz2si9mlAiCfZmduqw99n
G0PLr6xT9E96wJTJXQDNB728J4rHnKFKya5jIcwT,G0PLr6xT9E96wJTJXQDNB728J4rHnKFKya5jIcwT,I9zyEumkNRxIzJ9lhMe24gjeuA05krtaF8GygUHD,hBG5vMBqkXoKVhe5nKFmfjAVyNoGHSr22VXcrkoN,G97yzpX8HPnbmrVEC0Aoz2si9mlAiCfZmduqw99n,MOx9AM3J6rnEQQJCSsWfT7wdOetSni3OV0mrNgho
DboXcHUzjiTnEyfVzMA8hgefX2B7suIPftuPWSyq,DboXcHUzjiTnEyfVzMA8hgefX2B7suIPftuPWSyq,BR0isoSnDlgTmIqukAORkXTz6C9ABpEWp1Yw4Fx6,G0PLr6xT9E96wJTJXQDNB728J4rHnKFKya5jIcwT,MOx9AM3J6rnEQQJCSsWfT7wdOetSni3OV0mrNgho,I9zyEumkNRxIzJ9lhMe24gjeuA05krtaF8GygUHD
neo9uYRJVawyUm1nyXvQrJxwVqapvXp6gVg6kwxr,neo9uYRJVawyUm1nyXvQrJxwVqapvXp6gVg6kwxr,0tSt4SUsOj8fKBL2OwFTAz878S85snjiNnAx7n8z,G97yzpX8HPnbmrVEC0Aoz2si9mlAiCfZmduqw99n,I9zyEumkNRxIzJ9lhMe24gjeuA05krtaF8GygUHD,BR0isoSnDlgTmIqukAORkXTz6C9ABpEWp1Yw4Fx6
G97yzpX8HPnbmrVEC0Aoz2si9mlAiCfZmduqw99n,nOgJEtffp9e3P1qN9pqUrIZB0WQ9VIdptmx5wtia,hBG5vMBqkXoKVhe5nKFmfjAVyNoGHSr22VXcrkoN,MOx9AM3J6rnEQQJCSsWfT7wdOetSni3OV0mrNgho,BR0isoSnDlgTmIqukAORkXTz6C9ABpEWp1Yw4Fx6,0tSt4SUsOj8fKBL2OwFTAz878S85snjiNnAx7n8z
MOx9AM3J6rnEQQJCSsWfT7wdOetSni3OV0mrNgho,G97yzpX8HPnbmrVEC0Aoz2si9mlAiCfZmduqw99n,G0PLr6xT9E96wJTJXQDNB728J4rHnKFKya5jIcwT,I9zyEumkNRxIzJ9lhMe24gjeuA05krtaF8GygUHD,0tSt4SUsOj8fKBL2OwFTAz878S85snjiNnAx7n8z,G97yzpX8HPnbmrVEC0Aoz2si9mlAiCfZmduqw99n
I9zyEumkNRxIzJ9lhMe24gjeuA05krtaF8GygUHD,MOx9AM3J6rnEQQJCSsWfT7wdOetSni3OV0mrNgho,DboXcHUzjiTnEyfVzMA8hgefX2B7suIPftuPWSyq,BR0isoSnDlgTmIqukAORkXTz6C9ABpEWp1Yw4Fx6,hBG5vMBqkXoKVhe5nKFmfjAVyNoGHSr22VXcrkoN,MOx9AM3J6rnEQQJCSsWfT7wdOetSni3OV0mrNgho
BR0isoSnDlgTmIqukAORkXTz6C9ABpEWp1Yw4Fx6,I9zyEumkNRxIzJ9lhMe24gjeuA05krtaF8GygUHD,G97yzpX8HPnbmrVEC0Aoz2si9mlAiCfZmduqw99n,0tSt4SUsOj8fKBL2OwFTAz878S85snjiNnAx7n8z,G97yzpX8HPnbmrVEC0Aoz2si9mlAiCfZmduqw99n,I9zyEumkNRxIzJ9lhMe24gjeuA05krtaF8GygUHD
0tSt4SUsOj8fKBL2OwFTAz878S85snjiNnAx7n8z,BR0isoSnDlgTmIqukAORkXTz6C9ABpEWp1Yw4Fx6,MOx9AM3J6rnEQQJCSsWfT7wdOetSni3OV0mrNgho,hBG5vMBqkXoKVhe5nKFmfjAVyNoGHSr22VXcrkoN,MOx9AM3J6rnEQQJCSsWfT7wdOetSni3OV0mrNgho,BR0isoSnDlgTmIqukAORkXTz6C9ABpEWp1Yw4Fx6
hBG5vMBqkXoKVhe5nKFmfjAVyNoGHSr22VXcrkoN,0tSt4SUsOj8fKBL2OwFTAz878S85snjiNnAx7n8z,I9zyEumkNRxIzJ9lhMe24gjeuA05krtaF8GygUHD,G0PLr6xT9E96wJTJXQDNB728J4rHnKFKya5jIcwT,I9zyEumkNRxIzJ9lhMe24gjeuA05krtaF8GygUHD,0tSt4SUsOj8fKBL2OwFTAz878S85snjiNnAx7n8z
G0PLr6xT9E96wJTJXQDNB728J4rHnKFKya5jIcwT,hBG5vMBqkXoKVhe5nKFmfjAVyNoGHSr22VXcrkoN,BR0isoSnDlgTmIqukAORkXTz6C9ABpEWp1Yw4Fx6,G97yzpX8HPnbmrVEC0Aoz2si9mlAiCfZmduqw99n,BR0isoSnDlgTmIqukAORkXTz6C9ABpEWp1Yw4Fx6,G97yzpX8HPnbmrVEC0Aoz2si9mlAiCfZmduqw99n
DboXcHUzjiTnEyfVzMA8hgefX2B7suIPftuPWSyq,G0PLr6xT9E96wJTJXQDNB728J4rHnKFKya5jIcwT,0tSt4SUsOj8fKBL2OwFTAz878S85snjiNnAx7n8z,MOx9AM3J6rnEQQJCSsWfT7wdOetSni3OV0mrNgho,0tSt4SUsOj8fKBL2OwFTAz878S85snjiNnAx7n8z,MOx9AM3J6rnEQQJCSsWfT7wdOetSni3OV0mrNgho
neo9uYRJVawyUm1nyXvQrJxwVqapvXp6gVg6kwxr,DboXcHUzjiTnEyfVzMA8hgefX2B7suIPftuPWSyq,hBG5vMBqkXoKVhe5nKFmfjAVyNoGHSr22VXcrkoN,I9zyEumkNRxIzJ9lhMe24gjeuA05krtaF8GygUHD,hBG5vMBqkXoKVhe5nKFmfjAVyNoGHSr22VXcrkoN,I9zyEumkNRxIzJ9lhMe24gjeuA05krtaF8GygUHD
G97yzpX8HPnbmrVEC0Aoz2si9mlAiCfZmduqw99n,neo9uYRJVawyUm1nyXvQrJxwVqapvXp6gVg6kwxr,G0PLr6xT9E96wJTJXQDNB728J4rHnKFKya5jIcwT,BR0isoSnDlgTmIqukAORkXTz6C9ABpEWp1Yw4Fx6,G97yzpX8HPnbmrVEC0Aoz2si9mlAiCfZmduqw99n,BR0isoSnDlgTmIqukAORkXTz6C9ABpEWp1Yw4Fx6
MOx9AM3J6rnEQQJCSsWfT7wdOetSni3OV0mrNgho,nOgJEtffp9e3P1qN9pqUrIZB0WQ9VIdptmx5wtia,DboXcHUzjiTnEyfVzMA8hgefX2B7suIPftuPWSyq,0tSt4SUsOj8fKBL2OwFTAz878S85snjiNnAx7n8z,MOx9AM3J6rnEQQJCSsWfT7wdOetSni3OV0mrNgho,0tSt4SUsOj8fKBL2OwFTAz878S85snjiNnAx7n8z
I9zyEumkNRxIzJ9lhMe24gjeuA05krtaF8GygUHD,G97yzpX8HPnbmrVEC0Aoz2si9mlAiCfZmduqw99n,G97yzpX8HPnbmrVEC0Aoz2si9mlAiCfZmduqw99n,hBG5vMBqkXoKVhe5nKFmfjAVyNoGHSr22VXcrkoN,I9zyEumkNRxIzJ9lhMe24gjeuA05krtaF8GygUHD,G97yzpX8HPnbmrVEC0Aoz2si9mlAiCfZmduqw99n
BR0isoSnDlgTmIqukAORkXTz6C9ABpEWp1Yw4Fx6,MOx9AM3J6rnEQQJCSsWfT7wdOetSni3OV0mrNgho,MOx9AM3J6rnEQQJCSsWfT7wdOetSni3OV0mrNgho,G0PLr6xT9E96wJTJXQDNB728J4rHnKFKya5jIcwT,BR0isoSnDlgTmIqukAORkXTz6C9ABpEWp1Yw4Fx6,MOx9AM3J6rnEQQJCSsWfT7wdOetSni3OV0mrNgho
0tSt4SUsOj8fKBL2OwFTAz878S85snjiNnAx7n8z,I9zyEumkNRxIzJ9lhMe24gjeuA05krtaF8GygUHD,I9zyEumkNRxIzJ9lhMe24gjeuA05krtaF8GygUHD,G97yzpX8HPnbmrVEC0Aoz2si9mlAiCfZmduqw99n,0tSt4SUsOj8fKBL2OwFTAz878S85snjiNnAx7n8z,I9zyEumkNRxIzJ9lhMe24gjeuA05krtaF8GygUHD
hBG5vMBqkXoKVhe5nKFmfjAVyNoGHSr22VXcrkoN,BR0isoSnDlgTmIqukAORkXTz6C9ABpEWp1Yw4Fx6,BR0isoSnDlgTmIqukAORkXTz6C9ABpEWp1Yw4Fx6,MOx9AM3J6rnEQQJCSsWfT7wdOetSni3OV0mrNgho,hBG5vMBqkXoKVhe5nKFmfjAVyNoGHSr22VXcrkoN,BR0isoSnDlgTmIqukAORkXTz6C9ABpEWp1Yw4Fx6
G0PLr6xT9E96wJTJXQDNB728J4rHnKFKya5jIcwT,0tSt4SUsOj8fKBL2OwFTAz878S85snjiNnAx7n8z,0tSt4SUsOj8fKBL2OwFTAz878S85snjiNnAx7n8z,I9zyEumkNRxIzJ9lhMe24gjeuA05krtaF8GygUHD,G97yzpX8HPnbmrVEC0Aoz2si9mlAiCfZmduqw99n,0tSt4SUsOj8fKBL2OwFTAz878S85snjiNnAx7n8z
DboXcHUzjiTnEyfVzMA8hgefX2B7suIPftuPWSyq,hBG5vMBqkXoKVhe5nKFmfjAVyNoGHSr22VXcrkoN,hBG5vMBqkXoKVhe5nKFmfjAVyNoGHSr22VXcrkoN,BR0isoSnDlgTmIqukAORkXTz6C9ABpEWp1Yw4Fx6,MOx9AM3J6rnEQQJCSsWfT7wdOetSni3OV0mrNgho,G97yzpX8HPnbmrVEC0Aoz2si9mlAiCfZmduqw99n
neo9uYRJVawyUm1nyXvQrJxwVqapvXp6gVg6kwxr,G0PLr6xT9E96wJTJXQDNB728J4rHnKFKya5jIcwT,G0PLr6xT9E96wJTJXQDNB728J4rHnKFKya5jIcwT,0tSt4SUsOj8fKBL2OwFTAz878S85snjiNnAx7n8z,I9zyEumkNRxIzJ9lhMe24gjeuA05krtaF8GygUHD,MOx9AM3J6rnEQQJCSsWfT7wdOetSni3OV0mrNgho
G97yzpX8HPnbmrVEC0Aoz2si9mlAiCfZmduqw99n,DboXcHUzjiTnEyfVzMA8hgefX2B7suIPftuPWSyq,DboXcHUzjiTnEyfVzMA8hgefX2B7suIPftuPWSyq,hBG5vMBqkXoKVhe5nKFmfjAVyNoGHSr22VXcrkoN,BR0isoSnDlgTmIqukAORkXTz6C9ABpEWp1Yw4Fx6,I9zyEumkNRxIzJ9lhMe24gjeuA05krtaF8GygUHD
MOx9AM3J6rnEQQJCSsWfT7wdOetSni3OV0mrNgho,neo9uYRJVawyUm1nyXvQrJxwVqapvXp6gVg6kwxr,G97yzpX8HPnbmrVEC0Aoz2si9mlAiCfZmduqw99n,G0PLr6xT9E96wJTJXQDNB728J4rHnKFKya5jIcwT,0tSt4SUsOj8fKBL2OwFTAz878S85snjiNnAx7n8z,BR0isoSnDlgTmIqukAORkXTz6C9ABpEWp1Yw4Fx6
I9zyEumkNRxIzJ9lhMe24gjeuA05krtaF8GygUHD,nOgJEtffp9e3P1qN9pqUrIZB0WQ9VIdptmx5wtia,MOx9AM3J6rnEQQJCSsWfT7wdOetSni3OV0mrNgho,G97yzpX8HPnbmrVEC0Aoz2si9mlAiCfZmduqw99n,hBG5vMBqkXoKVhe5nKFmfjAVyNoGHSr22VXcrkoN,0tSt4SUsOj8fKBL2OwFTAz878S85snjiNnAx7n8z
BR0isoSnDlgTmIqukAORkXTz6C9ABpEWp1Yw4Fx6,G97yzpX8HPnbmrVEC0Aoz2si9mlAiCfZmduqw99n,I9zyEumkNRxIzJ9lhMe24gjeuA05krtaF8GygUHD,MOx9AM3J6rnEQQJCSsWfT7wdOetSni3OV0mrNgho,G97yzpX8HPnbmrVEC0Aoz2si9mlAiCfZmduqw99n,G97yzpX8HPnbmrVEC0Aoz2si9mlAiCfZmduqw99n
0tSt4SUsOj8fKBL2OwFTAz878S85snjiNnAx7n8z,MOx9AM3J6rnEQQJCSsWfT7wdOetSni3OV0mrNgho,BR0isoSnDlgTmIqukAORkXTz6C9ABpEWp1Yw4Fx6,I9zyEumkNRxIzJ9lhMe24gjeuA05krtaF8GygUHD,MOx9AM3J6rnEQQJCSsWfT7wdOetSni3OV0mrNgho,MOx9AM3J6rnEQQJCSsWfT7wdOetSni3OV0mrNgho
hBG5vMBqkXoKVhe5nKFmfjAVyNoGHSr22VXcrkoN,I9zyEumkNRxIzJ9lhMe24gjeuA05krtaF8GygUHD,0tSt4SUsOj8fKBL2OwFTAz878S85snjiNnAx7n8z,BR0isoSnDlgTmIqukAORkXTz6C9ABpEWp1Yw4Fx6,I9zyEumkNRxIzJ9lhMe24gjeuA05krtaF8GygUHD,I9zyEumkNRxIzJ9lhMe24gjeuA05krtaF8GygUHD
G0PLr6xT9E96wJTJXQDNB728J4rHnKFKya5jIcwT,BR0isoSnDlgTmIqukAORkXTz6C9ABpEWp1Yw4Fx6,hBG5vMBqkXoKVhe5nKFmfjAVyNoGHSr22VXcrkoN,0tSt4SUsOj8fKBL2OwFTAz878S85snjiNnAx7n8z,BR0isoSnDlgTmIqukAORkXTz6C9ABpEWp1Yw4Fx6,BR0isoSnDlgTmIqukAORkXTz6C9ABpEWp1Yw4Fx6
DboXcHUzjiTnEyfVzMA8hgefX2B7suIPftuPWSyq,0tSt4SUsOj8fKBL2OwFTAz878S85snjiNnAx7n8z,G0PLr6xT9E96wJTJXQDNB728J4rHnKFKya5jIcwT,hBG5vMBqkXoKVhe5nKFmfjAVyNoGHSr22VXcrkoN,0tSt4SUsOj8fKBL2OwFTAz878S85snjiNnAx7n8z,0tSt4SUsOj8fKBL2OwFTAz878S85snjiNnAx7n8z
neo9uYRJVawyUm1nyXvQrJxwVqapvXp6gVg6kwxr,hBG5vMBqkXoKVhe5nKFmfjAVyNoGHSr22VXcrkoN,DboXcHUzjiTnEyfVzMA8hgefX2B7suIPftuPWSyq,G0PLr6xT9E96wJTJXQDNB728J4rHnKFKya5jIcwT,hBG5vMBqkXoKVhe5nKFmfjAVyNoGHSr22VXcrkoN,G97yzpX8HPnbmrVEC0Aoz2si9mlAiCfZmduqw99n
G97yzpX8HPnbmrVEC0Aoz2si9mlAiCfZmduqw99n,G0PLr6xT9E96wJTJXQDNB728J4rHnKFKya5jIcwT,G97yzpX8HPnbmrVEC0Aoz2si9mlAiCfZmduqw99n,G97yzpX8HPnbmrVEC0Aoz2si9mlAiCfZmduqw99n,G97yzpX8HPnbmrVEC0Aoz2si9mlAiCfZmduqw99n,MOx9AM3J6rnEQQJCSsWfT7wdOetSni3OV0mrNgho
MOx9AM3J6rnEQQJCSsWfT7wdOetSni3OV0mrNgho,DboXcHUzjiTnEyfVzMA8hgefX2B7suIPftuPWSyq,MOx9AM3J6rnEQQJCSsWfT7wdOetSni3OV0mrNgho,MOx9AM3J6rnEQQJCSsWfT7wdOetSni3OV0mrNgho,MOx9AM3J6rnEQQJCSsWfT7wdOetSni3OV0mrNgho,I9zyEumkNRxIzJ9lhMe24gjeuA05krtaF8GygUHD
I9zyEumkNRxIzJ9lhMe24gjeuA05krtaF8GygUHD,neo9uYRJVawyUm1nyXvQrJxwVqapvXp6gVg6kwxr,I9zyEumkNRxIzJ9lhMe24gjeuA05krtaF8GygUHD,I9zyEumkNRxIzJ9lhMe24gjeuA05krtaF8GygUHD,I9zyEumkNRxIzJ9lhMe24gjeuA05krtaF8GygUHD,BR0isoSnDlgTmIqukAORkXTz6C9ABpEWp1Yw4Fx6
BR0isoSnDlgTmIqukAORkXTz6C9ABpEWp1Yw4Fx6,nOgJEtffp9e3P1qN9pqUrIZB0WQ9VIdptmx5wtia,BR0isoSnDlgTmIqukAORkXTz6C9ABpEWp1Yw4Fx6,BR0isoSnDlgTmIqukAORkXTz6C9ABpEWp1Yw4Fx6,BR0isoSnDlgTmIqukAORkXTz6C9ABpEWp1Yw4Fx6,0tSt4SUsOj8fKBL2OwFTAz878S85snjiNnAx7n8z
0tSt4SUsOj8fKBL2OwFTAz878S85snjiNnAx7n8z,G97yzpX8HPnbmrVEC0Aoz2si9mlAiCfZmduqw99n,0tSt4SUsOj8fKBL2OwFTAz878S85snjiNnAx7n8z,0tSt4SUsOj8fKBL2OwFTAz878S85snjiNnAx7n8z,0tSt4SUsOj8fKBL2OwFTAz878S85snjiNnAx7n8z,G97yzpX8HPnbmrVEC0Aoz2si9mlAiCfZmduqw99n
hBG5vMBqkXoKVhe5nKFmfjAVyNoGHSr22VXcrkoN,MOx9AM3J6rnEQQJCSsWfT7wdOetSni3OV0mrNgho,hBG5vMBqkXoKVhe5nKFmfjAVyNoGHSr22VXcrkoN,hBG5vMBqkXoKVhe5nKFmfjAVyNoGHSr22VXcrkoN,hBG5vMBqkXoKVhe5nKFmfjAVyNoGHSr22VXcrkoN,MOx9AM3J6rnEQQJCSsWfT7wdOetSni3OV0mrNgho
G0PLr6xT9E96wJTJXQDNB728J4rHnKFKya5jIcwT,I9zyEumkNRxIzJ9lhMe24gjeuA05krtaF8GygUHD,G0PLr6xT9E96wJTJXQDNB728J4rHnKFKya5jIcwT,G0PLr6xT9E96wJTJXQDNB728J4rHnKFKya5jIcwT,G97yzpX8HPnbmrVEC0Aoz2si9mlAiCfZmduqw99n,I9zyEumkNRxIzJ9lhMe24gjeuA05krtaF8GygUHD
DboXcHUzjiTnEyfVzMA8hgefX2B7suIPftuPWSyq,BR0isoSnDlgTmIqukAORkXTz6C9ABpEWp1Yw4Fx6,DboXcHUzjiTnEyfVzMA8hgefX2B7suIPftuPWSyq,G97yzpX8HPnbmrVEC0Aoz2si9mlAiCfZmduqw99n,MOx9AM3J6rnEQQJCSsWfT7wdOetSni3OV0mrNgho,BR0isoSnDlgTmIqukAORkXTz6C9ABpEWp1Yw4Fx6
neo9uYRJVawyUm1nyXvQrJxwVqapvXp6gVg6kwxr,0tSt4SUsOj8fKBL2OwFTAz878S85snjiNnAx7n8z,G97yzpX8HPnbmrVEC0Aoz2si9mlAiCfZmduqw99n,MOx9AM3J6rnEQQJCSsWfT7wdOetSni3OV0mrNgho,I9zyEumkNRxIzJ9lhMe24gjeuA05krtaF8GygUHD,0tSt4SUsOj8fKBL2OwFTAz878S85snjiNnAx7n8z
G97yzpX8HPnbmrVEC0Aoz2si9mlAiCfZmduqw99n,hBG5vMBqkXoKVhe5nKFmfjAVyNoGHSr22VXcrkoN,MOx9AM3J6rnEQQJCSsWfT7wdOetSni3OV0mrNgho,I9zyEumkNRxIzJ9lhMe24gjeuA05krtaF8GygUHD,BR0isoSnDlgTmIqukAORkXTz6C9ABpEWp1Yw4Fx6,G97yzpX8HPnbmrVEC0Aoz2si9mlAiCfZmduqw99n
MOx9AM3J6rnEQQJCSsWfT7wdOetSni3OV0mrNgho,G0PLr6xT9E96wJTJXQDNB728J4rHnKFKya5jIcwT,I9zyEumkNRxIzJ9lhMe24gjeuA05krtaF8GygUHD,BR0isoSnDlgTmIqukAORkXTz6C9ABpEWp1Yw4Fx6,0tSt4SUsOj8fKBL2OwFTAz878S85snjiNnAx7n8z,MOx9AM3J6rnEQQJCSsWfT7wdOetSni3OV0mrNgho
I9zyEumkNRxIzJ9lhMe24gjeuA05krtaF8GygUHD,DboXcHUzjiTnEyfVzMA8hgefX2B7suIPftuPWSyq,BR0isoSnDlgTmIqukAORkXTz6C9ABpEWp1Yw4Fx6,0tSt4SUsOj8fKBL2OwFTAz878S85snjiNnAx7n8z,hBG5vMBqkXoKVhe5nKFmfjAVyNoGHSr22VXcrkoN,I9zyEumkNRxIzJ9lhMe24gjeuA05krtaF8GygUHD
BR0isoSnDlgTmIqukAORkXTz6C9ABpEWp1Yw4Fx6,neo9uYRJVawyUm1nyXvQrJxwVqapvXp6gVg6kwxr,0tSt4SUsOj8fKBL2OwFTAz878S85snjiNnAx7n8z,hBG5vMBqkXoKVhe5nKFmfjAVyNoGHSr22VXcrkoN,G97yzpX8HPnbmrVEC0Aoz2si9mlAiCfZmduqw99n,BR0isoSnDlgTmIqukAORkXTz6C9ABpEWp1Yw4Fx6
0tSt4SUsOj8fKBL2OwFTAz878S85snjiNnAx7n8z,nOgJEtffp9e3P1qN9pqUrIZB0WQ9VIdptmx5wtia,hBG5vMBqkXoKVhe5nKFmfjAVyNoGHSr22VXcrkoN,G0PLr6xT9E96wJTJXQDNB728J4rHnKFKya5jIcwT,MOx9AM3J6rnEQQJCSsWfT7wdOetSni3OV0mrNgho,0tSt4SUsOj8fKBL2OwFTAz878S85snjiNnAx7n8z
hBG5vMBqkXoKVhe5nKFmfjAVyNoGHSr22VXcrkoN,G97yzpX8HPnbmrVEC0Aoz2si9mlAiCfZmduqw99n,G0PLr6xT9E96wJTJXQDNB728J4rHnKFKya5jIcwT,G97yzpX8HPnbmrVEC0Aoz2si9mlAiCfZmduqw99n,I9zyEumkNRxIzJ9lhMe24gjeuA05krtaF8GygUHD,G97yzpX8HPnbmrVEC0Aoz2si9mlAiCfZmduqw99n
G0PLr6xT9E96wJTJXQDNB728J4rHnKFKya5jIcwT,MOx9AM3J6rnEQQJCSsWfT7wdOetSni3OV0mrNgho,DboXcHUzjiTnEyfVzMA8hgefX2B7suIPftuPWSyq,MOx9AM3J6rnEQQJCSsWfT7wdOetSni3OV0mrNgho,BR0isoSnDlgTmIqukAORkXTz6C9ABpEWp1Yw4Fx6,MOx9AM3J6rnEQQJCSsWfT7wdOetSni3OV0mrNgho
DboXcHUzjiTnEyfVzMA8hgefX2B7suIPftuPWSyq,I9zyEumkNRxIzJ9lhMe24gjeuA05krtaF8GygUHD,G97yzpX8HPnbmrVEC0Aoz2si9mlAiCfZmduqw99n,I9zyEumkNRxIzJ9lhMe24gjeuA05krtaF8GygUHD,0tSt4SUsOj8fKBL2OwFTAz878S85snjiNnAx7n8z,I9zyEumkNRxIzJ9lhMe24gjeuA05krtaF8GygUHD
neo9uYRJVawyUm1nyXvQrJxwVqapvXp6gVg6kwxr,BR0isoSnDlgTmIqukAORkXTz6C9ABpEWp1Yw4Fx6,MOx9AM3J6rnEQQJCSsWfT7wdOetSni3OV0mrNgho,BR0isoSnDlgTmIqukAORkXTz6C9ABpEWp1Yw4Fx6,hBG5vMBqkXoKVhe5nKFmfjAVyNoGHSr22VXcrkoN,BR0isoSnDlgTmIqukAORkXTz6C9ABpEWp1Yw4Fx6
G97yzpX8HPnbmrVEC0Aoz2si9mlAiCfZmduqw99n,0tSt4SUsOj8fKBL2OwFTAz878S85snjiNnAx7n8z,I9zyEumkNRxIzJ9lhMe24gjeuA05krtaF8GygUHD,0tSt4SUsOj8fKBL2OwFTAz878S85snjiNnAx7n8z,G97yzpX8HPnbmrVEC0Aoz2si9mlAiCfZmduqw99n,0tSt4SUsOj8fKBL2OwFTAz878S85snjiNnAx7n8z
MOx9AM3J6rnEQQJCSsWfT7wdOetSni3OV0mrNgho,hBG5vMBqkXoKVhe5nKFmfjAVyNoGHSr22VXcrkoN,BR0isoSnDlgTmIqukAORkXTz6C9ABpEWp1Yw4Fx6,hBG5vMBqkXoKVhe5nKFmfjAVyNoGHSr22VXcrkoN,MOx9AM3J6rnEQQJCSsWfT7wdOetSni3OV0mrNgho,G97yzpX8HPnbmrVEC0Aoz2si9mlAiCfZmduqw99n
I9zyEumkNRxIzJ9lhMe24gjeuA05krtaF8GygUHD,G0PLr6xT9E96wJTJXQDNB728J4rHnKFKya5jIcwT,0tSt4SUsOj8fKBL2OwFTAz878S85snjiNnAx7n8z,G0PLr6xT9E96wJTJXQDNB728J4rHnKFKya5jIcwT,I9zyEumkNRxIzJ9lhMe24gjeuA05krtaF8GygUHD,MOx9AM3J6rnEQQJCSsWfT7wdOetSni3OV0mrNgho
BR0isoSnDlgTmIqukAORkXTz6C9ABpEWp1Yw4Fx6,DboXcHUzjiTnEyfVzMA8hgefX2B7suIPftuPWSyq,hBG5vMBqkXoKVhe5nKFmfjAVyNoGHSr22VXcrkoN,G97yzpX8HPnbmrVEC0Aoz2si9mlAiCfZmduqw99n,BR0isoSnDlgTmIqukAORkXTz6C9ABpEWp1Yw4Fx6,I9zyEumkNRxIzJ9lhMe24gjeuA05krtaF8GygUHD
0tSt4SUsOj8fKBL2OwFTAz878S85snjiNnAx7n8z,neo9uYRJVawyUm1nyXvQrJxwVqapvXp6gVg6kwxr,G0PLr6xT9E96wJTJXQDNB728J4rHnKFKya5jIcwT,MOx9AM3J6rnEQQJCSsWfT7wdOetSni3OV0mrNgho,0tSt4SUsOj8fKBL2OwFTAz878S85snjiNnAx7n8z,BR0isoSnDlgTmIqukAORkXTz6C9ABpEWp1Yw4Fx6
hBG5vMBqkXoKVhe5nKFmfjAVyNoGHSr22VXcrkoN,nOgJEtffp9e3P1qN9pqUrIZB0WQ9VIdptmx5wtia,DboXcHUzjiTnEyfVzMA8hgefX2B7suIPftuPWSyq,I9zyEumkNRxIzJ9lhMe24gjeuA05krtaF8GygUHD,hBG5vMBqkXoKVhe5nKFmfjAVyNoGHSr22VXcrkoN,0tSt4SUsOj8fKBL2OwFTAz878S85snjiNnAx7n8z
G0PLr6xT9E96wJTJXQDNB728J4rHnKFKya5jIcwT,G97yzpX8HPnbmrVEC0Aoz2si9mlAiCfZmduqw99n,G97yzpX8HPnbmrVEC0Aoz2si9mlAiCfZmduqw99n,BR0isoSnDlgTmIqukAORkXTz6C9ABpEWp1Yw4Fx6,G97yzpX8HPnbmrVEC0Aoz2si9mlAiCfZmduqw99n,G97yzpX8HPnbmrVEC0Aoz2si9mlAiCfZmduqw99n
DboXcHUzjiTnEyfVzMA8hgefX2B7suIPftuPWSyq,MOx9AM3J6rnEQQJCSsWfT7wdOetSni3OV0mrNgho,MOx9AM3J6rnEQQJCSsWfT7wdOetSni3OV0mrNgho,0tSt4SUsOj8fKBL2OwFTAz878S85snjiNnAx7n8z,MOx9AM3J6rnEQQJCSsWfT7wdOetSni3OV0mrNgho,MOx9AM3J6rnEQQJCSsWfT7wdOetSni3OV0mrNgho
neo9uYRJVawyUm1nyXvQrJxwVqapvXp6gVg6kwxr,I9zyEumkNRxIzJ9lhMe24gjeuA05krtaF8GygUHD,I9zyEumkNRxIzJ9lhMe24gjeuA05krtaF8GygUHD,hBG5vMBqkXoKVhe5nKFmfjAVyNoGHSr22VXcrkoN,I9zyEumkNRxIzJ9lhMe24gjeuA05krtaF8GygUHD,I9zyEumkNRxIzJ9lhMe24gjeuA05krtaF8GygUHD
G97yzpX8HPnbmrVEC0Aoz2si9mlAiCfZmduqw99n,BR0isoSnDlgTmIqukAORkXTz6C9ABpEWp1Yw4Fx6,BR0isoSnDlgTmIqukAORkXTz6C9ABpEWp1Yw4Fx6,G0PLr6xT9E96wJTJXQDNB728J4rHnKFKya5jIcwT,BR0isoSnDlgTmIqukAORkXTz6C9ABpEWp1Yw4Fx6,BR0isoSnDlgTmIqukAORkXTz6C9ABpEWp1Yw4Fx6
MOx9AM3J6rnEQQJCSsWfT7wdOetSni3OV0mrNgho,0tSt4SUsOj8fKBL2OwFTAz878S85snjiNnAx7n8z,0tSt4SUsOj8fKBL2OwFTAz878S85snjiNnAx7n8z,G97yzpX8HPnbmrVEC0Aoz2si9mlAiCfZmduqw99n,0tSt4SUsOj8fKBL2OwFTAz878S85snjiNnAx7n8z,0tSt4SUsOj8fKBL2OwFTAz878S85snjiNnAx7n8z
I9zyEumkNRxIzJ9lhMe24gjeuA05krtaF8GygUHD,hBG5vMBqkXoKVhe5nKFmfjAVyNoGHSr22VXcrkoN,hBG5vMBqkXoKVhe5nKFmfjAVyNoGHSr22VXcrkoN,MOx9AM3J6rnEQQJCSsWfT7wdOetSni3OV0mrNgho,hBG5vMBqkXoKVhe5nKFmfjAVyNoGHSr22VXcrkoN,G97yzpX8HPnbmrVEC0Aoz2si9mlAiCfZmduqw99n
BR0isoSnDlgTmIqukAORkXTz6C9ABpEWp1Yw4Fx6,G0PLr6xT9E96wJTJXQDNB728J4rHnKFKya5jIcwT,G0PLr6xT9E96wJTJXQDNB728J4rHnKFKya5jIcwT,I9zyEumkNRxIzJ9lhMe24gjeuA05krtaF8GygUHD,G97yzpX8HPnbmrVEC0Aoz2si9mlAiCfZmduqw99n,MOx9AM3J6rnEQQJCSsWfT7wdOetSni3OV0mrNgho
0tSt4SUsOj8fKBL2OwFTAz878S85snjiNnAx7n8z,DboXcHUzjiTnEyfVzMA8hgefX2B7suIPftuPWSyq,DboXcHUzjiTnEyfVzMA8hgefX2B7suIPftuPWSyq,BR0isoSnDlgTmIqukAORkXTz6C9ABpEWp1Yw4Fx6,MOx9AM3J6rnEQQJCSsWfT7wdOetSni3OV0mrNgho,I9zyEumkNRxIzJ9lhMe24gjeuA05krtaF8GygUHD
hBG5vMBqkXoKVhe5nKFmfjAVyNoGHSr22VXcrkoN,neo9uYRJVawyUm1nyXvQrJxwVqapvXp6gVg6kwxr,G97yzpX8HPnbmrVEC0Aoz2si9mlAiCfZmduqw99n,0tSt4SUsOj8fKBL2OwFTAz878S85snjiNnAx7n8z,I9zyEumkNRxIzJ9lhMe24gjeuA05krtaF8GygUHD,BR0isoSnDlgTmIqukAORkXTz6C9ABpEWp1Yw4Fx6
G0PLr6xT9E96wJTJXQDNB728J4rHnKFKya5jIcwT,nOgJEtffp9e3P1qN9pqUrIZB0WQ9VIdptmx5wtia,MOx9AM3J6rnEQQJCSsWfT7wdOetSni3OV0mrNgho,hBG5vMBqkXoKVhe5nKFmfjAVyNoGHSr22VXcrkoN,BR0isoSnDlgTmIqukAORkXTz6C9ABpEWp1Yw4Fx6,0tSt4SUsOj8fKBL2OwFTAz878S85snjiNnAx7n8z
DboXcHUzjiTnEyfVzMA8hgefX2B7suIPftuPWSyq,G97yzpX8HPnbmrVEC0Aoz2si9mlAiCfZmduqw99n,I9zyEumkNRxIzJ9lhMe24gjeuA05krtaF8GygUHD,G0PLr6xT9E96wJTJXQDNB728J4rHnKFKya5jIcwT,0tSt4SUsOj8fKBL2OwFTAz878S85snjiNnAx7n8z,G97yzpX8HPnbmrVEC0Aoz2si9mlAiCfZmduqw99n
neo9uYRJVawyUm1nyXvQrJxwVqapvXp6gVg6kwxr,MOx9AM3J6rnEQQJCSsWfT7wdOetSni3OV0mrNgho,BR0isoSnDlgTmIqukAORkXTz6C9ABpEWp1Yw4Fx6,G97yzpX8HPnbmrVEC0Aoz2si9mlAiCfZmduqw99n,hBG5vMBqkXoKVhe5nKFmfjAVyNoGHSr22VXcrkoN,MOx9AM3J6rnEQQJCSsWfT7wdOetSni3OV0mrNgho
G97yzpX8HPnbmrVEC0Aoz2si9mlAiCfZmduqw99n,I9zyEumkNRxIzJ9lhMe24gjeuA05krtaF8GygUHD,0tSt4SUsOj8fKBL2OwFTAz878S85snjiNnAx7n8z,MOx9AM3J6rnEQQJCSsWfT7wdOetSni3OV0mrNgho,G97yzpX8HPnbmrVEC0Aoz2si9mlAiCfZmduqw99n,I9zyEumkNRxIzJ9lhMe24gjeuA05krtaF8GygUHD
MOx9AM3J6rnEQQJCSsWfT7wdOetSni3OV0mrNgho,BR0isoSnDlgTmIqukAORkXTz6C9ABpEWp1Yw4Fx6,hBG5vMBqkXoKVhe5nKFmfjAVyNoGHSr22VXcrkoN,I9zyEumkNRxIzJ9lhMe24gjeuA05krtaF8GygUHD,MOx9AM3J6rnEQQJCSsWfT7wdOetSni3OV0mrNgho,BR0isoSnDlgTmIqukAORkXTz6C9ABpEWp1Yw4Fx6
I9zyEumkNRxIzJ9lhMe24gjeuA05krtaF8GygUHD,0tSt4SUsOj8fKBL2OwFTAz878S85snjiNnAx7n8z,G0PLr6xT9E96wJTJXQDNB728J4rHnKFKya5jIcwT,BR0isoSnDlgTmIqukAORkXTz6C9ABpEWp1Yw4Fx6,I9zyEumkNRxIzJ9lhMe24gjeuA05krtaF8GygUHD,0tSt4SUsOj8fKBL2OwFTAz878S85snjiNnAx7n8z
BR0isoSnDlgTmIqukAORkXTz6C9ABpEWp1Yw4Fx6,hBG5vMBqkXoKVhe5nKFmfjAVyNoGHSr22VXcrkoN,DboXcHUzjiTnEyfVzMA8hgefX2B7suIPftuPWSyq,0tSt4SUsOj8fKBL2OwFTAz878S85snjiNnAx7n8z,BR0isoSnDlgTmIqukAORkXTz6C9ABpEWp1Yw4Fx6,G97yzpX8HPnbmrVEC0Aoz2si9mlAiCfZmduqw99n
0tSt4SUsOj8fKBL2OwFTAz878S85snjiNnAx7n8z,G0PLr6xT9E96wJTJXQDNB728J4rHnKFKya5jIcwT,G97yzpX8HPnbmrVEC0Aoz2si9mlAiCfZmduqw99n,hBG5vMBqkXoKVhe5nKFmfjAVyNoGHSr22VXcrkoN,0tSt4SUsOj8fKBL2OwFTAz878S85snjiNnAx7n8z,MOx9AM3J6rnEQQJCSsWfT7wdOetSni3OV0mrNgho
hBG5vMBqkXoKVhe5nKFmfjAVyNoGHSr22VXcrkoN,DboXcHUzjiTnEyfVzMA8hgefX2B7suIPftuPWSyq,MOx9AM3J6rnEQQJCSsWfT7wdOetSni3OV0mrNgho,G0PLr6xT9E96wJTJXQDNB728J4rHnKFKya5jIcwT,hBG5vMBqkXoKVhe5nKFmfjAVyNoGHSr22VXcrkoN,I9zyEumkNRxIzJ9lhMe24gjeuA05krtaF8GygUHD
G0PLr6xT9E96wJTJXQDNB728J4rHnKFKya5jIcwT,neo9uYRJVawyUm1nyXvQrJxwVqapvXp6gVg6kwxr,I9zyEumkNRxIzJ9lhMe24gjeuA05krtaF8GygUHD,G97yzpX8HPnbmrVEC0Aoz2si9mlAiCfZmduqw99n,G97yzpX8HPnbmrVEC0Aoz2si9mlAiCfZmduqw99n,BR0isoSnDlgTmIqukAORkXTz6C9ABpEWp1Yw4Fx6
DboXcHUzjiTnEyfVzMA8hgefX2B7suIPftuPWSyq,nOgJEtffp9e3P1qN9pqUrIZB0WQ9VIdptmx5wtia,BR0isoSnDlgTmIqukAORkXTz6C9ABpEWp1Yw4Fx6,MOx9AM3J6rnEQQJCSsWfT7wdOetSni3OV0mrNgho,MOx9AM3J6rnEQQJCSsWfT7wdOetSni3OV0mrNgho,0tSt4SUsOj8fKBL2OwFTAz878S85snjiNnAx7n8z
neo9uYRJVawyUm1nyXvQrJxwVqapvXp6gVg6kwxr,G97yzpX8HPnbmrVEC0Aoz2si9mlAiCfZmduqw99n,0tSt4SUsOj8fKBL2OwFTAz878S85snjiNnAx7n8z,I9zyEumkNRxIzJ9lhMe24gjeuA05krtaF8GygUHD,I9zyEumkNRxIzJ9lhMe24gjeuA05krtaF8GygUHD,G97yzpX8HPnbmrVEC0Aoz2si9mlAiCfZmduqw99n
G97yzpX8HPnbmrVEC0Aoz2si9mlAiCfZmduqw99n,MOx9AM3J6rnEQQJCSsWfT7wdOetSni3OV0mrNgho,hBG5vMBqkXoKVhe5nKFmfjAVyNoGHSr22VXcrkoN,BR0isoSnDlgTmIqukAORkXTz6C9ABpEWp1Yw4Fx6,BR0isoSnDlgTmIqukAORkXTz6C9ABpEWp1Yw4Fx6,MOx9AM3J6rnEQQJCSsWfT7wdOetSni3OV0mrNgho
MOx9AM3J6rnEQQJCSsWfT7wdOetSni3OV0mrNgho,I9zyEumkNRxIzJ9lhMe24gjeuA05krtaF8GygUHD,G0PLr6xT9E96wJTJXQDNB728J4rHnKFKya5jIcwT,0tSt4SUsOj8fKBL2OwFTAz878S85snjiNnAx7n8z,0tSt4SUsOj8fKBL2OwFTAz878S85snjiNnAx7n8z,I9zyEumkNRxIzJ9lhMe24gjeuA05krtaF8GygUHD
I9zyEumkNRxIzJ9lhMe24gjeuA05krtaF8GygUHD,BR0isoSnDlgTmIqukAORkXTz6C9ABpEWp1Yw4Fx6,DboXcHUzjiTnEyfVzMA8hgefX2B7suIPftuPWSyq,hBG5vMBqkXoKVhe5nKFmfjAVyNoGHSr22VXcrkoN,hBG5vMBqkXoKVhe5nKFmfjAVyNoGHSr22VXcrkoN,BR0isoSnDlgTmIqukAORkXTz6C9ABpEWp1Yw4Fx6
BR0isoSnDlgTmIqukAORkXTz6C9ABpEWp1Yw4Fx6,0tSt4SUsOj8fKBL2OwFTAz878S85snjiNnAx7n8z,G97yzpX8HPnbmrVEC0Aoz2si9mlAiCfZmduqw99n,G0PLr6xT9E96wJTJXQDNB728J4rHnKFKya5jIcwT,G97yzpX8HPnbmrVEC0Aoz2si9mlAiCfZmduqw99n,0tSt4SUsOj8fKBL2OwFTAz878S85snjiNnAx7n8z
0tSt4SUsOj8fKBL2OwFTAz878S85snjiNnAx7n8z,hBG5vMBqkXoKVhe5nKFmfjAVyNoGHSr22VXcrkoN,MOx9AM3J6rnEQQJCSsWfT7wdOetSni3OV0mrNgho,G97yzpX8HPnbmrVEC0Aoz2si9mlAiCfZmduqw99n,MOx9AM3J6rnEQQJCSsWfT7wdOetSni3OV0mrNgho,G97yzpX8HPnbmrVEC0Aoz2si9mlAiCfZmduqw99n
hBG5vMBqkXoKVhe5nKFmfjAVyNoGHSr22VXcrkoN,G0PLr6xT9E96wJTJXQDNB728J4rHnKFKya5jIcwT,I9zyEumkNRxIzJ9lhMe24gjeuA05krtaF8GygUHD,MOx9AM3J6rnEQQJCSsWfT7wdOetSni3OV0mrNgho,I9zyEumkNRxIzJ9lhMe24gjeuA05krtaF8GygUHD,MOx9AM3J6rnEQQJCSsWfT7wdOetSni3OV0mrNgho
G0PLr6xT9E96wJTJXQDNB728J4rHnKFKya5jIcwT,DboXcHUzjiTnEyfVzMA8hgefX2B7suIPftuPWSyq,BR0isoSnDlgTmIqukAORkXTz6C9ABpEWp1Yw4Fx6,I9zyEumkNRxIzJ9lhMe24gjeuA05krtaF8GygUHD,BR0isoSnDlgTmIqukAORkXTz6C9ABpEWp1Yw4Fx6,I9zyEumkNRxIzJ9lhMe24gjeuA05krtaF8GygUHD
DboXcHUzjiTnEyfVzMA8hgefX2B7suIPftuPWSyq,neo9uYRJVawyUm1nyXvQrJxwVqapvXp6gVg6kwxr,0tSt4SUsOj8fKBL2OwFTAz878S85snjiNnAx7n8z,BR0isoSnDlgTmIqukAORkXTz6C9ABpEWp1Yw4Fx6,0tSt4SUsOj8fKBL2OwFTAz878S85snjiNnAx7n8z,BR0isoSnDlgTmIqukAORkXTz6C9ABpEWp1Yw4Fx6
neo9uYRJVawyUm1nyXvQrJxwVqapvXp6gVg6kwxr,nOgJEtffp9e3P1qN9pqUrIZB0WQ9VIdptmx5wtia,hBG5vMBqkXoKVhe5nKFmfjAVyNoGHSr22VXcrkoN,0tSt4SUsOj8fKBL2OwFTAz878S85snjiNnAx7n8z,hBG5vMBqkXoKVhe5nKFmfjAVyNoGHSr22VXcrkoN,0tSt4SUsOj8fKBL2OwFTAz878S85snjiNnAx7n8z
G97yzpX8HPnbmrVEC0Aoz2si9mlAiCfZmduqw99n,G97yzpX8HPnbmrVEC0Aoz2si9mlAiCfZmduqw99n,G0PLr6xT9E96wJTJXQDNB728J4rHnKFKya5jIcwT,hBG5vMBqkXoKVhe5nKFmfjAVyNoGHSr22VXcrkoN,G97yzpX8HPnbmrVEC0Aoz2si9mlAiCfZmduqw99n,G97yzpX8HPnbmrVEC0Aoz2si9mlAiCfZmduqw99n
MOx9AM3J6rnEQQJCSsWfT7wdOetSni3OV0mrNgho,MOx9AM3J6rnEQQJCSsWfT7wdOetSni3OV0mrNgho,DboXcHUzjiTnEyfVzMA8hgefX2B7suIPftuPWSyq,G0PLr6xT9E96wJTJXQDNB728J4rHnKFKya5jIcwT,MOx9AM3J6rnEQQJCSsWfT7wdOetSni3OV0mrNgho,MOx9AM3J6rnEQQJCSsWfT7wdOetSni3OV0mrNgho
I9zyEumkNRxIzJ9lhMe24gjeuA05krtaF8GygUHD,I9zyEumkNRxIzJ9lhMe24gjeuA05krtaF8GygUHD,G97yzpX8HPnbmrVEC0Aoz2si9mlAiCfZmduqw99n,G97yzpX8HPnbmrVEC0Aoz2si9mlAiCfZmduqw99n,I9zyEumkNRxIzJ9lhMe24gjeuA05krtaF8GygUHD,I9zyEumkNRxIzJ9lhMe24gjeuA05krtaF8GygUHD
BR0isoSnDlgTmIqukAORkXTz6C9ABpEWp1Yw4Fx6,BR0isoSnDlgTmIqukAORkXTz6C9ABpEWp1Yw4Fx6,MOx9AM3J6rnEQQJCSsWfT7wdOetSni3OV0mrNgho,MOx9AM3J6rnEQQJCSsWfT7wdOetSni3OV0mrNgho,BR0isoSnDlgTmIqukAORkXTz6C9ABpEWp1Yw4Fx6,BR0isoSnDlgTmIqukAORkXTz6C9ABpEWp1Yw4Fx6
0tSt4SUsOj8fKBL2OwFTAz878S85snjiNnAx7n8z,0tSt4SUsOj8fKBL2OwFTAz878S85snjiNnAx7n8z,I9zyEumkNRxIzJ9lhMe24gjeuA05krtaF8GygUHD,I9zyEumkNRxIzJ9lhMe24gjeuA05krtaF8GygUHD,0tSt4SUsOj8fKBL2OwFTAz878S85snjiNnAx7n8z,0tSt4SUsOj8fKBL2OwFTAz878S85snjiNnAx7n8z
hBG5vMBqkXoKVhe5nKFmfjAVyNoGHSr22VXcrkoN,hBG5vMBqkXoKVhe5nKFmfjAVyNoGHSr22VXcrkoN,BR0isoSnDlgTmIqukAORkXTz6C9ABpEWp1Yw4Fx6,BR0isoSnDlgTmIqukAORkXTz6C9ABpEWp1Yw4Fx6,hBG5vMBqkXoKVhe5nKFmfjAVyNoGHSr22VXcrkoN,G97yzpX8HPnbmrVEC0Aoz2si9mlAiCfZmduqw99n
G0PLr6xT9E96wJTJXQDNB728J4rHnKFKya5jIcwT,G0PLr6xT9E96wJTJXQDNB728J4rHnKFKya5jIcwT,0tSt4SUsOj8fKBL2OwFTAz878S85snjiNnAx7n8z,0tSt4SUsOj8fKBL2OwFTAz878S85snjiNnAx7n8z,G97yzpX8HPnbmrVEC0Aoz2si9mlAiCfZmduqw99n,MOx9AM3J6rnEQQJCSsWfT7wdOetSni3OV0mrNgho
DboXcHUzjiTnEyfVzMA8hgefX2B7suIPftuPWSyq,DboXcHUzjiTnEyfVzMA8hgefX2B7suIPftuPWSyq,hBG5vMBqkXoKVhe5nKFmfjAVyNoGHSr22VXcrkoN,hBG5vMBqkXoKVhe5nKFmfjAVyNoGHSr22VXcrkoN,MOx9AM3J6rnEQQJCSsWfT7wdOetSni3OV0mrNgho,I9zyEumkNRxIzJ9lhMe24gjeuA05krtaF8GygUHD
neo9uYRJVawyUm1nyXvQrJxwVqapvXp6gVg6kwxr,neo9uYRJVawyUm1nyXvQrJxwVqapvXp6gVg6kwxr,G0PLr6xT9E96wJTJXQDNB728J4rHnKFKya5jIcwT,G0PLr6xT9E96wJTJXQDNB728J4rHnKFKya5jIcwT,I9zyEumkNRxIzJ9lhMe24gjeuA05krtaF8GygUHD,BR0isoSnDlgTmIqukAORkXTz6C9ABpEWp1Yw4Fx6
G97yzpX8HPnbmrVEC0Aoz2si9mlAiCfZmduqw99n,nOgJEtffp9e3P1qN9pqUrIZB0WQ9VIdptmx5wtia,DboXcHUzjiTnEyfVzMA8hgefX2B7suIPftuPWSyq,G97yzpX8HPnbmrVEC0Aoz2si9mlAiCfZmduqw99n,BR0isoSnDlgTmIqukAORkXTz6C9ABpEWp1Yw4Fx6,0tSt4SUsOj8fKBL2OwFTAz878S85snjiNnAx7n8z
MOx9AM3J6rnEQQJCSsWfT7wdOetSni3OV0mrNgho,G97yzpX8HPnbmrVEC0Aoz2si9mlAiCfZmduqw99n,G97yzpX8HPnbmrVEC0Aoz2si9mlAiCfZmduqw99n,MOx9AM3J6rnEQQJCSsWfT7wdOetSni3OV0mrNgho,0tSt4SUsOj8fKBL2OwFTAz878S85snjiNnAx7n8z,G97yzpX8HPnbmrVEC0Aoz2si9mlAiCfZmduqw99n
I9zyEumkNRxIzJ9lhMe24gjeuA05krtaF8GygUHD,MOx9AM3J6rnEQQJCSsWfT7wdOetSni3OV0mrNgho,MOx9AM3J6rnEQQJCSsWfT7wdOetSni3OV0mrNgho,I9zyEumkNRxIzJ9lhMe24gjeuA05krtaF8GygUHD,hBG5vMBqkXoKVhe5nKFmfjAVyNoGHSr22VXcrkoN,MOx9AM3J6rnEQQJCSsWfT7wdOetSni3OV0mrNgho
BR0isoSnDlgTmIqukAORkXTz6C9ABpEWp1Yw4Fx6,I9zyEumkNRxIzJ9lhMe24gjeuA05krtaF8GygUHD,I9zyEumkNRxIzJ9lhMe24gjeuA05krtaF8GygUHD,BR0isoSnDlgTmIqukAORkXTz6C9ABpEWp1Yw4Fx6,G97yzpX8HPnbmrVEC0Aoz2si9mlAiCfZmduqw99n,I9zyEumkNRxIzJ9lhMe24gjeuA05krtaF8GygUHD
0tSt4SUsOj8fKBL2OwFTAz878S85snjiNnAx7n8z,BR0isoSnDlgTmIqukAORkXTz6C9ABpEWp1Yw4Fx6,BR0isoSnDlgTmIqukAORkXTz6C9ABpEWp1Yw4Fx6,0tSt4SUsOj8fKBL2OwFTAz878S85snjiNnAx7n8z,MOx9AM3J6rnEQQJCSsWfT7wdOetSni3OV0mrNgho,BR0isoSnDlgTmIqukAORkXTz6C9ABpEWp1Yw4Fx6
hBG5vMBqkXoKVhe5nKFmfjAVyNoGHSr22VXcrkoN,0tSt4SUsOj8fKBL2OwFTAz878S85snjiNnAx7n8z,0tSt4SUsOj8fKBL2OwFTAz878S85snjiNnAx7n8z,hBG5vMBqkXoKVhe5nKFmfjAVyNoGHSr22VXcrkoN,I9zyEumkNRxIzJ9lhMe24gjeuA05krtaF8GygUHD,0tSt4SUsOj8fKBL2OwFTAz878S85snjiNnAx7n8z
G0PLr6xT9E96wJTJXQDNB728J4rHnKFKya5jIcwT,hBG5vMBqkXoKVhe5nKFmfjAVyNoGHSr22VXcrkoN,hBG5vMBqkXoKVhe5nKFmfjAVyNoGHSr22VXcrkoN,G0PLr6xT9E96wJTJXQDNB728J4rHnKFKya5jIcwT,BR0isoSnDlgTmIqukAORkXTz6C9ABpEWp1Yw4Fx6,G97yzpX8HPnbmrVEC0Aoz2si9mlAiCfZmduqw99n
DboXcHUzjiTnEyfVzMA8hgefX2B7suIPftuPWSyq,G0PLr6xT9E96wJTJXQDNB728J4rHnKFKya5jIcwT,G0PLr6xT9E96wJTJXQDNB728J4rHnKFKya5jIcwT,G97yzpX8HPnbmrVEC0Aoz2si9mlAiCfZmduqw99n,0tSt4SUsOj8fKBL2OwFTAz878S85snjiNnAx7n8z,MOx9AM3J6rnEQQJCSsWfT7wdOetSni3OV0mrNgho
neo9uYRJVawyUm1nyXvQrJxwVqapvXp6gVg6kwxr,DboXcHUzjiTnEyfVzMA8hgefX2B7suIPftuPWSyq,DboXcHUzjiTnEyfVzMA8hgefX2B7suIPftuPWSyq,MOx9AM3J6rnEQQJCSsWfT7wdOetSni3OV0mrNgho,hBG5vMBqkXoKVhe5nKFmfjAVyNoGHSr22VXcrkoN,I9zyEumkNRxIzJ9lhMe24gjeuA05krtaF8GygUHD
G97yzpX8HPnbmrVEC0Aoz2si9mlAiCfZmduqw99n,neo9uYRJVawyUm1nyXvQrJxwVqapvXp6gVg6kwxr,G97yzpX8HPnbmrVEC0Aoz2si9mlAiCfZmduqw99n,I9zyEumkNRxIzJ9lhMe24gjeuA05krtaF8GygUHD,G97yzpX8HPnbmrVEC0Aoz2si9mlAiCfZmduqw99n,BR0isoSnDlgTmIqukAORkXTz6C9ABpEWp1Yw4Fx6
MOx9AM3J6rnEQQJCSsWfT7wdOetSni3OV0mrNgho,nOgJEtffp9e3P1qN9pqUrIZB0WQ9VIdptmx5wtia,MOx9AM3J6rnEQQJCSsWfT7wdOetSni3OV0mrNgho,BR0isoSnDlgTmIqukAORkXTz6C9ABpEWp1Yw4Fx6,MOx9AM3J6rnEQQJCSsWfT7wdOetSni3OV0mrNgho,0tSt4SUsOj8fKBL2OwFTAz878S85snjiNnAx7n8z
I9zyEumkNRxIzJ9lhMe24gjeuA05krtaF8GygUHD,G97yzpX8HPnbmrVEC0Aoz2si9mlAiCfZmduqw99n,I9zyEumkNRxIzJ9lhMe24gjeuA05krtaF8GygUHD,0tSt4SUsOj8fKBL2OwFTAz878S85snjiNnAx7n8z,I9zyEumkNRxIzJ9lhMe24gjeuA05krtaF8GygUHD,G97yzpX8HPnbmrVEC0Aoz2si9mlAiCfZmduqw99n
BR0isoSnDlgTmIqukAORkXTz6C9ABpEWp1Yw4Fx6,MOx9AM3J6rnEQQJCSsWfT7wdOetSni3OV0mrNgho,BR0isoSnDlgTmIqukAORkXTz6C9ABpEWp1Yw4Fx6,hBG5vMBqkXoKVhe5nKFmfjAVyNoGHSr22VXcrkoN,BR0isoSnDlgTmIqukAORkXTz6C9ABpEWp1Yw4Fx6,MOx9AM3J6rnEQQJCSsWfT7wdOetSni3OV0mrNgho
0tSt4SUsOj8fKBL2OwFTAz878S85snjiNnAx7n8z,I9zyEumkNRxIzJ9lhMe24gjeuA05krtaF8GygUHD,0tSt4SUsOj8fKBL2OwFTAz878S85snjiNnAx7n8z,G0PLr6xT9E96wJTJXQDNB728J4rHnKFKya5jIcwT,0tSt4SUsOj8fKBL2OwFTAz878S85snjiNnAx7n8z,I9zyEumkNRxIzJ9lhMe24gjeuA05krtaF8GygUHD
hBG5vMBqkXoKVhe5nKFmfjAVyNoGHSr22VXcrkoN,BR0isoSnDlgTmIqukAORkXTz6C9ABpEWp1Yw4Fx6,hBG5vMBqkXoKVhe5nKFmfjAVyNoGHSr22VXcrkoN,G97yzpX8HPnbmrVEC0Aoz2si9mlAiCfZmduqw99n,hBG5vMBqkXoKVhe5nKFmfjAVyNoGHSr22VXcrkoN,BR0isoSnDlgTmIqukAORkXTz6C9ABpEWp1Yw4Fx6
G0PLr6xT9E96wJTJXQDNB728J4rHnKFKya5jIcwT,0tSt4SUsOj8fKBL2OwFTAz878S85snjiNnAx7n8z,G0PLr6xT9E96wJTJXQDNB728J4rHnKFKya5jIcwT,MOx9AM3J6rnEQQJCSsWfT7wdOetSni3OV0mrNgho,G97yzpX8HPnbmrVEC0Aoz2si9mlAiCfZmduqw99n,0tSt4SUsOj8fKBL2OwFTAz878S85snjiNnAx7n8z
DboXcHUzjiTnEyfVzMA8hgefX2B7suIPftuPWSyq,hBG5vMBqkXoKVhe5nKFmfjAVyNoGHSr22VXcrkoN,DboXcHUzjiTnEyfVzMA8hgefX2B7suIPftuPWSyq,I9zyEumkNRxIzJ9lhMe24gjeuA05krtaF8GygUHD,MOx9AM3J6rnEQQJCSsWfT7wdOetSni3OV0mrNgho,G97yzpX8HPnbmrVEC0Aoz2si9mlAiCfZmduqw99n
neo9uYRJVawyUm1nyXvQrJxwVqapvXp6gVg6kwxr,G0PLr6xT9E96wJTJXQDNB728J4rHnKFKya5jIcwT,G97yzpX8HPnbmrVEC0Aoz2si9mlAiCfZmduqw99n,BR0isoSnDlgTmIqukAORkXTz6C9ABpEWp1Yw4Fx6,I9zyEumkNRxIzJ9lhMe24gjeuA05krtaF8GygUHD,MOx9AM3J6rnEQQJCSsWfT7wdOetSni3OV0mrNgho
G97yzpX8HPnbmrVEC0Aoz2si9mlAiCfZmduqw99n,DboXcHUzjiTnEyfVzMA8hgefX2B7suIPftuPWSyq,MOx9AM3J6rnEQQJCSsWfT7wdOetSni3OV0mrNgho,0tSt4SUsOj8fKBL2OwFTAz878S85snjiNnAx7n8z,BR0isoSnDlgTmIqukAORkXTz6C9ABpEWp1Yw4Fx6,I9zyEumkNRxIzJ9lhMe24gjeuA05krtaF8GygUHD
MOx9AM3J6rnEQQJCSsWfT7wdOetSni3OV0mrNgho,neo9uYRJVawyUm1nyXvQrJxwVqapvXp6gVg6kwxr,I9zyEumkNRxIzJ9lhMe24gjeuA05krtaF8GygUHD,hBG5vMBqkXoKVhe5nKFmfjAVyNoGHSr22VXcrkoN,0tSt4SUsOj8fKBL2OwFTAz878S85snjiNnAx7n8z,BR0isoSnDlgTmIqukAORkXTz6C9ABpEWp1Yw4Fx6
I9zyEumkNRxIzJ9lhMe24gjeuA05krtaF8GygUHD,nOgJEtffp9e3P1qN9pqUrIZB0WQ9VIdptmx5wtia,BR0isoSnDlgTmIqukAORkXTz6C9ABpEWp1Yw4Fx6,G0PLr6xT9E96wJTJXQDNB728J4rHnKFKya5jIcwT,hBG5vMBqkXoKVhe5nKFmfjAVyNoGHSr22VXcrkoN,0tSt4SUsOj8fKBL2OwFTAz878S85snjiNnAx7n8z
BR0isoSnDlgTmIqukAORkXTz6C9ABpEWp1Yw4Fx6,G97yzpX8HPnbmrVEC0Aoz2si9mlAiCfZmduqw99n,0tSt4SUsOj8fKBL2OwFTAz878S85snjiNnAx7n8z,G97yzpX8HPnbmrVEC0Aoz2si9mlAiCfZmduqw99n,G97yzpX8HPnbmrVEC0Aoz2si9mlAiCfZmduqw99n,G97yzpX8HPnbmrVEC0Aoz2si9mlAiCfZmduqw99n
0tSt4SUsOj8fKBL2OwFTAz878S85snjiNnAx7n8z,MOx9AM3J6rnEQQJCSsWfT7wdOetSni3OV0mrNgho,hBG5vMBqkXoKVhe5nKFmfjAVyNoGHSr22VXcrkoN,MOx9AM3J6rnEQQJCSsWfT7wdOetSni3OV0mrNgho,MOx9AM3J6rnEQQJCSsWfT7wdOetSni3OV0mrNgho,MOx9AM3J6rnEQQJCSsWfT7wdOetSni3OV0mrNgho
hBG5vMBqkXoKVhe5nKFmfjAVyNoGHSr22VXcrkoN,I9zyEumkNRxIzJ9lhMe24gjeuA05krtaF8GygUHD,G0PLr6xT9E96wJTJXQDNB728J4rHnKFKya5jIcwT,I9zyEumkNRxIzJ9lhMe24gjeuA05krtaF8GygUHD,I9zyEumkNRxIzJ9lhMe24gjeuA05krtaF8GygUHD,I9zyEumkNRxIzJ9lhMe24gjeuA05krtaF8GygUHD
G0PLr6xT9E96wJTJXQDNB728J4rHnKFKya5jIcwT,BR0isoSnDlgTmIqukAORkXTz6C9ABpEWp1Yw4Fx6,DboXcHUzjiTnEyfVzMA8hgefX2B7suIPftuPWSyq,BR0isoSnDlgTmIqukAORkXTz6C9ABpEWp1Yw4Fx6,BR0isoSnDlgTmIqukAORkXTz6C9ABpEWp1Yw4Fx6,BR0isoSnDlgTmIqukAORkXTz6C9ABpEWp1Yw4Fx6
DboXcHUzjiTnEyfVzMA8hgefX2B7suIPftuPWSyq,0tSt4SUsOj8fKBL2OwFTAz878S85snjiNnAx7n8z,G97yzpX8HPnbmrVEC0Aoz2si9mlAiCfZmduqw99n,0tSt4SUsOj8fKBL2OwFTAz878S85snjiNnAx7n8z,0tSt4SUsOj8fKBL2OwFTAz878S85snjiNnAx7n8z,0tSt4SUsOj8fKBL2OwFTAz878S85snjiNnAx7n8z
neo9uYRJVawyUm1nyXvQrJxwVqapvXp6gVg6kwxr,hBG5vMBqkXoKVhe5nKFmfjAVyNoGHSr22VXcrkoN,MOx9AM3J6rnEQQJCSsWfT7wdOetSni3OV0mrNgho,hBG5vMBqkXoKVhe5nKFmfjAVyNoGHSr22VXcrkoN,hBG5vMBqkXoKVhe5nKFmfjAVyNoGHSr22VXcrkoN,G97yzpX8HPnbmrVEC0Aoz2si9mlAiCfZmduqw99n
G97yzpX8HPnbmrVEC0Aoz2si9mlAiCfZmduqw99n,G0PLr6xT9E96wJTJXQDNB728J4rHnKFKya5jIcwT,I9zyEumkNRxIzJ9lhMe24gjeuA05krtaF8GygUHD,G0PLr6xT9E96wJTJXQDNB728J4rHnKFKya5jIcwT,G97yzpX8HPnbmrVEC0Aoz2si9mlAiCfZmduqw99n,MOx9AM3J6rnEQQJCSsWfT7wdOetSni3OV0mrNgho
MOx9AM3J6rnEQQJCSsWfT7wdOetSni3OV0mrNgho,DboXcHUzjiTnEyfVzMA8hgefX2B7suIPftuPWSyq,BR0isoSnDlgTmIqukAORkXTz6C9ABpEWp1Yw4Fx6,G97yzpX8HPnbmrVEC0Aoz2si9mlAiCfZmduqw99n,MOx9AM3J6rnEQQJCSsWfT7wdOetSni3OV0mrNgho,I9zyEumkNRxIzJ9lhMe24gjeuA05krtaF8GygUHD
I9zyEumkNRxIzJ9lhMe24gjeuA05krtaF8GygUHD,neo9uYRJVawyUm1nyXvQrJxwVqapvXp6gVg6kwxr,0tSt4SUsOj8fKBL2OwFTAz878S85snjiNnAx7n8z,MOx9AM3J6rnEQQJCSsWfT7wdOetSni3OV0mrNgho,I9zyEumkNRxIzJ9lhMe24gjeuA05krtaF8GygUHD,BR0isoSnDlgTmIqukAORkXTz6C9ABpEWp1Yw4Fx6
BR0isoSnDlgTmIqukAORkXTz6C9ABpEWp1Yw4Fx6,nOgJEtffp9e3P1qN9pqUrIZB0WQ9VIdptmx5wtia,hBG5vMBqkXoKVhe5nKFmfjAVyNoGHSr22VXcrkoN,I9zyEumkNRxIzJ9lhMe24gjeuA05krtaF8GygUHD,BR0isoSnDlgTmIqukAORkXTz6C9ABpEWp1Yw4Fx6,0tSt4SUsOj8fKBL2OwFTAz878S85snjiNnAx7n8z
0tSt4SUsOj8fKBL2OwFTAz878S85snjiNnAx7n8z,G97yzpX8HPnbmrVEC0Aoz2si9mlAiCfZmduqw99n,G0PLr6xT9E96wJTJXQDNB728J4rHnKFKya5jIcwT,BR0isoSnDlgTmIqukAORkXTz6C9ABpEWp1Yw4Fx6,0tSt4SUsOj8fKBL2OwFTAz878S85snjiNnAx7n8z,G97yzpX8HPnbmrVEC0Aoz2si9mlAiCfZmduqw99n
hBG5vMBqkXoKVhe5nKFmfjAVyNoGHSr22VXcrkoN,MOx9AM3J6rnEQQJCSsWfT7wdOetSni3OV0mrNgho,DboXcHUzjiTnEyfVzMA8hgefX2B7suIPftuPWSyq,0tSt4SUsOj8fKBL2OwFTAz878S85snjiNnAx7n8z,hBG5vMBqkXoKVhe5nKFmfjAVyNoGHSr22VXcrkoN,MOx9AM3J6rnEQQJCSsWfT7wdOetSni3OV0mrNgho
G0PLr6xT9E96wJTJXQDNB728J4rHnKFKya5jIcwT,I9zyEumkNRxIzJ9lhMe24gjeuA05krtaF8GygUHD,G97yzpX8HPnbmrVEC0Aoz2si9mlAiCfZmduqw99n,hBG5vMBqkXoKVhe5nKFmfjAVyNoGHSr22VXcrkoN,G97yzpX8HPnbmrVEC0Aoz2si9mlAiCfZmduqw99n,I9zyEumkNRxIzJ9lhMe24gjeuA05krtaF8GygUHD
DboXcHUzjiTnEyfVzMA8hgefX2B7suIPftuPWSyq,BR0isoSnDlgTmIqukAORkXTz6C9ABpEWp1Yw4Fx6,MOx9AM3J6rnEQQJCSsWfT7wdOetSni3OV0mrNgho,G0PLr6xT9E96wJTJXQDNB728J4rHnKFKya5jIcwT,MOx9AM3J6rnEQQJCSsWfT7wdOetSni3OV0mrNgho,BR0isoSnDlgTmIqukAORkXTz6C9ABpEWp1Yw4Fx6
neo9uYRJVawyUm1nyXvQrJxwVqapvXp6gVg6kwxr,0tSt4SUsOj8fKBL2OwFTAz878S85snjiNnAx7n8z,I9zyEumkNRxIzJ9lhMe24gjeuA05krtaF8GygUHD,G97yzpX8HPnbmrVEC0Aoz2si9mlAiCfZmduqw99n,I9zyEumkNRxIzJ9lhMe24gjeuA05krtaF8GygUHD,0tSt4SUsOj8fKBL2OwFTAz878S85snjiNnAx7n8z
G97yzpX8HPnbmrVEC0Aoz2si9mlAiCfZmduqw99n,hBG5vMBqkXoKVhe5nKFmfjAVyNoGHSr22VXcrkoN,BR0isoSnDlgTmIqukAORkXTz6C9ABpEWp1Yw4Fx6,MOx9AM3J6rnEQQJCSsWfT7wdOetSni3OV0mrNgho,BR0isoSnDlgTmIqukAORkXTz6C9ABpEWp1Yw4Fx6,G97yzpX8HPnbmrVEC0Aoz2si9mlAiCfZmduqw99n
MOx9AM3J6rnEQQJCSsWfT7wdOetSni3OV0mrNgho,G0PLr6xT9E96wJTJXQDNB728J4rHnKFKya5jIcwT,0tSt4SUsOj8fKBL2OwFTAz878S85snjiNnAx7n8z,I9zyEumkNRxIzJ9lhMe24gjeuA05krtaF8GygUHD,0tSt4SUsOj8fKBL2OwFTAz878S85snjiNnAx7n8z,MOx9AM3J6rnEQQJCSsWfT7wdOetSni3OV0mrNgho
I9zyEumkNRxIzJ9lhMe24gjeuA05krtaF8GygUHD,DboXcHUzjiTnEyfVzMA8hgefX2B7suIPftuPWSyq,hBG5vMBqkXoKVhe5nKFmfjAVyNoGHSr22VXcrkoN,BR0isoSnDlgTmIqukAORkXTz6C9ABpEWp1Yw4Fx6,hBG5vMBqkXoKVhe5nKFmfjAVyNoGHSr22VXcrkoN,I9zyEumkNRxIzJ9lhMe24gjeuA05krtaF8GygUHD
BR0isoSnDlgTmIqukAORkXTz6C9ABpEWp1Yw4Fx6,neo9uYRJVawyUm1nyXvQrJxwVqapvXp6gVg6kwxr,G0PLr6xT9E96wJTJXQDNB728J4rHnKFKya5jIcwT,0tSt4SUsOj8fKBL2OwFTAz878S85snjiNnAx7n8z,G97yzpX8HPnbmrVEC0Aoz2si9mlAiCfZmduqw99n,BR0isoSnDlgTmIqukAORkXTz6C9ABpEWp1Yw4Fx6
0tSt4SUsOj8fKBL2OwFTAz878S85snjiNnAx7n8z,nOgJEtffp9e3P1qN9pqUrIZB0WQ9VIdptmx5wtia,DboXcHUzjiTnEyfVzMA8hgefX2B7suIPftuPWSyq,hBG5vMBqkXoKVhe5nKFmfjAVyNoGHSr22VXcrkoN,MOx9AM3J6rnEQQJCSsWfT7wdOetSni3OV0mrNgho,0tSt4SUsOj8fKBL2OwFTAz878S85snjiNnAx7n8z
hBG5vMBqkXoKVhe5nKFmfjAVyNoGHSr22VXcrkoN,G97yzpX8HPnbmrVEC0Aoz2si9mlAiCfZmduqw99n,G97yzpX8HPnbmrVEC0Aoz2si9mlAiCfZmduqw99n,G0PLr6xT9E96wJTJXQDNB728J4rHnKFKya5jIcwT,I9zyEumkNRxIzJ9lhMe24gjeuA05krtaF8GygUHD,G97yzpX8HPnbmrVEC0Aoz2si9mlAiCfZmduqw99n
G0PLr6xT9E96wJTJXQDNB728J4rHnKFKya5jIcwT,MOx9AM3J6rnEQQJCSsWfT7wdOetSni3OV0mrNgho,MOx9AM3J6rnEQQJCSsWfT7wdOetSni3OV0mrNgho,G97yzpX8HPnbmrVEC0Aoz2si9mlAiCfZmduqw99n,BR0isoSnDlgTmIqukAORkXTz6C9ABpEWp1Yw4Fx6,MOx9AM3J6rnEQQJCSsWfT7wdOetSni3OV0mrNgho
DboXcHUzjiTnEyfVzMA8hgefX2B7suIPftuPWSyq,I9zyEumkNRxIzJ9lhMe24gjeuA05krtaF8GygUHD,I9zyEumkNRxIzJ9lhMe24gjeuA05krtaF8GygUHD,MOx9AM3J6rnEQQJCSsWfT7wdOetSni3OV0mrNgho,0tSt4SUsOj8fKBL2OwFTAz878S85snjiNnAx7n8z,I9zyEumkNRxIzJ9lhMe24gjeuA05krtaF8GygUHD
neo9uYRJVawyUm1nyXvQrJxwVqapvXp6gVg6kwxr,BR0isoSnDlgTmIqukAORkXTz6C9ABpEWp1Yw4Fx6,BR0isoSnDlgTmIqukAORkXTz6C9ABpEWp1Yw4Fx6,I9zyEumkNRxIzJ9lhMe24gjeuA05krtaF8GygUHD,hBG5vMBqkXoKVhe5nKFmfjAVyNoGHSr22VXcrkoN,BR0isoSnDlgTmIqukAORkXTz6C9ABpEWp1Yw4Fx6
G97yzpX8HPnbmrVEC0Aoz2si9mlAiCfZmduqw99n,0tSt4SUsOj8fKBL2OwFTAz878S85snjiNnAx7n8z,0tSt4SUsOj8fKBL2OwFTAz878S85snjiNnAx7n8z,BR0isoSnDlgTmIqukAORkXTz6C9ABpEWp1Yw4Fx6,G97yzpX8HPnbmrVEC0Aoz2si9mlAiCfZmduqw99n,0tSt4SUsOj8fKBL2OwFTAz878S85snjiNnAx7n8z
MOx9AM3J6rnEQQJCSsWfT7wdOetSni3OV0mrNgho,hBG5vMBqkXoKVhe5nKFmfjAVyNoGHSr22VXcrkoN,hBG5vMBqkXoKVhe5nKFmfjAVyNoGHSr22VXcrkoN,0tSt4SUsOj8fKBL2OwFTAz878S85snjiNnAx7n8z,MOx9AM3J6rnEQQJCSsWfT7wdOetSni3OV0mrNgho,G97yzpX8HPnbmrVEC0Aoz2si9mlAiCfZmduqw99n
I9zyEumkNRxIzJ9lhMe24gjeuA05krtaF8GygUHD,G0PLr6xT9E96wJTJXQDNB728J4rHnKFKya5jIcwT,G0PLr6xT9E96wJTJXQDNB728J4rHnKFKya5jIcwT,hBG5vMBqkXoKVhe5nKFmfjAVyNoGHSr22VXcrkoN,I9zyEumkNRxIzJ9lhMe24gjeuA05krtaF8GygUHD,MOx9AM3J6rnEQQJCSsWfT7wdOetSni3OV0mrNgho
BR0isoSnDlgTmIqukAORkXTz6C9ABpEWp1Yw4Fx6,DboXcHUzjiTnEyfVzMA8hgefX2B7suIPftuPWSyq,DboXcHUzjiTnEyfVzMA8hgefX2B7suIPftuPWSyq,G0PLr6xT9E96wJTJXQDNB728J4rHnKFKya5jIcwT,BR0isoSnDlgTmIqukAORkXTz6C9ABpEWp1Yw4Fx6,I9zyEumkNRxIzJ9lhMe24gjeuA05krtaF8GygUHD
0tSt4SUsOj8fKBL2OwFTAz878S85snjiNnAx7n8z,neo9uYRJVawyUm1nyXvQrJxwVqapvXp6gVg6kwxr,G97yzpX8HPnbmrVEC0Aoz2si9mlAiCfZmduqw99n,G97yzpX8HPnbmrVEC0Aoz2si9mlAiCfZmduqw99n,0tSt4SUsOj8fKBL2OwFTAz878S85snjiNnAx7n8z,BR0isoSnDlgTmIqukAORkXTz6C9ABpEWp1Yw4Fx6
hBG5vMBqkXoKVhe5nKFmfjAVyNoGHSr22VXcrkoN,nOgJEtffp9e3P1qN9pqUrIZB0WQ9VIdptmx5wtia,MOx9AM3J6rnEQQJCSsWfT7wdOetSni3OV0mrNgho,MOx9AM3J6rnEQQJCSsWfT7wdOetSni3OV0mrNgho,hBG5vMBqkXoKVhe5nKFmfjAVyNoGHSr22VXcrkoN,0tSt4SUsOj8fKBL2OwFTAz878S85snjiNnAx7n8z
G0PLr6xT9E96wJTJXQDNB728J4rHnKFKya5jIcwT,G97yzpX8HPnbmrVEC0Aoz2si9mlAiCfZmduqw99n,I9zyEumkNRxIzJ9lhMe24gjeuA05krtaF8GygUHD,I9zyEumkNRxIzJ9lhMe24gjeuA05krtaF8GygUHD,G97yzpX8HPnbmrVEC0Aoz2si9mlAiCfZmduqw99n,G97yzpX8HPnbmrVEC0Aoz2si9mlAiCfZmduqw99n
DboXcHUzjiTnEyfVzMA8hgefX2B7suIPftuPWSyq,MOx9AM3J6rnEQQJCSsWfT7wdOetSni3OV0mrNgho,BR0isoSnDlgTmIqukAORkXTz6C9ABpEWp1Yw4Fx6,BR0isoSnDlgTmIqukAORkXTz6C9ABpEWp1Yw4Fx6,MOx9AM3J6rnEQQJCSsWfT7wdOetSni3OV0mrNgho,MOx9AM3J6rnEQQJCSsWfT7wdOetSni3OV0mrNgho
neo9uYRJVawyUm1nyXvQrJxwVqapvXp6gVg6kwxr,I9zyEumkNRxIzJ9lhMe24gjeuA05krtaF8GygUHD,0tSt4SUsOj8fKBL2OwFTAz878S85snjiNnAx7n8z,0tSt4SUsOj8fKBL2OwFTAz878S85snjiNnAx7n8z,I9zyEumkNRxIzJ9lhMe24gjeuA05krtaF8GygUHD,I9zyEumkNRxIzJ9lhMe24gjeuA05krtaF8GygUHD
G97yzpX8HPnbmrVEC0Aoz2si9mlAiCfZmduqw99n,BR0isoSnDlgTmIqukAORkXTz6C9ABpEWp1Yw4Fx6,hBG5vMBqkXoKVhe5nKFmfjAVyNoGHSr22VXcrkoN,hBG5vMBqkXoKVhe5nKFmfjAVyNoGHSr22VXcrkoN,BR0isoSnDlgTmIqukAORkXTz6C9ABpEWp1Yw4Fx6,BR0isoSnDlgTmIqukAORkXTz6C9ABpEWp1Yw4Fx6
MOx9AM3J6rnEQQJCSsWfT7wdOetSni3OV0mrNgho,0tSt4SUsOj8fKBL2OwFTAz878S85snjiNnAx7n8z,G0PLr6xT9E96wJTJXQDNB728J4rHnKFKya5jIcwT,G0PLr6xT9E96wJTJXQDNB728J4rHnKFKya5jIcwT,0tSt4SUsOj8fKBL2OwFTAz878S85snjiNnAx7n8z,0tSt4SUsOj8fKBL2OwFTAz878S85snjiNnAx7n8z
I9zyEumkNRxIzJ9lhMe24gjeuA05krtaF8GygUHD,hBG5vMBqkXoKVhe5nKFmfjAVyNoGHSr22VXcrkoN,DboXcHUzjiTnEyfVzMA8hgefX2B7suIPftuPWSyq,G97yzpX8HPnbmrVEC0Aoz2si9mlAiCfZmduqw99n,hBG5vMBqkXoKVhe5nKFmfjAVyNoGHSr22VXcrkoN,G97yzpX8HPnbmrVEC0Aoz2si9mlAiCfZmduqw99n
BR0isoSnDlgTmIqukAORkXTz6C9ABpEWp1Yw4Fx6,G0PLr6xT9E96wJTJXQDNB728J4rHnKFKya5jIcwT,G97yzpX8HPnbmrVEC0Aoz2si9mlAiCfZmduqw99n,MOx9AM3J6rnEQQJCSsWfT7wdOetSni3OV0mrNgho,G97yzpX8HPnbmrVEC0Aoz2si9mlAiCfZmduqw99n,MOx9AM3J6rnEQQJCSsWfT7wdOetSni3OV0mrNgho
0tSt4SUsOj8fKBL2OwFTAz878S85snjiNnAx7n8z,DboXcHUzjiTnEyfVzMA8hgefX2B7suIPftuPWSyq,MOx9AM3J6rnEQQJCSsWfT7wdOetSni3OV0mrNgho,I9zyEumkNRxIzJ9lhMe24gjeuA05krtaF8GygUHD,MOx9AM3J6rnEQQJCSsWfT7wdOetSni3OV0mrNgho,I9zyEumkNRxIzJ9lhMe24gjeuA05krtaF8GygUHD
hBG5vMBqkXoKVhe5nKFmfjAVyNoGHSr22VXcrkoN,neo9uYRJVawyUm1nyXvQrJxwVqapvXp6gVg6kwxr,I9zyEumkNRxIzJ9lhMe24gjeuA05krtaF8GygUHD,BR0isoSnDlgTmIqukAORkXTz6C9ABpEWp1Yw4Fx6,I9zyEumkNRxIzJ9lhMe24gjeuA05krtaF8GygUHD,BR0isoSnDlgTmIqukAORkXTz6C9ABpEWp1Yw4Fx6
G0PLr6xT9E96wJTJXQDNB728J4rHnKFKya5jIcwT,nOgJEtffp9e3P1qN9pqUrIZB0WQ9VIdptmx5wtia,BR0isoSnDlgTmIqukAORkXTz6C9ABpEWp1Yw4Fx6,0tSt4SUsOj8fKBL2OwFTAz878S85snjiNnAx7n8z,BR0isoSnDlgTmIqukAORkXTz6C9ABpEWp1Yw4Fx6,0tSt4SUsOj8fKBL2OwFTAz878S85snjiNnAx7n8z
DboXcHUzjiTnEyfVzMA8hgefX2B7suIPftuPWSyq,G97yzpX8HPnbmrVEC0Aoz2si9mlAiCfZmduqw99n,0tSt4SUsOj8fKBL2OwFTAz878S85snjiNnAx7n8z,hBG5vMBqkXoKVhe5nKFmfjAVyNoGHSr22VXcrkoN,0tSt4SUsOj8fKBL2OwFTAz878S85snjiNnAx7n8z,G97yzpX8HPnbmrVEC0Aoz2si9mlAiCfZmduqw99n
neo9uYRJVawyUm1nyXvQrJxwVqapvXp6gVg6kwxr,MOx9AM3J6rnEQQJCSsWfT7wdOetSni3OV0mrNgho,hBG5vMBqkXoKVhe5nKFmfjAVyNoGHSr22VXcrkoN,G0PLr6xT9E96wJTJXQDNB728J4rHnKFKya5jIcwT,hBG5vMBqkXoKVhe5nKFmfjAVyNoGHSr22VXcrkoN,MOx9AM3J6rnEQQJCSsWfT7wdOetSni3OV0mrNgho
G97yzpX8HPnbmrVEC0Aoz2si9mlAiCfZmduqw99n,I9zyEumkNRxIzJ9lhMe24gjeuA05krtaF8GygUHD,G0PLr6xT9E96wJTJXQDNB728J4rHnKFKya5jIcwT,G97yzpX8HPnbmrVEC0Aoz2si9mlAiCfZmduqw99n,G97yzpX8HPnbmrVEC0Aoz2si9mlAiCfZmduqw99n,I9zyEumkNRxIzJ9lhMe24gjeuA05krtaF8GygUHD
MOx9AM3J6rnEQQJCSsWfT7wdOetSni3OV0mrNgho,BR0isoSnDlgTmIqukAORkXTz6C9ABpEWp1Yw4Fx6,DboXcHUzjiTnEyfVzMA8hgefX2B7suIPftuPWSyq,MOx9AM3J6rnEQQJCSsWfT7wdOetSni3OV0mrNgho,MOx9AM3J6rnEQQJCSsWfT7wdOetSni3OV0mrNgho,BR0isoSnDlgTmIqukAORkXTz6C9ABpEWp1Yw4Fx6
I9zyEumkNRxIzJ9lhMe24gjeuA05krtaF8GygUHD,0tSt4SUsOj8fKBL2OwFTAz878S85snjiNnAx7n8z,G97yzpX8HPnbmrVEC0Aoz2si9mlAiCfZmduqw99n,I9zyEumkNRxIzJ9lhMe24gjeuA05krtaF8GygUHD,I9zyEumkNRxIzJ9lhMe24gjeuA05krtaF8GygUHD,0tSt4SUsOj8fKBL2OwFTAz878S85snjiNnAx7n8z
BR0isoSnDlgTmIqukAORkXTz6C9ABpEWp1Yw4Fx6,hBG5vMBqkXoKVhe5nKFmfjAVyNoGHSr22VXcrkoN,MOx9AM3J6rnEQQJCSsWfT7wdOetSni3OV0mrNgho,BR0isoSnDlgTmIqukAORkXTz6C9ABpEWp1Yw4Fx6,BR0isoSnDlgTmIqukAORkXTz6C9ABpEWp1Yw4Fx6,G97yzpX8HPnbmrVEC0Aoz2si9mlAiCfZmduqw99n
0tSt4SUsOj8fKBL2OwFTAz878S85snjiNnAx7n8z,G0PLr6xT9E96wJTJXQDNB728J4rHnKFKya5jIcwT,I9zyEumkNRxIzJ9lhMe24gjeuA05krtaF8GygUHD,0tSt4SUsOj8fKBL2OwFTAz878S85snjiNnAx7n8z,0tSt4SUsOj8fKBL2OwFTAz878S85snjiNnAx7n8z,MOx9AM3J6rnEQQJCSsWfT7wdOetSni3OV0mrNgho
hBG5vMBqkXoKVhe5nKFmfjAVyNoGHSr22VXcrkoN,DboXcHUzjiTnEyfVzMA8hgefX2B7suIPftuPWSyq,BR0isoSnDlgTmIqukAORkXTz6C9ABpEWp1Yw4Fx6,hBG5vMBqkXoKVhe5nKFmfjAVyNoGHSr22VXcrkoN,hBG5vMBqkXoKVhe5nKFmfjAVyNoGHSr22VXcrkoN,I9zyEumkNRxIzJ9lhMe24gjeuA05krtaF8GygUHD
G0PLr6xT9E96wJTJXQDNB728J4rHnKFKya5jIcwT,neo9uYRJVawyUm1nyXvQrJxwVqapvXp6gVg6kwxr,0tSt4SUsOj8fKBL2OwFTAz878S85snjiNnAx7n8z,G0PLr6xT9E96wJTJXQDNB728J4rHnKFKya5jIcwT,G97yzpX8HPnbmrVEC0Aoz2si9mlAiCfZmduqw99n,BR0isoSnDlgTmIqukAORkXTz6C9ABpEWp1Yw4Fx6
DboXcHUzjiTnEyfVzMA8hgefX2B7suIPftuPWSyq,nOgJEtffp9e3P1qN9pqUrIZB0WQ9VIdptmx5wtia,hBG5vMBqkXoKVhe5nKFmfjAVyNoGHSr22VXcrkoN,G97yzpX8HPnbmrVEC0Aoz2si9mlAiCfZmduqw99n,MOx9AM3J6rnEQQJCSsWfT7wdOetSni3OV0mrNgho,0tSt4SUsOj8fKBL2OwFTAz878S85snjiNnAx7n8z
neo9uYRJVawyUm1nyXvQrJxwVqapvXp6gVg6kwxr,G97yzpX8HPnbmrVEC0Aoz2si9mlAiCfZmduqw99n,G0PLr6xT9E96wJTJXQDNB728J4rHnKFKya5jIcwT,MOx9AM3J6rnEQQJCSsWfT7wdOetSni3OV0mrNgho,I9zyEumkNRxIzJ9lhMe24gjeuA05krtaF8GygUHD,G97yzpX8HPnbmrVEC0Aoz2si9mlAiCfZmduqw99n
G97yzpX8HPnbmrVEC0Aoz2si9mlAiCfZmduqw99n,MOx9AM3J6rnEQQJCSsWfT7wdOetSni3OV0mrNgho,DboXcHUzjiTnEyfVzMA8hgefX2B7suIPftuPWSyq,I9zyEumkNRxIzJ9lhMe24gjeuA05krtaF8GygUHD,BR0isoSnDlgTmIqukAORkXTz6C9ABpEWp1Yw4Fx6,MOx9AM3J6rnEQQJCSsWfT7wdOetSni3OV0mrNgho
MOx9AM3J6rnEQQJCSsWfT7wdOetSni3OV0mrNgho,I9zyEumkNRxIzJ9lhMe24gjeuA05krtaF8GygUHD,G97yzpX8HPnbmrVEC0Aoz2si9mlAiCfZmduqw99n,BR0isoSnDlgTmIqukAORkXTz6C9ABpEWp1Yw4Fx6,0tSt4SUsOj8fKBL2OwFTAz878S85snjiNnAx7n8z,I9zyEumkNRxIzJ9lhMe24gjeuA05krtaF8GygUHD
I9zyEumkNRxIzJ9lhMe24gjeuA05krtaF8GygUHD,BR0isoSnDlgTmIqukAORkXTz6C9ABpEWp1Yw4Fx6,MOx9AM3J6rnEQQJCSsWfT7wdOetSni3OV0mrNgho,0tSt4SUsOj8fKBL2OwFTAz878S85snjiNnAx7n8z,hBG5vMBqkXoKVhe5nKFmfjAVyNoGHSr22VXcrkoN,BR0isoSnDlgTmIqukAORkXTz6C9ABpEWp1Yw4Fx6
BR0isoSnDlgTmIqukAORkXTz6C9ABpEWp1Yw4Fx6,0tSt4SUsOj8fKBL2OwFTAz878S85snjiNnAx7n8z,I9zyEumkNRxIzJ9lhMe24gjeuA05krtaF8GygUHD,hBG5vMBqkXoKVhe5nKFmfjAVyNoGHSr22VXcrkoN,G97yzpX8HPnbmrVEC0Aoz2si9mlAiCfZmduqw99n,0tSt4SUsOj8fKBL2OwFTAz878S85snjiNnAx7n8z
0tSt4SUsOj8fKBL2OwFTAz878S85snjiNnAx7n8z,hBG5vMBqkXoKVhe5nKFmfjAVyNoGHSr22VXcrkoN,BR0isoSnDlgTmIqukAORkXTz6C9ABpEWp1Yw4Fx6,G0PLr6xT9E96wJTJXQDNB728J4rHnKFKya5jIcwT,MOx9AM3J6rnEQQJCSsWfT7wdOetSni3OV0mrNgho,G97yzpX8HPnbmrVEC0Aoz2si9mlAiCfZmduqw99n
hBG5vMBqkXoKVhe5nKFmfjAVyNoGHSr22VXcrkoN,G0PLr6xT9E96wJTJXQDNB728J4rHnKFKya5jIcwT,0tSt4SUsOj8fKBL2OwFTAz878S85snjiNnAx7n8z,G97yzpX8HPnbmrVEC0Aoz2si9mlAiCfZmduqw99n,I9zyEumkNRxIzJ9lhMe24gjeuA05krtaF8GygUHD,MOx9AM3J6rnEQQJCSsWfT7wdOetSni3OV0mrNgho
G0PLr6xT9E96wJTJXQDNB728J4rHnKFKya5jIcwT,DboXcHUzjiTnEyfVzMA8hgefX2B7suIPftuPWSyq,hBG5vMBqkXoKVhe5nKFmfjAVyNoGHSr22VXcrkoN,MOx9AM3J6rnEQQJCSsWfT7wdOetSni3OV0mrNgho,BR0isoSnDlgTmIqukAORkXTz6C9ABpEWp1Yw4Fx6,I9zyEumkNRxIzJ9lhMe24gjeuA05krtaF8GygUHD
DboXcHUzjiTnEyfVzMA8hgefX2B7suIPftuPWSyq,neo9uYRJVawyUm1nyXvQrJxwVqapvXp6gVg6kwxr,G0PLr6xT9E96wJTJXQDNB728J4rHnKFKya5jIcwT,I9zyEumkNRxIzJ9lhMe24gjeuA05krtaF8GygUHD,0tSt4SUsOj8fKBL2OwFTAz878S85snjiNnAx7n8z,BR0isoSnDlgTmIqukAORkXTz6C9ABpEWp1Yw4Fx6
neo9uYRJVawyUm1nyXvQrJxwVqapvXp6gVg6kwxr,nOgJEtffp9e3P1qN9pqUrIZB0WQ9VIdptmx5wtia,DboXcHUzjiTnEyfVzMA8hgefX2B7suIPftuPWSyq,BR0isoSnDlgTmIqukAORkXTz6C9ABpEWp1Yw4Fx6,hBG5vMBqkXoKVhe5nKFmfjAVyNoGHSr22VXcrkoN,0tSt4SUsOj8fKBL2OwFTAz878S85snjiNnAx7n8z
G97yzpX8HPnbmrVEC0Aoz2si9mlAiCfZmduqw99n,G97yzpX8HPnbmrVEC0Aoz2si9mlAiCfZmduqw99n,G97yzpX8HPnbmrVEC0Aoz2si9mlAiCfZmduqw99n,0tSt4SUsOj8fKBL2OwFTAz878S85snjiNnAx7n8z,G97yzpX8HPnbmrVEC0Aoz2si9mlAiCfZmduqw99n,G97yzpX8HPnbmrVEC0Aoz2si9mlAiCfZmduqw99n
MOx9AM3J6rnEQQJCSsWfT7wdOetSni3OV0mrNgho,MOx9AM3J6rnEQQJCSsWfT7wdOetSni3OV0mrNgho,MOx9AM3J6rnEQQJCSsWfT7wdOetSni3OV0mrNgho,hBG5vMBqkXoKVhe5nKFmfjAVyNoGHSr22VXcrkoN,MOx9AM3J6rnEQQJCSsWfT7wdOetSni3OV0mrNgho,MOx9AM3J6rnEQQJCSsWfT7wdOetSni3OV0mrNgho
I9zyEumkNRxIzJ9lhMe24gjeuA05krtaF8GygUHD,I9zyEumkNRxIzJ9lhMe24gjeuA05krtaF8GygUHD,I9zyEumkNRxIzJ9lhMe24gjeuA05krtaF8GygUHD,G0PLr6xT9E96wJTJXQDNB728J4rHnKFKya5jIcwT,I9zyEumkNRxIzJ9lhMe24gjeuA05krtaF8GygUHD,I9zyEumkNRxIzJ9lhMe24gjeuA05krtaF8GygUHD
BR0isoSnDlgTmIqukAORkXTz6C9ABpEWp1Yw4Fx6,BR0isoSnDlgTmIqukAORkXTz6C9ABpEWp1Yw4Fx6,BR0isoSnDlgTmIqukAORkXTz6C9ABpEWp1Yw4Fx6,G97yzpX8HPnbmrVEC0Aoz2si9mlAiCfZmduqw99n,BR0isoSnDlgTmIqukAORkXTz6C9ABpEWp1Yw4Fx6,BR0isoSnDlgTmIqukAORkXTz6C9ABpEWp1Yw4Fx6
0tSt4SUsOj8fKBL2OwFTAz878S85snjiNnAx7n8z,0tSt4SUsOj8fKBL2OwFTAz878S85snjiNnAx7n8z,0tSt4SUsOj8fKBL2OwFTAz878S85snjiNnAx7n8z,MOx9AM3J6rnEQQJCSsWfT7wdOetSni3OV0mrNgho,0tSt4SUsOj8fKBL2OwFTAz878S85snjiNnAx7n8z,0tSt4SUsOj8fKBL2OwFTAz878S85snjiNnAx7n8z
hBG5vMBqkXoKVhe5nKFmfjAVyNoGHSr22VXcrkoN,hBG5vMBqkXoKVhe5nKFmfjAVyNoGHSr22VXcrkoN,hBG5vMBqkXoKVhe5nKFmfjAVyNoGHSr22VXcrkoN,I9zyEumkNRxIzJ9lhMe24gjeuA05krtaF8GygUHD,hBG5vMBqkXoKVhe5nKFmfjAVyNoGHSr22VXcrkoN,G97yzpX8HPnbmrVEC0Aoz2si9mlAiCfZmduqw99n
G0PLr6xT9E96wJTJXQDNB728J4rHnKFKya5jIcwT,G0PLr6xT9E96wJTJXQDNB728J4rHnKFKya5jIcwT,G0PLr6xT9E96wJTJXQDNB728J4rHnKFKya5jIcwT,BR0isoSnDlgTmIqukAORkXTz6C9ABpEWp1Yw4Fx6,G97yzpX8HPnbmrVEC0Aoz2si9mlAiCfZmduqw99n,MOx9AM3J6rnEQQJCSsWfT7wdOetSni3OV0mrNgho
DboXcHUzjiTnEyfVzMA8hgefX2B7suIPftuPWSyq,DboXcHUzjiTnEyfVzMA8hgefX2B7suIPftuPWSyq,DboXcHUzjiTnEyfVzMA8hgefX2B7suIPftuPWSyq,0tSt4SUsOj8fKBL2OwFTAz878S85snjiNnAx7n8z,MOx9AM3J6rnEQQJCSsWfT7wdOetSni3OV0mrNgho,I9zyEumkNRxIzJ9lhMe24gjeuA05krtaF8GygUHD
neo9uYRJVawyUm1nyXvQrJxwVqapvXp6gVg6kwxr,neo9uYRJVawyUm1nyXvQrJxwVqapvXp6gVg6kwxr,G97yzpX8HPnbmrVEC0Aoz2si9mlAiCfZmduqw99n,hBG5vMBqkXoKVhe5nKFmfjAVyNoGHSr22VXcrkoN,I9zyEumkNRxIzJ9lhMe24gjeuA05krtaF8GygUHD,BR0isoSnDlgTmIqukAORkXTz6C9ABpEWp1Yw4Fx6
G97yzpX8HPnbmrVEC0Aoz2si9mlAiCfZmduqw99n,nOgJEtffp9e3P1qN9pqUrIZB0WQ9VIdptmx5wtia,MOx9AM3J6rnEQQJCSsWfT7wdOetSni3OV0mrNgho,G0PLr6xT9E96wJTJXQDNB728J4rHnKFKya5jIcwT,BR0isoSnDlgTmIqukAORkXTz6C9ABpEWp1Yw4Fx6,0tSt4SUsOj8fKBL2OwFTAz878S85snjiNnAx7n8z
MOx9AM3J6rnEQQJCSsWfT7wdOetSni3OV0mrNgho,G97yzpX8HPnbmrVEC0Aoz2si9mlAiCfZmduqw99n,I9zyEumkNRxIzJ9lhMe24gjeuA05krtaF8GygUHD,G97yzpX8HPnbmrVEC0Aoz2si9mlAiCfZmduqw99n,0tSt4SUsOj8fKBL2OwFTAz878S85snjiNnAx7n8z,G97yzpX8HPnbmrVEC0Aoz2si9mlAiCfZmduqw99n
I9zyEumkNRxIzJ9lhMe24gjeuA05krtaF8GygUHD,MOx9AM3J6rnEQQJCSsWfT7wdOetSni3OV0mrNgho,BR0isoSnDlgTmIqukAORkXTz6C9ABpEWp1Yw4Fx6,MOx9AM3J6rnEQQJCSsWfT7wdOetSni3OV0mrNgho,hBG5vMBqkXoKVhe5nKFmfjAVyNoGHSr22VXcrkoN,MOx9AM3J6rnEQQJCSsWfT7wdOetSni3OV0mrNgho
BR0isoSnDlgTmIqukAORkXTz6C9ABpEWp1Yw4Fx6,I9zyEumkNRxIzJ9lhMe24gjeuA05krtaF8GygUHD,0tSt4SUsOj8fKBL2OwFTAz878S85snjiNnAx7n8z,I9zyEumkNRxIzJ9lhMe24gjeuA05krtaF8GygUHD,G97yzpX8HPnbmrVEC0Aoz2si9mlAiCfZmduqw99n,I9zyEumkNRxIzJ9lhMe24gjeuA05krtaF8GygUHD
0tSt4SUsOj8fKBL2OwFTAz878S85snjiNnAx7n8z,BR0isoSnDlgTmIqukAORkXTz6C9ABpEWp1Yw4Fx6,hBG5vMBqkXoKVhe5nKFmfjAVyNoGHSr22VXcrkoN,BR0isoSnDlgTmIqukAORkXTz6C9ABpEWp1Yw4Fx6,MOx9AM3J6rnEQQJCSsWfT7wdOetSni3OV0mrNgho,BR0isoSnDlgTmIqukAORkXTz6C9ABpEWp1Yw4Fx6
hBG5vMBqkXoKVhe5nKFmfjAVyNoGHSr22VXcrkoN,0tSt4SUsOj8fKBL2OwFTAz878S85snjiNnAx7n8z,G0PLr6xT9E96wJTJXQDNB728J4rHnKFKya5jIcwT,0tSt4SUsOj8fKBL2OwFTAz878S85snjiNnAx7n8z,I9zyEumkNRxIzJ9lhMe24gjeuA05krtaF8GygUHD,0tSt4SUsOj8fKBL2OwFTAz878S85snjiNnAx7n8z
G0PLr6xT9E96wJTJXQDNB728J4rHnKFKya5jIcwT,hBG5vMBqkXoKVhe5nKFmfjAVyNoGHSr22VXcrkoN,DboXcHUzjiTnEyfVzMA8hgefX2B7suIPftuPWSyq,hBG5vMBqkXoKVhe5nKFmfjAVyNoGHSr22VXcrkoN,BR0isoSnDlgTmIqukAORkXTz6C9ABpEWp1Yw4Fx6,G97yzpX8HPnbmrVEC0Aoz2si9mlAiCfZmduqw99n
DboXcHUzjiTnEyfVzMA8hgefX2B7suIPftuPWSyq,G0PLr6xT9E96wJTJXQDNB728J4rHnKFKya5jIcwT,G97yzpX8HPnbmrVEC0Aoz2si9mlAiCfZmduqw99n,G0PLr6xT9E96wJTJXQDNB728J4rHnKFKya5jIcwT,0tSt4SUsOj8fKBL2OwFTAz878S85snjiNnAx7n8z,MOx9AM3J6rnEQQJCSsWfT7wdOetSni3OV0mrNgho
neo9uYRJVawyUm1nyXvQrJxwVqapvXp6gVg6kwxr,DboXcHUzjiTnEyfVzMA8hgefX2B7suIPftuPWSyq,MOx9AM3J6rnEQQJCSsWfT7wdOetSni3OV0mrNgho,G97yzpX8HPnbmrVEC0Aoz2si9mlAiCfZmduqw99n,hBG5vMBqkXoKVhe5nKFmfjAVyNoGHSr22VXcrkoN,I9zyEumkNRxIzJ9lhMe24gjeuA05krtaF8GygUHD
G97yzpX8HPnbmrVEC0Aoz2si9mlAiCfZmduqw99n,neo9uYRJVawyUm1nyXvQrJxwVqapvXp6gVg6kwxr,I9zyEumkNRxIzJ9lhMe24gjeuA05krtaF8GygUHD,MOx9AM3J6rnEQQJCSsWfT7wdOetSni3OV0mrNgho,G97yzpX8HPnbmrVEC0Aoz2si9mlAiCfZmduqw99n,BR0isoSnDlgTmIqukAORkXTz6C9ABpEWp1Yw4Fx6
MOx9AM3J6rnEQQJCSsWfT7wdOetSni3OV0mrNgho,nOgJEtffp9e3P1qN9pqUrIZB0WQ9VIdptmx5wtia,BR0isoSnDlgTmIqukAORkXTz6C9ABpEWp1Yw4Fx6,I9zyEumkNRxIzJ9lhMe24gjeuA05krtaF8GygUHD,MOx9AM3J6rnEQQJCSsWfT7wdOetSni3OV0mrNgho,0tSt4SUsOj8fKBL2OwFTAz878S85snjiNnAx7n8z
I9zyEumkNRxIzJ9lhMe24gjeuA05krtaF8GygUHD,G97yzpX8HPnbmrVEC0Aoz2si9mlAiCfZmduqw99n,0tSt4SUsOj8fKBL2OwFTAz878S85snjiNnAx7n8z,BR0isoSnDlgTmIqukAORkXTz6C9ABpEWp1Yw4Fx6,I9zyEumkNRxIzJ9lhMe24gjeuA05krtaF8GygUHD,G97yzpX8HPnbmrVEC0Aoz2si9mlAiCfZmduqw99n
BR0isoSnDlgTmIqukAORkXTz6C9ABpEWp1Yw4Fx6,MOx9AM3J6rnEQQJCSsWfT7wdOetSni3OV0mrNgho,hBG5vMBqkXoKVhe5nKFmfjAVyNoGHSr22VXcrkoN,0tSt4SUsOj8fKBL2OwFTAz878S85snjiNnAx7n8z,BR0isoSnDlgTmIqukAORkXTz6C9ABpEWp1Yw4Fx6,MOx9AM3J6rnEQQJCSsWfT7wdOetSni3OV0mrNgho
0tSt4SUsOj8fKBL2OwFTAz878S85snjiNnAx7n8z,I9zyEumkNRxIzJ9lhMe24gjeuA05krtaF8GygUHD,G0PLr6xT9E96wJTJXQDNB728J4rHnKFKya5jIcwT,hBG5vMBqkXoKVhe5nKFmfjAVyNoGHSr22VXcrkoN,0tSt4SUsOj8fKBL2OwFTAz878S85snjiNnAx7n8z,I9zyEumkNRxIzJ9lhMe24gjeuA05krtaF8GygUHD
hBG5vMBqkXoKVhe5nKFmfjAVyNoGHSr22VXcrkoN,BR0isoSnDlgTmIqukAORkXTz6C9ABpEWp1Yw4Fx6,DboXcHUzjiTnEyfVzMA8hgefX2B7suIPftuPWSyq,G0PLr6xT9E96wJTJXQDNB728J4rHnKFKya5jIcwT,hBG5vMBqkXoKVhe5nKFmfjAVyNoGHSr22VXcrkoN,BR0isoSnDlgTmIqukAORkXTz6C9ABpEWp1Yw4Fx6
G0PLr6xT9E96wJTJXQDNB728J4rHnKFKya5jIcwT,0tSt4SUsOj8fKBL2OwFTAz878S85snjiNnAx7n8z,G97yzpX8HPnbmrVEC0Aoz2si9mlAiCfZmduqw99n,G97yzpX8HPnbmrVEC0Aoz2si9mlAiCfZmduqw99n,G97yzpX8HPnbmrVEC0Aoz2si9mlAiCfZmduqw99n,0tSt4SUsOj8fKBL2OwFTAz878S85snjiNnAx7n8z
DboXcHUzjiTnEyfVzMA8hgefX2B7suIPftuPWSyq,hBG5vMBqkXoKVhe5nKFmfjAVyNoGHSr22VXcrkoN,MOx9AM3J6rnEQQJCSsWfT7wdOetSni3OV0mrNgho,MOx9AM3J6rnEQQJCSsWfT7wdOetSni3OV0mrNgho,MOx9AM3J6rnEQQJCSsWfT7wdOetSni3OV0mrNgho,G97yzpX8HPnbmrVEC0Aoz2si9mlAiCfZmduqw99n
neo9uYRJVawyUm1nyXvQrJxwVqapvXp6gVg6kwxr,G0PLr6xT9E96wJTJXQDNB728J4rHnKFKya5jIcwT,I9zyEumkNRxIzJ9lhMe24gjeuA05krtaF8GygUHD,I9zyEumkNRxIzJ9lhMe24gjeuA05krtaF8GygUHD,I9zyEumkNRxIzJ9lhMe24gjeuA05krtaF8GygUHD,MOx9AM3J6rnEQQJCSsWfT7wdOetSni3OV0mrNgho
G97yzpX8HPnbmrVEC0Aoz2si9mlAiCfZmduqw99n,DboXcHUzjiTnEyfVzMA8hgefX2B7suIPftuPWSyq,BR0isoSnDlgTmIqukAORkXTz6C9ABpEWp1Yw4Fx6,BR0isoSnDlgTmIqukAORkXTz6C9ABpEWp1Yw4Fx6,BR0isoSnDlgTmIqukAORkXTz6C9ABpEWp1Yw4Fx6,I9zyEumkNRxIzJ9lhMe24gjeuA05krtaF8GygUHD
MOx9AM3J6rnEQQJCSsWfT7wdOetSni3OV0mrNgho,neo9uYRJVawyUm1nyXvQrJxwVqapvXp6gVg6kwxr,0tSt4SUsOj8fKBL2OwFTAz878S85snjiNnAx7n8z,0tSt4SUsOj8fKBL2OwFTAz878S85snjiNnAx7n8z,0tSt4SUsOj8fKBL2OwFTAz878S85snjiNnAx7n8z,BR0isoSnDlgTmIqukAORkXTz6C9ABpEWp1Yw4Fx6
I9zyEumkNRxIzJ9lhMe24gjeuA05krtaF8GygUHD,nOgJEtffp9e3P1qN9pqUrIZB0WQ9VIdptmx5wtia,hBG5vMBqkXoKVhe5nKFmfjAVyNoGHSr22VXcrkoN,hBG5vMBqkXoKVhe5nKFmfjAVyNoGHSr22VXcrkoN,hBG5vMBqkXoKVhe5nKFmfjAVyNoGHSr22VXcrkoN,0tSt4SUsOj8fKBL2OwFTAz878S85snjiNnAx7n8z
BR0isoSnDlgTmIqukAORkXTz6C9ABpEWp1Yw4Fx6,G97yzpX8HPnbmrVEC0Aoz2si9mlAiCfZmduqw99n,G0PLr6xT9E96wJTJXQDNB728J4rHnKFKya5jIcwT,G0PLr6xT9E96wJTJXQDNB728J4rHnKFKya5jIcwT,G97yzpX8HPnbmrVEC0Aoz2si9mlAiCfZmduqw99n,G97yzpX8HPnbmrVEC0Aoz2si9mlAiCfZmduqw99n
0tSt4SUsOj8fKBL2OwFTAz878S85snjiNnAx7n8z,MOx9AM3J6rnEQQJCSsWfT7wdOetSni3OV0mrNgho,DboXcHUzjiTnEyfVzMA8hgefX2B7suIPftuPWSyq,G97yzpX8HPnbmrVEC0Aoz2si9mlAiCfZmduqw99n,MOx9AM3J6rnEQQJCSsWfT7wdOetSni3OV0mrNgho,MOx9AM3J6rnEQQJCSsWfT7wdOetSni3OV0mrNgho
hBG5vMBqkXoKVhe5nKFmfjAVyNoGHSr22VXcrkoN,I9zyEumkNRxIzJ9lhMe24gjeuA05krtaF8GygUHD,G97yzpX8HPnbmrVEC0Aoz2si9mlAiCfZmduqw99n,MOx9AM3J6rnEQQJCSsWfT7wdOetSni3OV0mrNgho,I9zyEumkNRxIzJ9lhMe24gjeuA05krtaF8GygUHD,I9zyEumkNRxIzJ9lhMe24gjeuA05krtaF8GygUHD
G0PLr6xT9E96wJTJXQDNB728J4rHnKFKya5jIcwT,BR0isoSnDlgTmIqukAORkXTz6C9ABpEWp1Yw4Fx6,MOx9AM3J6rnEQQJCSsWfT7wdOetSni3OV0mrNgho,I9zyEumkNRxIzJ9lhMe24gjeuA05krtaF8GygUHD,BR0isoSnDlgTmIqukAORkXTz6C9ABpEWp1Yw4Fx6,BR0isoSnDlgTmIqukAORkXTz6C9ABpEWp1Yw4Fx6
DboXcHUzjiTnEyfVzMA8hgefX2B7suIPftuPWSyq,0tSt4SUsOj8fKBL2OwFTAz878S85snjiNnAx7n8z,I9zyEumkNRxIzJ9lhMe24gjeuA05krtaF8GygUHD,BR0isoSnDlgTmIqukAORkXTz6C9ABpEWp1Yw4Fx6,0tSt4SUsOj8fKBL2OwFTAz878S85snjiNnAx7n8z,0tSt4SUsOj8fKBL2OwFTAz878S85snjiNnAx7n8z
neo9uYRJVawyUm1nyXvQrJxwVqapvXp6gVg6kwxr,hBG5vMBqkXoKVhe5nKFmfjAVyNoGHSr22VXcrkoN,BR0isoSnDlgTmIqukAORkXTz6C9ABpEWp1Yw4Fx6,0tSt4SUsOj8fKBL2OwFTAz878S85snjiNnAx7n8z,hBG5vMBqkXoKVhe5nKFmfjAVyNoGHSr22VXcrkoN,G97yzpX8HPnbmrVEC0Aoz2si9mlAiCfZmduqw99n
G97yzpX8HPnbmrVEC0Aoz2si9mlAiCfZmduqw99n,G0PLr6xT9E96wJTJXQDNB728J4rHnKFKya5jIcwT,0tSt4SUsOj8fKBL2OwFTAz878S85snjiNnAx7n8z,hBG5vMBqkXoKVhe5nKFmfjAVyNoGHSr22VXcrkoN,G97yzpX8HPnbmrVEC0Aoz2si9mlAiCfZmduqw99n,MOx9AM3J6rnEQQJCSsWfT7wdOetSni3OV0mrNgho
MOx9AM3J6rnEQQJCSsWfT7wdOetSni3OV0mrNgho,DboXcHUzjiTnEyfVzMA8hgefX2B7suIPftuPWSyq,hBG5vMBqkXoKVhe5nKFmfjAVyNoGHSr22VXcrkoN,G0PLr6xT9E96wJTJXQDNB728J4rHnKFKya5jIcwT,MOx9AM3J6rnEQQJCSsWfT7wdOetSni3OV0mrNgho,I9zyEumkNRxIzJ9lhMe24gjeuA05krtaF8GygUHD
I9zyEumkNRxIzJ9lhMe24gjeuA05krtaF8GygUHD,neo9uYRJVawyUm1nyXvQrJxwVqapvXp6gVg6kwxr,G0PLr6xT9E96wJTJXQDNB728J4rHnKFKya5jIcwT,G97yzpX8HPnbmrVEC0Aoz2si9mlAiCfZmduqw99n,I9zyEumkNRxIzJ9lhMe24gjeuA05krtaF8GygUHD,BR0isoSnDlgTmIqukAORkXTz6C9ABpEWp1Yw4Fx6
BR0isoSnDlgTmIqukAORkXTz6C9ABpEWp1Yw4Fx6,nOgJEtffp9e3P1qN9pqUrIZB0WQ9VIdptmx5wtia,DboXcHUzjiTnEyfVzMA8hgefX2B7suIPftuPWSyq,MOx9AM3J6rnEQQJCSsWfT7wdOetSni3OV0mrNgho,BR0isoSnDlgTmIqukAORkXTz6C9ABpEWp1Yw4Fx6,0tSt4SUsOj8fKBL2OwFTAz878S85snjiNnAx7n8z
0tSt4SUsOj8fKBL2OwFTAz878S85snjiNnAx7n8z,G97yzpX8HPnbmrVEC0Aoz2si9mlAiCfZmduqw99n,G97yzpX8HPnbmrVEC0Aoz2si9mlAiCfZmduqw99n,I9zyEumkNRxIzJ9lhMe24gjeuA05krtaF8GygUHD,0tSt4SUsOj8fKBL2OwFTAz878S85snjiNnAx7n8z,G97yzpX8HPnbmrVEC0Aoz2si9mlAiCfZmduqw99n
hBG5vMBqkXoKVhe5nKFmfjAVyNoGHSr22VXcrkoN,MOx9AM3J6rnEQQJCSsWfT7wdOetSni3OV0mrNgho,MOx9AM3J6rnEQQJCSsWfT7wdOetSni3OV0mrNgho,BR0isoSnDlgTmIqukAORkXTz6C9ABpEWp1Yw4Fx6,hBG5vMBqkXoKVhe5nKFmfjAVyNoGHSr22VXcrkoN,MOx9AM3J6rnEQQJCSsWfT7wdOetSni3OV0mrNgho
G0PLr6xT9E96wJTJXQDNB728J4rHnKFKya5jIcwT,I9zyEumkNRxIzJ9lhMe24gjeuA05krtaF8GygUHD,I9zyEumkNRxIzJ9lhMe24gjeuA05krtaF8GygUHD,0tSt4SUsOj8fKBL2OwFTAz878S85snjiNnAx7n8z,G97yzpX8HPnbmrVEC0Aoz2si9mlAiCfZmduqw99n,I9zyEumkNRxIzJ9lhMe24gjeuA05krtaF8GygUHD
DboXcHUzjiTnEyfVzMA8hgefX2B7suIPftuPWSyq,BR0isoSnDlgTmIqukAORkXTz6C9ABpEWp1Yw4Fx6,BR0isoSnDlgTmIqukAORkXTz6C9ABpEWp1Yw4Fx6,hBG5vMBqkXoKVhe5nKFmfjAVyNoGHSr22VXcrkoN,MOx9AM3J6rnEQQJCSsWfT7wdOetSni3OV0mrNgho,BR0isoSnDlgTmIqukAORkXTz6C9ABpEWp1Yw4Fx6
neo9uYRJVawyUm1nyXvQrJxwVqapvXp6gVg6kwxr,0tSt4SUsOj8fKBL2OwFTAz878S85snjiNnAx7n8z,0tSt4SUsOj8fKBL2OwFTAz878S85snjiNnAx7n8z,G0PLr6xT9E96wJTJXQDNB728J4rHnKFKya5jIcwT,I9zyEumkNRxIzJ9lhMe24gjeuA05krtaF8GygUHD,0tSt4SUsOj8fKBL2OwFTAz878S85snjiNnAx7n8z
G97yzpX8HPnbmrVEC0Aoz2si9mlAiCfZmduqw99n,hBG5vMBqkXoKVhe5nKFmfjAVyNoGHSr22VXcrkoN,hBG5vMBqkXoKVhe5nKFmfjAVyNoGHSr22VXcrkoN,G97yzpX8HPnbmrVEC0Aoz2si9mlAiCfZmduqw99n,BR0isoSnDlgTmIqukAORkXTz6C9ABpEWp1Yw4Fx6,G97yzpX8HPnbmrVEC0Aoz2si9mlAiCfZmduqw99n
MOx9AM3J6rnEQQJCSsWfT7wdOetSni3OV0mrNgho,G0PLr6xT9E96wJTJXQDNB728J4rHnKFKya5jIcwT,G0PLr6xT9E96wJTJXQDNB728J4rHnKFKya5jIcwT,MOx9AM3J6rnEQQJCSsWfT7wdOetSni3OV0mrNgho,0tSt4SUsOj8fKBL2OwFTAz878S85snjiNnAx7n8z,MOx9AM3J6rnEQQJCSsWfT7wdOetSni3OV0mrNgho
I9zyEumkNRxIzJ9lhMe24gjeuA05krtaF8GygUHD,DboXcHUzjiTnEyfVzMA8hgefX2B7suIPftuPWSyq,DboXcHUzjiTnEyfVzMA8hgefX2B7suIPftuPWSyq,I9zyEumkNRxIzJ9lhMe24gjeuA05krtaF8GygUHD,hBG5vMBqkXoKVhe5nKFmfjAVyNoGHSr22VXcrkoN,I9zyEumkNRxIzJ9lhMe24gjeuA05krtaF8GygUHD
BR0isoSnDlgTmIqukAORkXTz6C9ABpEWp1Yw4Fx6,neo9uYRJVawyUm1nyXvQrJxwVqapvXp6gVg6kwxr,G97yzpX8HPnbmrVEC0Aoz2si9mlAiCfZmduqw99n,BR0isoSnDlgTmIqukAORkXTz6C9ABpEWp1Yw4Fx6,G97yzpX8HPnbmrVEC0Aoz2si9mlAiCfZmduqw99n,BR0isoSnDlgTmIqukAORkXTz6C9ABpEWp1Yw4Fx6
0tSt4SUsOj8fKBL2OwFTAz878S85snjiNnAx7n8z,nOgJEtffp9e3P1qN9pqUrIZB0WQ9VIdptmx5wtia,MOx9AM3J6rnEQQJCSsWfT7wdOetSni3OV0mrNgho,0tSt4SUsOj8fKBL2OwFTAz878S85snjiNnAx7n8z,MOx9AM3J6rnEQQJCSsWfT7wdOetSni3OV0mrNgho,0tSt4SUsOj8fKBL2OwFTAz878S85snjiNnAx7n8z
hBG5vMBqkXoKVhe5nKFmfjAVyNoGHSr22VXcrkoN,G97yzpX8HPnbmrVEC0Aoz2si9mlAiCfZmduqw99n,I9zyEumkNRxIzJ9lhMe24gjeuA05krtaF8GygUHD,hBG5vMBqkXoKVhe5nKFmfjAVyNoGHSr22VXcrkoN,I9zyEumkNRxIzJ9lhMe24gjeuA05krtaF8GygUHD,G97yzpX8HPnbmrVEC0Aoz2si9mlAiCfZmduqw99n
G0PLr6xT9E96wJTJXQDNB728J4rHnKFKya5jIcwT,MOx9AM3J6rnEQQJCSsWfT7wdOetSni3OV0mrNgho,BR0isoSnDlgTmIqukAORkXTz6C9ABpEWp1Yw4Fx6,G0PLr6xT9E96wJTJXQDNB728J4rHnKFKya5jIcwT,BR0isoSnDlgTmIqukAORkXTz6C9ABpEWp1Yw4Fx6,MOx9AM3J6rnEQQJCSsWfT7wdOetSni3OV0mrNgho
DboXcHUzjiTnEyfVzMA8hgefX2B7suIPftuPWSyq,I9zyEumkNRxIzJ9lhMe24gjeuA05krtaF8GygUHD,0tSt4SUsOj8fKBL2OwFTAz878S85snjiNnAx7n8z,G97yzpX8HPnbmrVEC0Aoz2si9mlAiCfZmduqw99n,0tSt4SUsOj8fKBL2OwFTAz878S85snjiNnAx7n8z,I9zyEumkNRxIzJ9lhMe24gjeuA05krtaF8GygUHD
neo9uYRJVawyUm1nyXvQrJxwVqapvXp6gVg6kwxr,BR0isoSnDlgTmIqukAORkXTz6C9ABpEWp1Yw4Fx6,hBG5vMBqkXoKVhe5nKFmfjAVyNoGHSr22VXcrkoN,MOx9AM3J6rnEQQJCSsWfT7wdOetSni3OV0mrNgho,hBG5vMBqkXoKVhe5nKFmfjAVyNoGHSr22VXcrkoN,BR0isoSnDlgTmIqukAORkXTz6C9ABpEWp1Yw4Fx6
G97yzpX8HPnbmrVEC0Aoz2si9mlAiCfZmduqw99n,0tSt4SUsOj8fKBL2OwFTAz878S85snjiNnAx7n8z,G0PLr6xT9E96wJTJXQDNB728J4rHnKFKya5jIcwT,I9zyEumkNRxIzJ9lhMe24gjeuA05krtaF8GygUHD,G97yzpX8HPnbmrVEC0Aoz2si9mlAiCfZmduqw99n,0tSt4SUsOj8fKBL2OwFTAz878S85snjiNnAx7n8z
MOx9AM3J6rnEQQJCSsWfT7wdOetSni3OV0mrNgho,hBG5vMBqkXoKVhe5nKFmfjAVyNoGHSr22VXcrkoN,DboXcHUzjiTnEyfVzMA8hgefX2B7suIPftuPWSyq,BR0isoSnDlgTmIqukAORkXTz6C9ABpEWp1Yw4Fx6,MOx9AM3J6rnEQQJCSsWfT7wdOetSni3OV0mrNgho,G97yzpX8HPnbmrVEC0Aoz2si9mlAiCfZmduqw99n
I9zyEumkNRxIzJ9lhMe24gjeuA05krtaF8GygUHD,G0PLr6xT9E96wJTJXQDNB728J4rHnKFKya5jIcwT,G97yzpX8HPnbmrVEC0Aoz2si9mlAiCfZmduqw99n,0tSt4SUsOj8fKBL2OwFTAz878S85snjiNnAx7n8z,I9zyEumkNRxIzJ9lhMe24gjeuA05krtaF8GygUHD,MOx9AM3J6rnEQQJCSsWfT7wdOetSni3OV0mrNgho
BR0isoSnDlgTmIqukAORkXTz6C9ABpEWp1Yw4Fx6,DboXcHUzjiTnEyfVzMA8hgefX2B7suIPftuPWSyq,MOx9AM3J6rnEQQJCSsWfT7wdOetSni3OV0mrNgho,hBG5vMBqkXoKVhe5nKFmfjAVyNoGHSr22VXcrkoN,BR0isoSnDlgTmIqukAORkXTz6C9ABpEWp1Yw4Fx6,I9zyEumkNRxIzJ9lhMe24gjeuA05krtaF8GygUHD
0tSt4SUsOj8fKBL2OwFTAz878S85snjiNnAx7n8z,neo9uYRJVawyUm1nyXvQrJxwVqapvXp6gVg6kwxr,I9zyEumkNRxIzJ9lhMe24gjeuA05krtaF8GygUHD,G0PLr6xT9E96wJTJXQDNB728J4rHnKFKya5jIcwT,0tSt4SUsOj8fKBL2OwFTAz878S85snjiNnAx7n8z,BR0isoSnDlgTmIqukAORkXTz6C9ABpEWp1Yw4Fx6
hBG5vMBqkXoKVhe5nKFmfjAVyNoGHSr22VXcrkoN,nOgJEtffp9e3P1qN9pqUrIZB0WQ9VIdptmx5wtia,BR0isoSnDlgTmIqukAORkXTz6C9ABpEWp1Yw4Fx6,G97yzpX8HPnbmrVEC0Aoz2si9mlAiCfZmduqw99n,hBG5vMBqkXoKVhe5nKFmfjAVyNoGHSr22VXcrkoN,0tSt4SUsOj8fKBL2OwFTAz878S85snjiNnAx7n8z
G0PLr6xT9E96wJTJXQDNB728J4rHnKFKya5jIcwT,G97yzpX8HPnbmrVEC0Aoz2si9mlAiCfZmduqw99n,0tSt4SUsOj8fKBL2OwFTAz878S85snjiNnAx7n8z,MOx9AM3J6rnEQQJCSsWfT7wdOetSni3OV0mrNgho,G97yzpX8HPnbmrVEC0Aoz2si9mlAiCfZmduqw99n,G97yzpX8HPnbmrVEC0Aoz2si9mlAiCfZmduqw99n
DboXcHUzjiTnEyfVzMA8hgefX2B7suIPftuPWSyq,MOx9AM3J6rnEQQJCSsWfT7wdOetSni3OV0mrNgho,hBG5vMBqkXoKVhe5nKFmfjAVyNoGHSr22VXcrkoN,I9zyEumkNRxIzJ9lhMe24gjeuA05krtaF8GygUHD,MOx9AM3J6rnEQQJCSsWfT7wdOetSni3OV0mrNgho,MOx9AM3J6rnEQQJCSsWfT7wdOetSni3OV0mrNgho
neo9uYRJVawyUm1nyXvQrJxwVqapvXp6gVg6kwxr,I9zyEumkNRxIzJ9lhMe24gjeuA05krtaF8GygUHD,G0PLr6xT9E96wJTJXQDNB728J4rHnKFKya5jIcwT,BR0isoSnDlgTmIqukAORkXTz6C9ABpEWp1Yw4Fx6,I9zyEumkNRxIzJ9lhMe24gjeuA05krtaF8GygUHD,I9zyEumkNRxIzJ9lhMe24gjeuA05krtaF8GygUHD
G97yzpX8HPnbmrVEC0Aoz2si9mlAiCfZmduqw99n,BR0isoSnDlgTmIqukAORkXTz6C9ABpEWp1Yw4Fx6,DboXcHUzjiTnEyfVzMA8hgefX2B7suIPftuPWSyq,0tSt4SUsOj8fKBL2OwFTAz878S85snjiNnAx7n8z,BR0isoSnDlgTmIqukAORkXTz6C9ABpEWp1Yw4Fx6,BR0isoSnDlgTmIqukAORkXTz6C9ABpEWp1Yw4Fx6
MOx9AM3J6rnEQQJCSsWfT7wdOetSni3OV0mrNgho,0tSt4SUsOj8fKBL2OwFTAz878S85snjiNnAx7n8z,G97yzpX8HPnbmrVEC0Aoz2si9mlAiCfZmduqw99n,hBG5vMBqkXoKVhe5nKFmfjAVyNoGHSr22VXcrkoN,0tSt4SUsOj8fKBL2OwFTAz878S85snjiNnAx7n8z,0tSt4SUsOj8fKBL2OwFTAz878S85snjiNnAx7n8z
I9zyEumkNRxIzJ9lhMe24gjeuA05krtaF8GygUHD,hBG5vMBqkXoKVhe5nKFmfjAVyNoGHSr22VXcrkoN,MOx9AM3J6rnEQQJCSsWfT7wdOetSni3OV0mrNgho,G0PLr6xT9E96wJTJXQDNB728J4rHnKFKya5jIcwT,hBG5vMBqkXoKVhe5nKFmfjAVyNoGHSr22VXcrkoN,G97yzpX8HPnbmrVEC0Aoz2si9mlAiCfZmduqw99n
BR0isoSnDlgTmIqukAORkXTz6C9ABpEWp1Yw4Fx6,G0PLr6xT9E96wJTJXQDNB728J4rHnKFKya5jIcwT,I9zyEumkNRxIzJ9lhMe24gjeuA05krtaF8GygUHD,G97yzpX8HPnbmrVEC0Aoz2si9mlAiCfZmduqw99n,G97yzpX8HPnbmrVEC0Aoz2si9mlAiCfZmduqw99n,MOx9AM3J6rnEQQJCSsWfT7wdOetSni3OV0mrNgho
0tSt4SUsOj8fKBL2OwFTAz878S85snjiNnAx7n8z,DboXcHUzjiTnEyfVzMA8hgefX2B7suIPftuPWSyq,BR0isoSnDlgTmIqukAORkXTz6C9ABpEWp1Yw4Fx6,MOx9AM3J6rnEQQJCSsWfT7wdOetSni3OV0mrNgho,MOx9AM3J6rnEQQJCSsWfT7wdOetSni3OV0mrNgho,I9zyEumkNRxIzJ9lhMe24gjeuA05krtaF8GygUHD
hBG5vMBqkXoKVhe5nKFmfjAVyNoGHSr22VXcrkoN,neo9uYRJVawyUm1nyXvQrJxwVqapvXp6gVg6kwxr,0tSt4SUsOj8fKBL2OwFTAz878S85snjiNnAx7n8z,I9zyEumkNRxIzJ9lhMe24gjeuA05krtaF8GygUHD,I9zyEumkNRxIzJ9lhMe24gjeuA05krtaF8GygUHD,BR0isoSnDlgTmIqukAORkXTz6C9ABpEWp1Yw4Fx6
G0PLr6xT9E96wJTJXQDNB728J4rHnKFKya5jIcwT,nOgJEtffp9e3P1qN9pqUrIZB0WQ9VIdptmx5wtia,hBG5vMBqkXoKVhe5nKFmfjAVyNoGHSr22VXcrkoN,BR0isoSnDlgTmIqukAORkXTz6C9ABpEWp1Yw4Fx6,BR0isoSnDlgTmIqukAORkXTz6C9ABpEWp1Yw4Fx6,0tSt4SUsOj8fKBL2OwFTAz878S85snjiNnAx7n8z
DboXcHUzjiTnEyfVzMA8hgefX2B7suIPftuPWSyq,G97yzpX8HPnbmrVEC0Aoz2si9mlAiCfZmduqw99n,G0PLr6xT9E96wJTJXQDNB728J4rHnKFKya5jIcwT,0tSt4SUsOj8fKBL2OwFTAz878S85snjiNnAx7n8z,0tSt4SUsOj8fKBL2OwFTAz878S85snjiNnAx7n8z,G97yzpX8HPnbmrVEC0Aoz2si9mlAiCfZmduqw99n
neo9uYRJVawyUm1nyXvQrJxwVqapvXp6gVg6kwxr,MOx9AM3J6rnEQQJCSsWfT7wdOetSni3OV0mrNgho,DboXcHUzjiTnEyfVzMA8hgefX2B7suIPftuPWSyq,hBG5vMBqkXoKVhe5nKFmfjAVyNoGHSr22VXcrkoN,hBG5vMBqkXoKVhe5nKFmfjAVyNoGHSr22VXcrkoN,MOx9AM3J6rnEQQJCSsWfT7wdOetSni3OV0mrNgho
G97yzpX8HPnbmrVEC0Aoz2si9mlAiCfZmduqw99n,I9zyEumkNRxIzJ9lhMe24gjeuA05krtaF8GygUHD,G97yzpX8HPnbmrVEC0Aoz2si9mlAiCfZmduqw99n,G0PLr6xT9E96wJTJXQDNB728J4rHnKFKya5jIcwT,G97yzpX8HPnbmrVEC0Aoz2si9mlAiCfZmduqw99n,I9zyEumkNRxIzJ9lhMe24gjeuA05krtaF8GygUHD
MOx9AM3J6rnEQQJCSsWfT7wdOetSni3OV0mrNgho,BR0isoSnDlgTmIqukAORkXTz6C9ABpEWp1Yw4Fx6,MOx9AM3J6rnEQQJCSsWfT7wdOetSni3OV0mrNgho,G97yzpX8HPnbmrVEC0Aoz2si9mlAiCfZmduqw99n,MOx9AM3J6rnEQQJCSsWfT7wdOetSni3OV0mrNgho,BR0isoSnDlgTmIqukAORkXTz6C9ABpEWp1Yw4Fx6
I9zyEumkNRxIzJ9lhMe24gjeuA05krtaF8GygUHD,0tSt4SUsOj8fKBL2OwFTAz878S85snjiNnAx7n8z,I9zyEumkNRxIzJ9lhMe24gjeuA05krtaF8GygUHD,MOx9AM3J6rnEQQJCSsWfT7wdOetSni3OV0mrNgho,I9zyEumkNRxIzJ9lhMe24gjeuA05krtaF8GygUHD,0tSt4SUsOj8fKBL2OwFTAz878S85snjiNnAx7n8z
BR0isoSnDlgTmIqukAORkXTz6C9ABpEWp1Yw4Fx6,hBG5vMBqkXoKVhe5nKFmfjAVyNoGHSr22VXcrkoN,BR0isoSnDlgTmIqukAORkXTz6C9ABpEWp1Yw4Fx6,I9zyEumkNRxIzJ9lhMe24gjeuA05krtaF8GygUHD,BR0isoSnDlgTmIqukAORkXTz6C9ABpEWp1Yw4Fx6,G97yzpX8HPnbmrVEC0Aoz2si9mlAiCfZmduqw99n
0tSt4SUsOj8fKBL2OwFTAz878S85snjiNnAx7n8z,G0PLr6xT9E96wJTJXQDNB728J4rHnKFKya5jIcwT,0tSt4SUsOj8fKBL2OwFTAz878S85snjiNnAx7n8z,BR0isoSnDlgTmIqukAORkXTz6C9ABpEWp1Yw4Fx6,0tSt4SUsOj8fKBL2OwFTAz878S85snjiNnAx7n8z,MOx9AM3J6rnEQQJCSsWfT7wdOetSni3OV0mrNgho
hBG5vMBqkXoKVhe5nKFmfjAVyNoGHSr22VXcrkoN,DboXcHUzjiTnEyfVzMA8hgefX2B7suIPftuPWSyq,hBG5vMBqkXoKVhe5nKFmfjAVyNoGHSr22VXcrkoN,0tSt4SUsOj8fKBL2OwFTAz878S85snjiNnAx7n8z,hBG5vMBqkXoKVhe5nKFmfjAVyNoGHSr22VXcrkoN,I9zyEumkNRxIzJ9lhMe24gjeuA05krtaF8GygUHD
G0PLr6xT9E96wJTJXQDNB728J4rHnKFKya5jIcwT,neo9uYRJVawyUm1nyXvQrJxwVqapvXp6gVg6kwxr,G0PLr6xT9E96wJTJXQDNB728J4rHnKFKya5jIcwT,hBG5vMBqkXoKVhe5nKFmfjAVyNoGHSr22VXcrkoN,G97yzpX8HPnbmrVEC0Aoz2si9mlAiCfZmduqw99n,BR0isoSnDlgTmIqukAORkXTz6C9ABpEWp1Yw4Fx6
DboXcHUzjiTnEyfVzMA8hgefX2B7suIPftuPWSyq,nOgJEtffp9e3P1qN9pqUrIZB0WQ9VIdptmx5wtia,DboXcHUzjiTnEyfVzMA8hgefX2B7suIPftuPWSyq,G0PLr6xT9E96wJTJXQDNB728J4rHnKFKya5jIcwT,MOx9AM3J6rnEQQJCSsWfT7wdOetSni3OV0mrNgho,0tSt4SUsOj8fKBL2OwFTAz878S85snjiNnAx7n8z
neo9uYRJVawyUm1nyXvQrJxwVqapvXp6gVg6kwxr,G97yzpX8HPnbmrVEC0Aoz2si9mlAiCfZmduqw99n,G97yzpX8HPnbmrVEC0Aoz2si9mlAiCfZmduqw99n,G97yzpX8HPnbmrVEC0Aoz2si9mlAiCfZmduqw99n,I9zyEumkNRxIzJ9lhMe24gjeuA05krtaF8GygUHD,G97yzpX8HPnbmrVEC0Aoz2si9mlAiCfZmduqw99n
G97yzpX8HPnbmrVEC0Aoz2si9mlAiCfZmduqw99n,MOx9AM3J6rnEQQJCSsWfT7wdOetSni3OV0mrNgho,MOx9AM3J6rnEQQJCSsWfT7wdOetSni3OV0mrNgho,MOx9AM3J6rnEQQJCSsWfT7wdOetSni3OV0mrNgho,BR0isoSnDlgTmIqukAORkXTz6C9ABpEWp1Yw4Fx6,MOx9AM3J6rnEQQJCSsWfT7wdOetSni3OV0mrNgho
MOx9AM3J6rnEQQJCSsWfT7wdOetSni3OV0mrNgho,I9zyEumkNRxIzJ9lhMe24gjeuA05krtaF8GygUHD,I9zyEumkNRxIzJ9lhMe24gjeuA05krtaF8GygUHD,I9zyEumkNRxIzJ9lhMe24gjeuA05krtaF8GygUHD,0tSt4SUsOj8fKBL2OwFTAz878S85snjiNnAx7n8z,I9zyEumkNRxIzJ9lhMe24gjeuA05krtaF8GygUHD
I9zyEumkNRxIzJ9lhMe24gjeuA05krtaF8GygUHD,BR0isoSnDlgTmIqukAORkXTz6C9ABpEWp1Yw4Fx6,BR0isoSnDlgTmIqukAORkXTz6C9ABpEWp1Yw4Fx6,BR0isoSnDlgTmIqukAORkXTz6C9ABpEWp1Yw4Fx6,hBG5vMBqkXoKVhe5nKFmfjAVyNoGHSr22VXcrkoN,BR0isoSnDlgTmIqukAORkXTz6C9ABpEWp1Yw4Fx6
BR0isoSnDlgTmIqukAORkXTz6C9ABpEWp1Yw4Fx6,0tSt4SUsOj8fKBL2OwFTAz878S85snjiNnAx7n8z,0tSt4SUsOj8fKBL2OwFTAz878S85snjiNnAx7n8z,0tSt4SUsOj8fKBL2OwFTAz878S85snjiNnAx7n8z,G97yzpX8HPnbmrVEC0Aoz2si9mlAiCfZmduqw99n,0tSt4SUsOj8fKBL2OwFTAz878S85snjiNnAx7n8z
0tSt4SUsOj8fKBL2OwFTAz878S85snjiNnAx7n8z,hBG5vMBqkXoKVhe5nKFmfjAVyNoGHSr22VXcrkoN,hBG5vMBqkXoKVhe5nKFmfjAVyNoGHSr22VXcrkoN,hBG5vMBqkXoKVhe5nKFmfjAVyNoGHSr22VXcrkoN,MOx9AM3J6rnEQQJCSsWfT7wdOetSni3OV0mrNgho,G97yzpX8HPnbmrVEC0Aoz2si9mlAiCfZmduqw99n
hBG5vMBqkXoKVhe5nKFmfjAVyNoGHSr22VXcrkoN,G0PLr6xT9E96wJTJXQDNB728J4rHnKFKya5jIcwT,G0PLr6xT9E96wJTJXQDNB728J4rHnKFKya5jIcwT,G0PLr6xT9E96wJTJXQDNB728J4rHnKFKya5jIcwT,I9zyEumkNRxIzJ9lhMe24gjeuA05krtaF8GygUHD,MOx9AM3J6rnEQQJCSsWfT7wdOetSni3OV0mrNgho
G0PLr6xT9E96wJTJXQDNB728J4rHnKFKya5jIcwT,DboXcHUzjiTnEyfVzMA8hgefX2B7suIPftuPWSyq,DboXcHUzjiTnEyfVzMA8hgefX2B7suIPftuPWSyq,G97yzpX8HPnbmrVEC0Aoz2si9mlAiCfZmduqw99n,BR0isoSnDlgTmIqukAORkXTz6C9ABpEWp1Yw4Fx6,I9zyEumkNRxIzJ9lhMe24gjeuA05krtaF8GygUHD
DboXcHUzjiTnEyfVzMA8hgefX2B7suIPftuPWSyq,neo9uYRJVawyUm1nyXvQrJxwVqapvXp6gVg6kwxr,G97yzpX8HPnbmrVEC0Aoz2si9mlAiCfZmduqw99n,MOx9AM3J6rnEQQJCSsWfT7wdOetSni3OV0mrNgho,0tSt4SUsOj8fKBL2OwFTAz878S85snjiNnAx7n8z,BR0isoSnDlgTmIqukAORkXTz6C9ABpEWp1Yw4Fx6
neo9uYRJVawyUm1nyXvQrJxwVqapvXp6gVg6kwxr,nOgJEtffp9e3P1qN9pqUrIZB0WQ9VIdptmx5wtia,MOx9AM3J6rnEQQJCSsWfT7wdOetSni3OV0mrNgho,I9zyEumkNRxIzJ9lhMe24gjeuA05krtaF8GygUHD,hBG5vMBqkXoKVhe5nKFmfjAVyNoGHSr22VXcrkoN,0tSt4SUsOj8fKBL2OwFTAz878S85snjiNnAx7n8z
G97yzpX8HPnbmrVEC0Aoz2si9mlAiCfZmduqw99n,G97yzpX8HPnbmrVEC0Aoz2si9mlAiCfZmduqw99n,I9zyEumkNRxIzJ9lhMe24gjeuA05krtaF8GygUHD,BR0isoSnDlgTmIqukAORkXTz6C9ABpEWp1Yw4Fx6,G97yzpX8HPnbmrVEC0Aoz2si9mlAiCfZmduqw99n,G97yzpX8HPnbmrVEC0Aoz2si9mlAiCfZmduqw99n
MOx9AM3J6rnEQQJCSsWfT7wdOetSni3OV0mrNgho,MOx9AM3J6rnEQQJCSsWfT7wdOetSni3OV0mrNgho,BR0isoSnDlgTmIqukAORkXTz6C9ABpEWp1Yw4Fx6,0tSt4SUsOj8fKBL2OwFTAz878S85snjiNnAx7n8z,MOx9AM3J6rnEQQJCSsWfT7wdOetSni3OV0mrNgho,MOx9AM3J6rnEQQJCSsWfT7wdOetSni3OV0mrNgho
I9zyEumkNRxIzJ9lhMe24gjeuA05krtaF8GygUHD,I9zyEumkNRxIzJ9lhMe24gjeuA05krtaF8GygUHD,0tSt4SUsOj8fKBL2OwFTAz878S85snjiNnAx7n8z,hBG5vMBqkXoKVhe5nKFmfjAVyNoGHSr22VXcrkoN,I9zyEumkNRxIzJ9lhMe24gjeuA05krtaF8GygUHD,I9zyEumkNRxIzJ9lhMe24gjeuA05krtaF8GygUHD
BR0isoSnDlgTmIqukAORkXTz6C9ABpEWp1Yw4Fx6,BR0isoSnDlgTmIqukAORkXTz6C9ABpEWp1Yw4Fx6,hBG5vMBqkXoKVhe5nKFmfjAVyNoGHSr22VXcrkoN,G0PLr6xT9E96wJTJXQDNB728J4rHnKFKya5jIcwT,BR0isoSnDlgTmIqukAORkXTz6C9ABpEWp1Yw4Fx6,BR0isoSnDlgTmIqukAORkXTz6C9ABpEWp1Yw4Fx6
0tSt4SUsOj8fKBL2OwFTAz878S85snjiNnAx7n8z,0tSt4SUsOj8fKBL2OwFTAz878S85snjiNnAx7n8z,G0PLr6xT9E96wJTJXQDNB728J4rHnKFKya5jIcwT,G97yzpX8HPnbmrVEC0Aoz2si9mlAiCfZmduqw99n,0tSt4SUsOj8fKBL2OwFTAz878S85snjiNnAx7n8z,0tSt4SUsOj8fKBL2OwFTAz878S85snjiNnAx7n8z
hBG5vMBqkXoKVhe5nKFmfjAVyNoGHSr22VXcrkoN,hBG5vMBqkXoKVhe5nKFmfjAVyNoGHSr22VXcrkoN,DboXcHUzjiTnEyfVzMA8hgefX2B7suIPftuPWSyq,MOx9AM3J6rnEQQJCSsWfT7wdOetSni3OV0mrNgho,hBG5vMBqkXoKVhe5nKFmfjAVyNoGHSr22VXcrkoN,G97yzpX8HPnbmrVEC0Aoz2si9mlAiCfZmduqw99n
G0PLr6xT9E96wJTJXQDNB728J4rHnKFKya5jIcwT,G0PLr6xT9E96wJTJXQDNB728J4rHnKFKya5jIcwT,G97yzpX8HPnbmrVEC0Aoz2si9mlAiCfZmduqw99n,I9zyEumkNRxIzJ9lhMe24gjeuA05krtaF8GygUHD,G97yzpX8HPnbmrVEC0Aoz2si9mlAiCfZmduqw99n,MOx9AM3J6rnEQQJCSsWfT7wdOetSni3OV0mrNgho
DboXcHUzjiTnEyfVzMA8hgefX2B7suIPftuPWSyq,DboXcHUzjiTnEyfVzMA8hgefX2B7suIPftuPWSyq,MOx9AM3J6rnEQQJCSsWfT7wdOetSni3OV0mrNgho,BR0isoSnDlgTmIqukAORkXTz6C9ABpEWp1Yw4Fx6,MOx9AM3J6rnEQQJCSsWfT7wdOetSni3OV0mrNgho,I9zyEumkNRxIzJ9lhMe24gjeuA05krtaF8GygUHD
neo9uYRJVawyUm1nyXvQrJxwVqapvXp6gVg6kwxr,neo9uYRJVawyUm1nyXvQrJxwVqapvXp6gVg6kwxr,I9zyEumkNRxIzJ9lhMe24gjeuA05krtaF8GygUHD,0tSt4SUsOj8fKBL2OwFTAz878S85snjiNnAx7n8z,I9zyEumkNRxIzJ9lhMe24gjeuA05krtaF8GygUHD,BR0isoSnDlgTmIqukAORkXTz6C9ABpEWp1Yw4Fx6
G97yzpX8HPnbmrVEC0Aoz2si9mlAiCfZmduqw99n,nOgJEtffp9e3P1qN9pqUrIZB0WQ9VIdptmx5wtia,BR0isoSnDlgTmIqukAORkXTz6C9ABpEWp1Yw4Fx6,hBG5vMBqkXoKVhe5nKFmfjAVyNoGHSr22VXcrkoN,BR0isoSnDlgTmIqukAORkXTz6C9ABpEWp1Yw4Fx6,0tSt4SUsOj8fKBL2OwFTAz878S85snjiNnAx7n8z
MOx9AM3J6rnEQQJCSsWfT7wdOetSni3OV0mrNgho,G97yzpX8HPnbmrVEC0Aoz2si9mlAiCfZmduqw99n,0tSt4SUsOj8fKBL2OwFTAz878S85snjiNnAx7n8z,G0PLr6xT9E96wJTJXQDNB728J4rHnKFKya5jIcwT,0tSt4SUsOj8fKBL2OwFTAz878S85snjiNnAx7n8z,G97yzpX8HPnbmrVEC0Aoz2si9mlAiCfZmduqw99n
I9zyEumkNRxIzJ9lhMe24gjeuA05krtaF8GygUHD,MOx9AM3J6rnEQQJCSsWfT7wdOetSni3OV0mrNgho,hBG5vMBqkXoKVhe5nKFmfjAVyNoGHSr22VXcrkoN,G97yzpX8HPnbmrVEC0Aoz2si9mlAiCfZmduqw99n,hBG5vMBqkXoKVhe5nKFmfjAVyNoGHSr22VXcrkoN,MOx9AM3J6rnEQQJCSsWfT7wdOetSni3OV0mrNgho
BR0isoSnDlgTmIqukAORkXTz6C9ABpEWp1Yw4Fx6,I9zyEumkNRxIzJ9lhMe24gjeuA05krtaF8GygUHD,G0PLr6xT9E96wJTJXQDNB728J4rHnKFKya5jIcwT,MOx9AM3J6rnEQQJCSsWfT7wdOetSni3OV0mrNgho,G97yzpX8HPnbmrVEC0Aoz2si9mlAiCfZmduqw99n,I9zyEumkNRxIzJ9lhMe24gjeuA05krtaF8GygUHD
0tSt4SUsOj8fKBL2OwFTAz878S85snjiNnAx7n8z,BR0isoSnDlgTmIqukAORkXTz6C9ABpEWp1Yw4Fx6,DboXcHUzjiTnEyfVzMA8hgefX2B7suIPftuPWSyq,I9zyEumkNRxIzJ9lhMe24gjeuA05krtaF8GygUHD,MOx9AM3J6rnEQQJCSsWfT7wdOetSni3OV0mrNgho,BR0isoSnDlgTmIqukAORkXTz6C9ABpEWp1Yw4Fx6
hBG5vMBqkXoKVhe5nKFmfjAVyNoGHSr22VXcrkoN,0tSt4SUsOj8fKBL2OwFTAz878S85snjiNnAx7n8z,G97yzpX8HPnbmrVEC0Aoz2si9mlAiCfZmduqw99n,BR0isoSnDlgTmIqukAORkXTz6C9ABpEWp1Yw4Fx6,I9zyEumkNRxIzJ9lhMe24gjeuA05krtaF8GygUHD,0tSt4SUsOj8fKBL2OwFTAz878S85snjiNnAx7n8z
G0PLr6xT9E96wJTJXQDNB728J4rHnKFKya5jIcwT,hBG5vMBqkXoKVhe5nKFmfjAVyNoGHSr22VXcrkoN,MOx9AM3J6rnEQQJCSsWfT7wdOetSni3OV0mrNgho,0tSt4SUsOj8fKBL2OwFTAz878S85snjiNnAx7n8z,BR0isoSnDlgTmIqukAORkXTz6C9ABpEWp1Yw4Fx6,G97yzpX8HPnbmrVEC0Aoz2si9mlAiCfZmduqw99n
DboXcHUzjiTnEyfVzMA8hgefX2B7suIPftuPWSyq,G0PLr6xT9E96wJTJXQDNB728J4rHnKFKya5jIcwT,I9zyEumkNRxIzJ9lhMe24gjeuA05krtaF8GygUHD,hBG5vMBqkXoKVhe5nKFmfjAVyNoGHSr22VXcrkoN,0tSt4SUsOj8fKBL2OwFTAz878S85snjiNnAx7n8z,MOx9AM3J6rnEQQJCSsWfT7wdOetSni3OV0mrNgho
neo9uYRJVawyUm1nyXvQrJxwVqapvXp6gVg6kwxr,DboXcHUzjiTnEyfVzMA8hgefX2B7suIPftuPWSyq,BR0isoSnDlgTmIqukAORkXTz6C9ABpEWp1Yw4Fx6,G0PLr6xT9E96wJTJXQDNB728J4rHnKFKya5jIcwT,hBG5vMBqkXoKVhe5nKFmfjAVyNoGHSr22VXcrkoN,I9zyEumkNRxIzJ9lhMe24gjeuA05krtaF8GygUHD
G97yzpX8HPnbmrVEC0Aoz2si9mlAiCfZmduqw99n,neo9uYRJVawyUm1nyXvQrJxwVqapvXp6gVg6kwxr,0tSt4SUsOj8fKBL2OwFTAz878S85snjiNnAx7n8z,G97yzpX8HPnbmrVEC0Aoz2si9mlAiCfZmduqw99n,G97yzpX8HPnbmrVEC0Aoz2si9mlAiCfZmduqw99n,BR0isoSnDlgTmIqukAORkXTz6C9ABpEWp1Yw4Fx6
MOx9AM3J6rnEQQJCSsWfT7wdOetSni3OV0mrNgho,nOgJEtffp9e3P1qN9pqUrIZB0WQ9VIdptmx5wtia,hBG5vMBqkXoKVhe5nKFmfjAVyNoGHSr22VXcrkoN,MOx9AM3J6rnEQQJCSsWfT7wdOetSni3OV0mrNgho,MOx9AM3J6rnEQQJCSsWfT7wdOetSni3OV0mrNgho,0tSt4SUsOj8fKBL2OwFTAz878S85snjiNnAx7n8z
I9zyEumkNRxIzJ9lhMe24gjeuA05krtaF8GygUHD,G97yzpX8HPnbmrVEC0Aoz2si9mlAiCfZmduqw99n,G0PLr6xT9E96wJTJXQDNB728J4rHnKFKya5jIcwT,I9zyEumkNRxIzJ9lhMe24gjeuA05krtaF8GygUHD,I9zyEumkNRxIzJ9lhMe24gjeuA05krtaF8GygUHD,G97yzpX8HPnbmrVEC0Aoz2si9mlAiCfZmduqw99n
BR0isoSnDlgTmIqukAORkXTz6C9ABpEWp1Yw4Fx6,MOx9AM3J6rnEQQJCSsWfT7wdOetSni3OV0mrNgho,DboXcHUzjiTnEyfVzMA8hgefX2B7suIPftuPWSyq,BR0isoSnDlgTmIqukAORkXTz6C9ABpEWp1Yw4Fx6,BR0isoSnDlgTmIqukAORkXTz6C9ABpEWp1Yw4Fx6,MOx9AM3J6rnEQQJCSsWfT7wdOetSni3OV0mrNgho
0tSt4SUsOj8fKBL2OwFTAz878S85snjiNnAx7n8z,I9zyEumkNRxIzJ9lhMe24gjeuA05krtaF8GygUHD,G97yzpX8HPnbmrVEC0Aoz2si9mlAiCfZmduqw99n,0tSt4SUsOj8fKBL2OwFTAz878S85snjiNnAx7n8z,0tSt4SUsOj8fKBL2OwFTAz878S85snjiNnAx7n8z,I9zyEumkNRxIzJ9lhMe24gjeuA05krtaF8GygUHD
hBG5vMBqkXoKVhe5nKFmfjAVyNoGHSr22VXcrkoN,BR0isoSnDlgTmIqukAORkXTz6C9ABpEWp1Yw4Fx6,MOx9AM3J6rnEQQJCSsWfT7wdOetSni3OV0mrNgho,hBG5vMBqkXoKVhe5nKFmfjAVyNoGHSr22VXcrkoN,hBG5vMBqkXoKVhe5nKFmfjAVyNoGHSr22VXcrkoN,BR0isoSnDlgTmIqukAORkXTz6C9ABpEWp1Yw4Fx6
G0PLr6xT9E96wJTJXQDNB728J4rHnKFKya5jIcwT,0tSt4SUsOj8fKBL2OwFTAz878S85snjiNnAx7n8z,I9zyEumkNRxIzJ9lhMe24gjeuA05krtaF8GygUHD,G0PLr6xT9E96wJTJXQDNB728J4rHnKFKya5jIcwT,G97yzpX8HPnbmrVEC0Aoz2si9mlAiCfZmduqw99n,0tSt4SUsOj8fKBL2OwFTAz878S85snjiNnAx7n8z
DboXcHUzjiTnEyfVzMA8hgefX2B7suIPftuPWSyq,hBG5vMBqkXoKVhe5nKFmfjAVyNoGHSr22VXcrkoN,BR0isoSnDlgTmIqukAORkXTz6C9ABpEWp1Yw4Fx6,G97yzpX8HPnbmrVEC0Aoz2si9mlAiCfZmduqw99n,MOx9AM3J6rnEQQJCSsWfT7wdOetSni3OV0mrNgho,G97yzpX8HPnbmrVEC0Aoz2si9mlAiCfZmduqw99n
neo9uYRJVawyUm1nyXvQrJxwVqapvXp6gVg6kwxr,G0PLr6xT9E96wJTJXQDNB728J4rHnKFKya5jIcwT,0tSt4SUsOj8fKBL2OwFTAz878S85snjiNnAx7n8z,MOx9AM3J6rnEQQJCSsWfT7wdOetSni3OV0mrNgho,I9zyEumkNRxIzJ9lhMe24gjeuA05krtaF8GygUHD,MOx9AM3J6rnEQQJCSsWfT7wdOetSni3OV0mrNgho
G97yzpX8HPnbmrVEC0Aoz2si9mlAiCfZmduqw99n,DboXcHUzjiTnEyfVzMA8hgefX2B7suIPftuPWSyq,hBG5vMBqkXoKVhe5nKFmfjAVyNoGHSr22VXcrkoN,I9zyEumkNRxIzJ9lhMe24gjeuA05krtaF8GygUHD,BR0isoSnDlgTmIqukAORkXTz6C9ABpEWp1Yw4Fx6,I9zyEumkNRxIzJ9lhMe24gjeuA05krtaF8GygUHD
MOx9AM3J6rnEQQJCSsWfT7wdOetSni3OV0mrNgho,neo9uYRJVawyUm1nyXvQrJxwVqapvXp6gVg6kwxr,G0PLr6xT9E96wJTJXQDNB728J4rHnKFKya5jIcwT,BR0isoSnDlgTmIqukAORkXTz6C9ABpEWp1Yw4Fx6,0tSt4SUsOj8fKBL2OwFTAz878S85snjiNnAx7n8z,BR0isoSnDlgTmIqukAORkXTz6C9ABpEWp1Yw4Fx6
I9zyEumkNRxIzJ9lhMe24gjeuA05krtaF8GygUHD,nOgJEtffp9e3P1qN9pqUrIZB0WQ9VIdptmx5wtia,DboXcHUzjiTnEyfVzMA8hgefX2B7suIPftuPWSyq,0tSt4SUsOj8fKBL2OwFTAz878S85snjiNnAx7n8z,hBG5vMBqkXoKVhe5nKFmfjAVyNoGHSr22VXcrkoN,0tSt4SUsOj8fKBL2OwFTAz878S85snjiNnAx7n8z
BR0isoSnDlgTmIqukAORkXTz6C9ABpEWp1Yw4Fx6,G97yzpX8HPnbmrVEC0Aoz2si9mlAiCfZmduqw99n,G97yzpX8HPnbmrVEC0Aoz2si9mlAiCfZmduqw99n,hBG5vMBqkXoKVhe5nKFmfjAVyNoGHSr22VXcrkoN,G97yzpX8HPnbmrVEC0Aoz2si9mlAiCfZmduqw99n,G97yzpX8HPnbmrVEC0Aoz2si9mlAiCfZmduqw99n
0tSt4SUsOj8fKBL2OwFTAz878S85snjiNnAx7n8z,MOx9AM3J6rnEQQJCSsWfT7wdOetSni3OV0mrNgho,MOx9AM3J6rnEQQJCSsWfT7wdOetSni3OV0mrNgho,G0PLr6xT9E96wJTJXQDNB728J4rHnKFKya5jIcwT,MOx9AM3J6rnEQQJCSsWfT7wdOetSni3OV0mrNgho,MOx9AM3J6rnEQQJCSsWfT7wdOetSni3OV0mrNgho
hBG5vMBqkXoKVhe5nKFmfjAVyNoGHSr22VXcrkoN,I9zyEumkNRxIzJ9lhMe24gjeuA05krtaF8GygUHD,I9zyEumkNRxIzJ9lhMe24gjeuA05krtaF8GygUHD,G97yzpX8HPnbmrVEC0Aoz2si9mlAiCfZmduqw99n,I9zyEumkNRxIzJ9lhMe24gjeuA05krtaF8GygUHD,I9zyEumkNRxIzJ9lhMe24gjeuA05krtaF8GygUHD
G0PLr6xT9E96wJTJXQDNB728J4rHnKFKya5jIcwT,BR0isoSnDlgTmIqukAORkXTz6C9ABpEWp1Yw4Fx6,BR0isoSnDlgTmIqukAORkXTz6C9ABpEWp1Yw4Fx6,MOx9AM3J6rnEQQJCSsWfT7wdOetSni3OV0mrNgho,BR0isoSnDlgTmIqukAORkXTz6C9ABpEWp1Yw4Fx6,BR0isoSnDlgTmIqukAORkXTz6C9ABpEWp1Yw4Fx6
DboXcHUzjiTnEyfVzMA8hgefX2B7suIPftuPWSyq,0tSt4SUsOj8fKBL2OwFTAz878S85snjiNnAx7n8z,0tSt4SUsOj8fKBL2OwFTAz878S85snjiNnAx7n8z,I9zyEumkNRxIzJ9lhMe24gjeuA05krtaF8GygUHD,0tSt4SUsOj8fKBL2OwFTAz878S85snjiNnAx7n8z,0tSt4SUsOj8fKBL2OwFTAz878S85snjiNnAx7n8z
neo9uYRJVawyUm1nyXvQrJxwVqapvXp6gVg6kwxr,hBG5vMBqkXoKVhe5nKFmfjAVyNoGHSr22VXcrkoN,hBG5vMBqkXoKVhe5nKFmfjAVyNoGHSr22VXcrkoN,BR0isoSnDlgTmIqukAORkXTz6C9ABpEWp1Yw4Fx6,hBG5vMBqkXoKVhe5nKFmfjAVyNoGHSr22VXcrkoN,G97yzpX8HPnbmrVEC0Aoz2si9mlAiCfZmduqw99n
G97yzpX8HPnbmrVEC0Aoz2si9mlAiCfZmduqw99n,G0PLr6xT9E96wJTJXQDNB728J4rHnKFKya5jIcwT,G0PLr6xT9E96wJTJXQDNB728J4rHnKFKya5jIcwT,0tSt4SUsOj8fKBL2OwFTAz878S85snjiNnAx7n8z,G97yzpX8HPnbmrVEC0Aoz2si9mlAiCfZmduqw99n,MOx9AM3J6rnEQQJCSsWfT7wdOetSni3OV0mrNgho
MOx9AM3J6rnEQQJCSsWfT7wdOetSni3OV0mrNgho,DboXcHUzjiTnEyfVzMA8hgefX2B7suIPftuPWSyq,DboXcHUzjiTnEyfVzMA8hgefX2B7suIPftuPWSyq,hBG5vMBqkXoKVhe5nKFmfjAVyNoGHSr22VXcrkoN,MOx9AM3J6rnEQQJCSsWfT7wdOetSni3OV0mrNgho,I9zyEumkNRxIzJ9lhMe24gjeuA05krtaF8GygUHD
I9zyEumkNRxIzJ9lhMe24gjeuA05krtaF8GygUHD,neo9uYRJVawyUm1nyXvQrJxwVqapvXp6gVg6kwxr,G97yzpX8HPnbmrVEC0Aoz2si9mlAiCfZmduqw99n,G0PLr6xT9E96wJTJXQDNB728J4rHnKFKya5jIcwT,I9zyEumkNRxIzJ9lhMe24gjeuA05krtaF8GygUHD,BR0isoSnDlgTmIqukAORkXTz6C9ABpEWp1Yw4Fx6
BR0isoSnDlgTmIqukAORkXTz6C9ABpEWp1Yw4Fx6,nOgJEtffp9e3P1qN9pqUrIZB0WQ9VIdptmx5wtia,MOx9AM3J6rnEQQJCSsWfT7wdOetSni3OV0mrNgho,G97yzpX8HPnbmrVEC0Aoz2si9mlAiCfZmduqw99n,BR0isoSnDlgTmIqukAORkXTz6C9ABpEWp1Yw4Fx6,0tSt4SUsOj8fKBL2OwFTAz878S85snjiNnAx7n8z
0tSt4SUsOj8fKBL2OwFTAz878S85snjiNnAx7n8z,G97yzpX8HPnbmrVEC0Aoz2si9mlAiCfZmduqw99n,I9zyEumkNRxIzJ9lhMe24gjeuA05krtaF8GygUHD,MOx9AM3J6rnEQQJCSsWfT7wdOetSni3OV0mrNgho,0tSt4SUsOj8fKBL2OwFTAz878S85snjiNnAx7n8z,G97yzpX8HPnbmrVEC0Aoz2si9mlAiCfZmduqw99n
hBG5vMBqkXoKVhe5nKFmfjAVyNoGHSr22VXcrkoN,MOx9AM3J6rnEQQJCSsWfT7wdOetSni3OV0mrNgho,BR0isoSnDlgTmIqukAORkXTz6C9ABpEWp1Yw4Fx6,I9zyEumkNRxIzJ9lhMe24gjeuA05krtaF8GygUHD,hBG5vMBqkXoKVhe5nKFmfjAVyNoGHSr22VXcrkoN,MOx9AM3J6rnEQQJCSsWfT7wdOetSni3OV0mrNgho
G0PLr6xT9E96wJTJXQDNB728J4rHnKFKya5jIcwT,I9zyEumkNRxIzJ9lhMe24gjeuA05krtaF8GygUHD,0tSt4SUsOj8fKBL2OwFTAz878S85snjiNnAx7n8z,BR0isoSnDlgTmIqukAORkXTz6C9ABpEWp1Yw4Fx6,G97yzpX8HPnbmrVEC0Aoz2si9mlAiCfZmduqw99n,I9zyEumkNRxIzJ9lhMe24gjeuA05krtaF8GygUHD
DboXcHUzjiTnEyfVzMA8hgefX2B7suIPftuPWSyq,BR0isoSnDlgTmIqukAORkXTz6C9ABpEWp1Yw4Fx6,hBG5vMBqkXoKVhe5nKFmfjAVyNoGHSr22VXcrkoN,0tSt4SUsOj8fKBL2OwFTAz878S85snjiNnAx7n8z,MOx9AM3J6rnEQQJCSsWfT7wdOetSni3OV0mrNgho,BR0isoSnDlgTmIqukAORkXTz6C9ABpEWp1Yw4Fx6
neo9uYRJVawyUm1nyXvQrJxwVqapvXp6gVg6kwxr,0tSt4SUsOj8fKBL2OwFTAz878S85snjiNnAx7n8z,G0PLr6xT9E96wJTJXQDNB728J4rHnKFKya5jIcwT,hBG5vMBqkXoKVhe5nKFmfjAVyNoGHSr22VXcrkoN,I9zyEumkNRxIzJ9lhMe24gjeuA05krtaF8GygUHD,0tSt4SUsOj8fKBL2OwFTAz878S85snjiNnAx7n8z
G97yzpX8HPnbmrVEC0Aoz2si9mlAiCfZmduqw99n,hBG5vMBqkXoKVhe5nKFmfjAVyNoGHSr22VXcrkoN,DboXcHUzjiTnEyfVzMA8hgefX2B7suIPftuPWSyq,G0PLr6xT9E96wJTJXQDNB728J4rHnKFKya5jIcwT,BR0isoSnDlgTmIqukAORkXTz6C9ABpEWp1Yw4Fx6,G97yzpX8HPnbmrVEC0Aoz2si9mlAiCfZmduqw99n
MOx9AM3J6rnEQQJCSsWfT7wdOetSni3OV0mrNgho,G0PLr6xT9E96wJTJXQDNB728J4rHnKFKya5jIcwT,G97yzpX8HPnbmrVEC0Aoz2si9mlAiCfZmduqw99n,G97yzpX8HPnbmrVEC0Aoz2si9mlAiCfZmduqw99n,0tSt4SUsOj8fKBL2OwFTAz878S85snjiNnAx7n8z,MOx9AM3J6rnEQQJCSsWfT7wdOetSni3OV0mrNgho
I9zyEumkNRxIzJ9lhMe24gjeuA05krtaF8GygUHD,DboXcHUzjiTnEyfVzMA8hgefX2B7suIPftuPWSyq,MOx9AM3J6rnEQQJCSsWfT7wdOetSni3OV0mrNgho,MOx9AM3J6rnEQQJCSsWfT7wdOetSni3OV0mrNgho,hBG5vMBqkXoKVhe5nKFmfjAVyNoGHSr22VXcrkoN,I9zyEumkNRxIzJ9lhMe24gjeuA05krtaF8GygUHD
BR0isoSnDlgTmIqukAORkXTz6C9ABpEWp1Yw4Fx6,neo9uYRJVawyUm1nyXvQrJxwVqapvXp6gVg6kwxr,I9zyEumkNRxIzJ9lhMe24gjeuA05krtaF8GygUHD,I9zyEumkNRxIzJ9lhMe24gjeuA05krtaF8GygUHD,G97yzpX8HPnbmrVEC0Aoz2si9mlAiCfZmduqw99n,BR0isoSnDlgTmIqukAORkXTz6C9ABpEWp1Yw4Fx6
0tSt4SUsOj8fKBL2OwFTAz878S85snjiNnAx7n8z,nOgJEtffp9e3P1qN9pqUrIZB0WQ9VIdptmx5wtia,BR0isoSnDlgTmIqukAORkXTz6C9ABpEWp1Yw4Fx6,BR0isoSnDlgTmIqukAORkXTz6C9ABpEWp1Yw4Fx6,MOx9AM3J6rnEQQJCSsWfT7wdOetSni3OV0mrNgho,0tSt4SUsOj8fKBL2OwFTAz878S85snjiNnAx7n8z
hBG5vMBqkXoKVhe5nKFmfjAVyNoGHSr22VXcrkoN,G97yzpX8HPnbmrVEC0Aoz2si9mlAiCfZmduqw99n,0tSt4SUsOj8fKBL2OwFTAz878S85snjiNnAx7n8z,0tSt4SUsOj8fKBL2OwFTAz878S85snjiNnAx7n8z,I9zyEumkNRxIzJ9lhMe24gjeuA05krtaF8GygUHD,G97yzpX8HPnbmrVEC0Aoz2si9mlAiCfZmduqw99n
G0PLr6xT9E96wJTJXQDNB728J4rHnKFKya5jIcwT,MOx9AM3J6rnEQQJCSsWfT7wdOetSni3OV0mrNgho,hBG5vMBqkXoKVhe5nKFmfjAVyNoGHSr22VXcrkoN,hBG5vMBqkXoKVhe5nKFmfjAVyNoGHSr22VXcrkoN,BR0isoSnDlgTmIqukAORkXTz6C9ABpEWp1Yw4Fx6,MOx9AM3J6rnEQQJCSsWfT7wdOetSni3OV0mrNgho
DboXcHUzjiTnEyfVzMA8hgefX2B7suIPftuPWSyq,I9zyEumkNRxIzJ9lhMe24gjeuA05krtaF8GygUHD,G0PLr6xT9E96wJTJXQDNB728J4rHnKFKya5jIcwT,G0PLr6xT9E96wJTJXQDNB728J4rHnKFKya5jIcwT,0tSt4SUsOj8fKBL2OwFTAz878S85snjiNnAx7n8z,I9zyEumkNRxIzJ9lhMe24gjeuA05krtaF8GygUHD
neo9uYRJVawyUm1nyXvQrJxwVqapvXp6gVg6kwxr,BR0isoSnDlgTmIqukAORkXTz6C9ABpEWp1Yw4Fx6,DboXcHUzjiTnEyfVzMA8hgefX2B7suIPftuPWSyq,G97yzpX8HPnbmrVEC0Aoz2si9mlAiCfZmduqw99n,hBG5vMBqkXoKVhe5nKFmfjAVyNoGHSr22VXcrkoN,BR0isoSnDlgTmIqukAORkXTz6C9ABpEWp1Yw4Fx6
G97yzpX8HPnbmrVEC0Aoz2si9mlAiCfZmduqw99n,0tSt4SUsOj8fKBL2OwFTAz878S85snjiNnAx7n8z,G97yzpX8HPnbmrVEC0Aoz2si9mlAiCfZmduqw99n,MOx9AM3J6rnEQQJCSsWfT7wdOetSni3OV0mrNgho,G97yzpX8HPnbmrVEC0Aoz2si9mlAiCfZmduqw99n,0tSt4SUsOj8fKBL2OwFTAz878S85snjiNnAx7n8z
MOx9AM3J6rnEQQJCSsWfT7wdOetSni3OV0mrNgho,hBG5vMBqkXoKVhe5nKFmfjAVyNoGHSr22VXcrkoN,MOx9AM3J6rnEQQJCSsWfT7wdOetSni3OV0mrNgho,I9zyEumkNRxIzJ9lhMe24gjeuA05krtaF8GygUHD,MOx9AM3J6rnEQQJCSsWfT7wdOetSni3OV0mrNgho,G97yzpX8HPnbmrVEC0Aoz2si9mlAiCfZmduqw99n
I9zyEumkNRxIzJ9lhMe24gjeuA05krtaF8GygUHD,G0PLr6xT9E96wJTJXQDNB728J4rHnKFKya5jIcwT,I9zyEumkNRxIzJ9lhMe24gjeuA05krtaF8GygUHD,BR0isoSnDlgTmIqukAORkXTz6C9ABpEWp1Yw4Fx6,I9zyEumkNRxIzJ9lhMe24gjeuA05krtaF8GygUHD,MOx9AM3J6rnEQQJCSsWfT7wdOetSni3OV0mrNgho
BR0isoSnDlgTmIqukAORkXTz6C9ABpEWp1Yw4Fx6,DboXcHUzjiTnEyfVzMA8hgefX2B7suIPftuPWSyq,BR0isoSnDlgTmIqukAORkXTz6C9ABpEWp1Yw4Fx6,0tSt4SUsOj8fKBL2OwFTAz878S85snjiNnAx7n8z,BR0isoSnDlgTmIqukAORkXTz6C9ABpEWp1Yw4Fx6,I9zyEumkNRxIzJ9lhMe24gjeuA05krtaF8GygUHD
0tSt4SUsOj8fKBL2OwFTAz878S85snjiNnAx7n8z,neo9uYRJVawyUm1nyXvQrJxwVqapvXp6gVg6kwxr,0tSt4SUsOj8fKBL2OwFTAz878S85snjiNnAx7n8z,hBG5vMBqkXoKVhe5nKFmfjAVyNoGHSr22VXcrkoN,0tSt4SUsOj8fKBL2OwFTAz878S85snjiNnAx7n8z,BR0isoSnDlgTmIqukAORkXTz6C9ABpEWp1Yw4Fx6
hBG5vMBqkXoKVhe5nKFmfjAVyNoGHSr22VXcrkoN,nOgJEtffp9e3P1qN9pqUrIZB0WQ9VIdptmx5wtia,hBG5vMBqkXoKVhe5nKFmfjAVyNoGHSr22VXcrkoN,G0PLr6xT9E96wJTJXQDNB728J4rHnKFKya5jIcwT,hBG5vMBqkXoKVhe5nKFmfjAVyNoGHSr22VXcrkoN,0tSt4SUsOj8fKBL2OwFTAz878S85snjiNnAx7n8z
G0PLr6xT9E96wJTJXQDNB728J4rHnKFKya5jIcwT,G97yzpX8HPnbmrVEC0Aoz2si9mlAiCfZmduqw99n,G0PLr6xT9E96wJTJXQDNB728J4rHnKFKya5jIcwT,G97yzpX8HPnbmrVEC0Aoz2si9mlAiCfZmduqw99n,G97yzpX8HPnbmrVEC0Aoz2si9mlAiCfZmduqw99n,G97yzpX8HPnbmrVEC0Aoz2si9mlAiCfZmduqw99n
DboXcHUzjiTnEyfVzMA8hgefX2B7suIPftuPWSyq,MOx9AM3J6rnEQQJCSsWfT7wdOetSni3OV0mrNgho,DboXcHUzjiTnEyfVzMA8hgefX2B7suIPftuPWSyq,MOx9AM3J6rnEQQJCSsWfT7wdOetSni3OV0mrNgho,MOx9AM3J6rnEQQJCSsWfT7wdOetSni3OV0mrNgho,MOx9AM3J6rnEQQJCSsWfT7wdOetSni3OV0mrNgho
neo9uYRJVawyUm1nyXvQrJxwVqapvXp6gVg6kwxr,I9zyEumkNRxIzJ9lhMe24gjeuA05krtaF8GygUHD,G97yzpX8HPnbmrVEC0Aoz2si9mlAiCfZmduqw99n,I9zyEumkNRxIzJ9lhMe24gjeuA05krtaF8GygUHD,I9zyEumkNRxIzJ9lhMe24gjeuA05krtaF8GygUHD,I9zyEumkNRxIzJ9lhMe24gjeuA05krtaF8GygUHD
G97yzpX8HPnbmrVEC0Aoz2si9mlAiCfZmduqw99n,BR0isoSnDlgTmIqukAORkXTz6C9ABpEWp1Yw4Fx6,MOx9AM3J6rnEQQJCSsWfT7wdOetSni3OV0mrNgho,BR0isoSnDlgTmIqukAORkXTz6C9ABpEWp1Yw4Fx6,BR0isoSnDlgTmIqukAORkXTz6C9ABpEWp1Yw4Fx6,BR0isoSnDlgTmIqukAORkXTz6C9ABpEWp1Yw4Fx6
MOx9AM3J6rnEQQJCSsWfT7wdOetSni3OV0mrNgho,0tSt4SUsOj8fKBL2OwFTAz878S85snjiNnAx7n8z,I9zyEumkNRxIzJ9lhMe24gjeuA05krtaF8GygUHD,0tSt4SUsOj8fKBL2OwFTAz878S85snjiNnAx7n8z,0tSt4SUsOj8fKBL2OwFTAz878S85snjiNnAx7n8z,0tSt4SUsOj8fKBL2OwFTAz878S85snjiNnAx7n8z
I9zyEumkNRxIzJ9lhMe24gjeuA05krtaF8GygUHD,hBG5vMBqkXoKVhe5nKFmfjAVyNoGHSr22VXcrkoN,BR0isoSnDlgTmIqukAORkXTz6C9ABpEWp1Yw4Fx6,hBG5vMBqkXoKVhe5nKFmfjAVyNoGHSr22VXcrkoN,hBG5vMBqkXoKVhe5nKFmfjAVyNoGHSr22VXcrkoN,G97yzpX8HPnbmrVEC0Aoz2si9mlAiCfZmduqw99n
BR0isoSnDlgTmIqukAORkXTz6C9ABpEWp1Yw4Fx6,G0PLr6xT9E96wJTJXQDNB728J4rHnKFKya5jIcwT,0tSt4SUsOj8fKBL2OwFTAz878S85snjiNnAx7n8z,G0PLr6xT9E96wJTJXQDNB728J4rHnKFKya5jIcwT,G97yzpX8HPnbmrVEC0Aoz2si9mlAiCfZmduqw99n,MOx9AM3J6rnEQQJCSsWfT7wdOetSni3OV0mrNgho
0tSt4SUsOj8fKBL2OwFTAz878S85snjiNnAx7n8z,DboXcHUzjiTnEyfVzMA8hgefX2B7suIPftuPWSyq,hBG5vMBqkXoKVhe5nKFmfjAVyNoGHSr22VXcrkoN,G97yzpX8HPnbmrVEC0Aoz2si9mlAiCfZmduqw99n,MOx9AM3J6rnEQQJCSsWfT7wdOetSni3OV0mrNgho,I9zyEumkNRxIzJ9lhMe24gjeuA05krtaF8GygUHD
hBG5vMBqkXoKVhe5nKFmfjAVyNoGHSr22VXcrkoN,neo9uYRJVawyUm1nyXvQrJxwVqapvXp6gVg6kwxr,G0PLr6xT9E96wJTJXQDNB728J4rHnKFKya5jIcwT,MOx9AM3J6rnEQQJCSsWfT7wdOetSni3OV0mrNgho,I9zyEumkNRxIzJ9lhMe24gjeuA05krtaF8GygUHD,BR0isoSnDlgTmIqukAORkXTz6C9ABpEWp1Yw4Fx6
G0PLr6xT9E96wJTJXQDNB728J4rHnKFKya5jIcwT,nOgJEtffp9e3P1qN9pqUrIZB0WQ9VIdptmx5wtia,DboXcHUzjiTnEyfVzMA8hgefX2B7suIPftuPWSyq,I9zyEumkNRxIzJ9lhMe24gjeuA05krtaF8GygUHD,BR0isoSnDlgTmIqukAORkXTz6C9ABpEWp1Yw4Fx6,0tSt4SUsOj8fKBL2OwFTAz878S85snjiNnAx7n8z
DboXcHUzjiTnEyfVzMA8hgefX2B7suIPftuPWSyq,G97yzpX8HPnbmrVEC0Aoz2si9mlAiCfZmduqw99n,G97yzpX8HPnbmrVEC0Aoz2si9mlAiCfZmduqw99n,BR0isoSnDlgTmIqukAORkXTz6C9ABpEWp1Yw4Fx6,0tSt4SUsOj8fKBL2OwFTAz878S85snjiNnAx7n8z,G97yzpX8HPnbmrVEC0Aoz2si9mlAiCfZmduqw99n
neo9uYRJVawyUm1nyXvQrJxwVqapvXp6gVg6kwxr,MOx9AM3J6rnEQQJCSsWfT7wdOetSni3OV0mrNgho,MOx9AM3J6rnEQQJCSsWfT7wdOetSni3OV0mrNgho,0tSt4SUsOj8fKBL2OwFTAz878S85snjiNnAx7n8z,hBG5vMBqkXoKVhe5nKFmfjAVyNoGHSr22VXcrkoN,MOx9AM3J6rnEQQJCSsWfT7wdOetSni3OV0mrNgho
G97yzpX8HPnbmrVEC0Aoz2si9mlAiCfZmduqw99n,I9zyEumkNRxIzJ9lhMe24gjeuA05krtaF8GygUHD,I9zyEumkNRxIzJ9lhMe24gjeuA05krtaF8GygUHD,hBG5vMBqkXoKVhe5nKFmfjAVyNoGHSr22VXcrkoN,G97yzpX8HPnbmrVEC0Aoz2si9mlAiCfZmduqw99n,I9zyEumkNRxIzJ9lhMe24gjeuA05krtaF8GygUHD
MOx9AM3J6rnEQQJCSsWfT7wdOetSni3OV0mrNgho,BR0isoSnDlgTmIqukAORkXTz6C9ABpEWp1Yw4Fx6,BR0isoSnDlgTmIqukAORkXTz6C9ABpEWp1Yw4Fx6,G0PLr6xT9E96wJTJXQDNB728J4rHnKFKya5jIcwT,MOx9AM3J6rnEQQJCSsWfT7wdOetSni3OV0mrNgho,BR0isoSnDlgTmIqukAORkXTz6C9ABpEWp1Yw4Fx6
I9zyEumkNRxIzJ9lhMe24gjeuA05krtaF8GygUHD,0tSt4SUsOj8fKBL2OwFTAz878S85snjiNnAx7n8z,0tSt4SUsOj8fKBL2OwFTAz878S85snjiNnAx7n8z,G97yzpX8HPnbmrVEC0Aoz2si9mlAiCfZmduqw99n,I9zyEumkNRxIzJ9lhMe24gjeuA05krtaF8GygUHD,0tSt4SUsOj8fKBL2OwFTAz878S85snjiNnAx7n8z
BR0isoSnDlgTmIqukAORkXTz6C9ABpEWp1Yw4Fx6,hBG5vMBqkXoKVhe5nKFmfjAVyNoGHSr22VXcrkoN,hBG5vMBqkXoKVhe5nKFmfjAVyNoGHSr22VXcrkoN,MOx9AM3J6rnEQQJCSsWfT7wdOetSni3OV0mrNgho,BR0isoSnDlgTmIqukAORkXTz6C9ABpEWp1Yw4Fx6,G97yzpX8HPnbmrVEC0Aoz2si9mlAiCfZmduqw99n
0tSt4SUsOj8fKBL2OwFTAz878S85snjiNnAx7n8z,G0PLr6xT9E96wJTJXQDNB728J4rHnKFKya5jIcwT,G0PLr6xT9E96wJTJXQDNB728J4rHnKFKya5jIcwT,I9zyEumkNRxIzJ9lhMe24gjeuA05krtaF8GygUHD,0tSt4SUsOj8fKBL2OwFTAz878S85snjiNnAx7n8z,MOx9AM3J6rnEQQJCSsWfT7wdOetSni3OV0mrNgho
hBG5vMBqkXoKVhe5nKFmfjAVyNoGHSr22VXcrkoN,DboXcHUzjiTnEyfVzMA8hgefX2B7suIPftuPWSyq,DboXcHUzjiTnEyfVzMA8hgefX2B7suIPftuPWSyq,BR0isoSnDlgTmIqukAORkXTz6C9ABpEWp1Yw4Fx6,hBG5vMBqkXoKVhe5nKFmfjAVyNoGHSr22VXcrkoN,I9zyEumkNRxIzJ9lhMe24gjeuA05krtaF8GygUHD
G0PLr6xT9E96wJTJXQDNB728J4rHnKFKya5jIcwT,neo9uYRJVawyUm1nyXvQrJxwVqapvXp6gVg6kwxr,G97yzpX8HPnbmrVEC0Aoz2si9mlAiCfZmduqw99n,0tSt4SUsOj8fKBL2OwFTAz878S85snjiNnAx7n8z,G97yzpX8HPnbmrVEC0Aoz2si9mlAiCfZmduqw99n,BR0isoSnDlgTmIqukAORkXTz6C9ABpEWp1Yw4Fx6
DboXcHUzjiTnEyfVzMA8hgefX2B7suIPftuPWSyq,nOgJEtffp9e3P1qN9pqUrIZB0WQ9VIdptmx5wtia,MOx9AM3J6rnEQQJCSsWfT7wdOetSni3OV0mrNgho,hBG5vMBqkXoKVhe5nKFmfjAVyNoGHSr22VXcrkoN,MOx9AM3J6rnEQQJCSsWfT7wdOetSni3OV0mrNgho,0tSt4SUsOj8fKBL2OwFTAz878S85snjiNnAx7n8z
neo9uYRJVawyUm1nyXvQrJxwVqapvXp6gVg6kwxr,G97yzpX8HPnbmrVEC0Aoz2si9mlAiCfZmduqw99n,I9zyEumkNRxIzJ9lhMe24gjeuA05krtaF8GygUHD,G0PLr6xT9E96wJTJXQDNB728J4rHnKFKya5jIcwT,I9zyEumkNRxIzJ9lhMe24gjeuA05krtaF8GygUHD,G97yzpX8HPnbmrVEC0Aoz2si9mlAiCfZmduqw99n
G97yzpX8HPnbmrVEC0Aoz2si9mlAiCfZmduqw99n,MOx9AM3J6rnEQQJCSsWfT7wdOetSni3OV0mrNgho,BR0isoSnDlgTmIqukAORkXTz6C9ABpEWp1Yw4Fx6,G97yzpX8HPnbmrVEC0Aoz2si9mlAiCfZmduqw99n,BR0isoSnDlgTmIqukAORkXTz6C9ABpEWp1Yw4Fx6,MOx9AM3J6rnEQQJCSsWfT7wdOetSni3OV0mrNgho
MOx9AM3J6rnEQQJCSsWfT7wdOetSni3OV0mrNgho,I9zyEumkNRxIzJ9lhMe24gjeuA05krtaF8GygUHD,0tSt4SUsOj8fKBL2OwFTAz878S85snjiNnAx7n8z,MOx9AM3J6rnEQQJCSsWfT7wdOetSni3OV0mrNgho,0tSt4SUsOj8fKBL2OwFTAz878S85snjiNnAx7n8z,I9zyEumkNRxIzJ9lhMe24gjeuA05krtaF8GygUHD
I9zyEumkNRxIzJ9lhMe24gjeuA05krtaF8GygUHD,BR0isoSnDlgTmIqukAORkXTz6C9ABpEWp1Yw4Fx6,hBG5vMBqkXoKVhe5nKFmfjAVyNoGHSr22VXcrkoN,I9zyEumkNRxIzJ9lhMe24gjeuA05krtaF8GygUHD,hBG5vMBqkXoKVhe5nKFmfjAVyNoGHSr22VXcrkoN,BR0isoSnDlgTmIqukAORkXTz6C9ABpEWp1Yw4Fx6
BR0isoSnDlgTmIqukAORkXTz6C9ABpEWp1Yw4Fx6,0tSt4SUsOj8fKBL2OwFTAz878S85snjiNnAx7n8z,G0PLr6xT9E96wJTJXQDNB728J4rHnKFKya5jIcwT,BR0isoSnDlgTmIqukAORkXTz6C9ABpEWp1Yw4Fx6,G97yzpX8HPnbmrVEC0Aoz2si9mlAiCfZmduqw99n,0tSt4SUsOj8fKBL2OwFTAz878S85snjiNnAx7n8z
0tSt4SUsOj8fKBL2OwFTAz878S85snjiNnAx7n8z,hBG5vMBqkXoKVhe5nKFmfjAVyNoGHSr22VXcrkoN,DboXcHUzjiTnEyfVzMA8hgefX2B7suIPftuPWSyq,0tSt4SUsOj8fKBL2OwFTAz878S85snjiNnAx7n8z,MOx9AM3J6rnEQQJCSsWfT7wdOetSni3OV0mrNgho,G97yzpX8HPnbmrVEC0Aoz2si9mlAiCfZmduqw99n
hBG5vMBqkXoKVhe5nKFmfjAVyNoGHSr22VXcrkoN,G0PLr6xT9E96wJTJXQDNB728J4rHnKFKya5jIcwT,G97yzpX8HPnbmrVEC0Aoz2si9mlAiCfZmduqw99n,hBG5vMBqkXoKVhe5nKFmfjAVyNoGHSr22VXcrkoN,I9zyEumkNRxIzJ9lhMe24gjeuA05krtaF8GygUHD,MOx9AM3J6rnEQQJCSsWfT7wdOetSni3OV0mrNgho
G0PLr6xT9E96wJTJXQDNB728J4rHnKFKya5jIcwT,DboXcHUzjiTnEyfVzMA8hgefX2B7suIPftuPWSyq,MOx9AM3J6rnEQQJCSsWfT7wdOetSni3OV0mrNgho,G0PLr6xT9E96wJTJXQDNB728J4rHnKFKya5jIcwT,BR0isoSnDlgTmIqukAORkXTz6C9ABpEWp1Yw4Fx6,I9zyEumkNRxIzJ9lhMe24gjeuA05krtaF8GygUHD
DboXcHUzjiTnEyfVzMA8hgefX2B7suIPftuPWSyq,neo9uYRJVawyUm1nyXvQrJxwVqapvXp6gVg6kwxr,I9zyEumkNRxIzJ9lhMe24gjeuA05krtaF8GygUHD,G97yzpX8HPnbmrVEC0Aoz2si9mlAiCfZmduqw99n,0tSt4SUsOj8fKBL2OwFTAz878S85snjiNnAx7n8z,BR0isoSnDlgTmIqukAORkXTz6C9ABpEWp1Yw4Fx6
neo9uYRJVawyUm1nyXvQrJxwVqapvXp6gVg6kwxr,nOgJEtffp9e3P1qN9pqUrIZB0WQ9VIdptmx5wtia,BR0isoSnDlgTmIqukAORkXTz6C9ABpEWp1Yw4Fx6,MOx9AM3J6rnEQQJCSsWfT7wdOetSni3OV0mrNgho,hBG5vMBqkXoKVhe5nKFmfjAVyNoGHSr22VXcrkoN,0tSt4SUsOj8fKBL2OwFTAz878S85snjiNnAx7n8z
G97yzpX8HPnbmrVEC0Aoz2si9mlAiCfZmduqw99n,G97yzpX8HPnbmrVEC0Aoz2si9mlAiCfZmduqw99n,0tSt4SUsOj8fKBL2OwFTAz878S85snjiNnAx7n8z,I9zyEumkNRxIzJ9lhMe24gjeuA05krtaF8GygUHD,G97yzpX8HPnbmrVEC0Aoz2si9mlAiCfZmduqw99n,G97yzpX8HPnbmrVEC0Aoz2si9mlAiCfZmduqw99n
MOx9AM3J6rnEQQJCSsWfT7wdOetSni3OV0mrNgho,MOx9AM3J6rnEQQJCSsWfT7wdOetSni3OV0mrNgho,hBG5vMBqkXoKVhe5nKFmfjAVyNoGHSr22VXcrkoN,BR0isoSnDlgTmIqukAORkXTz6C9ABpEWp1Yw4Fx6,MOx9AM3J6rnEQQJCSsWfT7wdOetSni3OV0mrNgho,MOx9AM3J6rnEQQJCSsWfT7wdOetSni3OV0mrNgho
I9zyEumkNRxIzJ9lhMe24gjeuA05krtaF8GygUHD,I9zyEumkNRxIzJ9lhMe24gjeuA05krtaF8GygUHD,G0PLr6xT9E96wJTJXQDNB728J4rHnKFKya5jIcwT,0tSt4SUsOj8fKBL2OwFTAz878S85snjiNnAx7n8z,I9zyEumkNRxIzJ9lhMe24gjeuA05krtaF8GygUHD,I9zyEumkNRxIzJ9lhMe24gjeuA05krtaF8GygUHD
BR0isoSnDlgTmIqukAORkXTz6C9ABpEWp1Yw4Fx6,BR0isoSnDlgTmIqukAORkXTz6C9ABpEWp1Yw4Fx6,DboXcHUzjiTnEyfVzMA8hgefX2B7suIPftuPWSyq,hBG5vMBqkXoKVhe5nKFmfjAVyNoGHSr22VXcrkoN,BR0isoSnDlgTmIqukAORkXTz6C9ABpEWp1Yw4Fx6,BR0isoSnDlgTmIqukAORkXTz6C9ABpEWp1Yw4Fx6
0tSt4SUsOj8fKBL2OwFTAz878S85snjiNnAx7n8z,0tSt4SUsOj8fKBL2OwFTAz878S85snjiNnAx7n8z,G97yzpX8HPnbmrVEC0Aoz2si9mlAiCfZmduqw99n,G0PLr6xT9E96wJTJXQDNB728J4rHnKFKya5jIcwT,0tSt4SUsOj8fKBL2OwFTAz878S85snjiNnAx7n8z,0tSt4SUsOj8fKBL2OwFTAz878S85snjiNnAx7n8z
hBG5vMBqkXoKVhe5nKFmfjAVyNoGHSr22VXcrkoN,hBG5vMBqkXoKVhe5nKFmfjAVyNoGHSr22VXcrkoN,MOx9AM3J6rnEQQJCSsWfT7wdOetSni3OV0mrNgho,G97yzpX8HPnbmrVEC0Aoz2si9mlAiCfZmduqw99n,hBG5vMBqkXoKVhe5nKFmfjAVyNoGHSr22VXcrkoN,G97yzpX8HPnbmrVEC0Aoz2si9mlAiCfZmduqw99n
G0PLr6xT9E96wJTJXQDNB728J4rHnKFKya5jIcwT,G0PLr6xT9E96wJTJXQDNB728J4rHnKFKya5jIcwT,I9zyEumkNRxIzJ9lhMe24gjeuA05krtaF8GygUHD,MOx9AM3J6rnEQQJCSsWfT7wdOetSni3OV0mrNgho,G97yzpX8HPnbmrVEC0Aoz2si9mlAiCfZmduqw99n,MOx9AM3J6rnEQQJCSsWfT7wdOetSni3OV0mrNgho
DboXcHUzjiTnEyfVzMA8hgefX2B7suIPftuPWSyq,DboXcHUzjiTnEyfVzMA8hgefX2B7suIPftuPWSyq,BR0isoSnDlgTmIqukAORkXTz6C9ABpEWp1Yw4Fx6,I9zyEumkNRxIzJ9lhMe24gjeuA05krtaF8GygUHD,MOx9AM3J6rnEQQJCSsWfT7wdOetSni3OV0mrNgho,I9zyEumkNRxIzJ9lhMe24gjeuA05krtaF8GygUHD
neo9uYRJVawyUm1nyXvQrJxwVqapvXp6gVg6kwxr,neo9uYRJVawyUm1nyXvQrJxwVqapvXp6gVg6kwxr,0tSt4SUsOj8fKBL2OwFTAz878S85snjiNnAx7n8z,BR0isoSnDlgTmIqukAORkXTz6C9ABpEWp1Yw4Fx6,I9zyEumkNRxIzJ9lhMe24gjeuA05krtaF8GygUHD,BR0isoSnDlgTmIqukAORkXTz6C9ABpEWp1Yw4Fx6
G97yzpX8HPnbmrVEC0Aoz2si9mlAiCfZmduqw99n,nOgJEtffp9e3P1qN9pqUrIZB0WQ9VIdptmx5wtia,hBG5vMBqkXoKVhe5nKFmfjAVyNoGHSr22VXcrkoN,0tSt4SUsOj8fKBL2OwFTAz878S85snjiNnAx7n8z,BR0isoSnDlgTmIqukAORkXTz6C9ABpEWp1Yw4Fx6,0tSt4SUsOj8fKBL2OwFTAz878S85snjiNnAx7n8z
MOx9AM3J6rnEQQJCSsWfT7wdOetSni3OV0mrNgho,G97yzpX8HPnbmrVEC0Aoz2si9mlAiCfZmduqw99n,G0PLr6xT9E96wJTJXQDNB728J4rHnKFKya5jIcwT,hBG5vMBqkXoKVhe5nKFmfjAVyNoGHSr22VXcrkoN,0tSt4SUsOj8fKBL2OwFTAz878S85snjiNnAx7n8z,G97yzpX8HPnbmrVEC0Aoz2si9mlAiCfZmduqw99n
I9zyEumkNRxIzJ9lhMe24gjeuA05krtaF8GygUHD,MOx9AM3J6rnEQQJCSsWfT7wdOetSni3OV0mrNgho,DboXcHUzjiTnEyfVzMA8hgefX2B7suIPftuPWSyq,G0PLr6xT9E96wJTJXQDNB728J4rHnKFKya5jIcwT,hBG5vMBqkXoKVhe5nKFmfjAVyNoGHSr22VXcrkoN,MOx9AM3J6rnEQQJCSsWfT7wdOetSni3OV0mrNgho
BR0isoSnDlgTmIqukAORkXTz6C9ABpEWp1Yw4Fx6,I9zyEumkNRxIzJ9lhMe24gjeuA05krtaF8GygUHD,G97yzpX8HPnbmrVEC0Aoz2si9mlAiCfZmduqw99n,G97yzpX8HPnbmrVEC0Aoz2si9mlAiCfZmduqw99n,G97yzpX8HPnbmrVEC0Aoz2si9mlAiCfZmduqw99n,I9zyEumkNRxIzJ9lhMe24gjeuA05krtaF8GygUHD
0tSt4SUsOj8fKBL2OwFTAz878S85snjiNnAx7n8z,BR0isoSnDlgTmIqukAORkXTz6C9ABpEWp1Yw4Fx6,MOx9AM3J6rnEQQJCSsWfT7wdOetSni3OV0mrNgho,MOx9AM3J6rnEQQJCSsWfT7wdOetSni3OV0mrNgho,MOx9AM3J6rnEQQJCSsWfT7wdOetSni3OV0mrNgho,BR0isoSnDlgTmIqukAORkXTz6C9ABpEWp1Yw4Fx6
hBG5vMBqkXoKVhe5nKFmfjAVyNoGHSr22VXcrkoN,0tSt4SUsOj8fKBL2OwFTAz878S85snjiNnAx7n8z,I9zyEumkNRxIzJ9lhMe24gjeuA05krtaF8GygUHD,I9zyEumkNRxIzJ9lhMe24gjeuA05krtaF8GygUHD,I9zyEumkNRxIzJ9lhMe24gjeuA05krtaF8GygUHD,0tSt4SUsOj8fKBL2OwFTAz878S85snjiNnAx7n8z
G0PLr6xT9E96wJTJXQDNB728J4rHnKFKya5jIcwT,hBG5vMBqkXoKVhe5nKFmfjAVyNoGHSr22VXcrkoN,BR0isoSnDlgTmIqukAORkXTz6C9ABpEWp1Yw4Fx6,BR0isoSnDlgTmIqukAORkXTz6C9ABpEWp1Yw4Fx6,BR0isoSnDlgTmIqukAORkXTz6C9ABpEWp1Yw4Fx6,G97yzpX8HPnbmrVEC0Aoz2si9mlAiCfZmduqw99n
DboXcHUzjiTnEyfVzMA8hgefX2B7suIPftuPWSyq,G0PLr6xT9E96wJTJXQDNB728J4rHnKFKya5jIcwT,0tSt4SUsOj8fKBL2OwFTAz878S85snjiNnAx7n8z,0tSt4SUsOj8fKBL2OwFTAz878S85snjiNnAx7n8z,0tSt4SUsOj8fKBL2OwFTAz878S85snjiNnAx7n8z,MOx9AM3J6rnEQQJCSsWfT7wdOetSni3OV0mrNgho
neo9uYRJVawyUm1nyXvQrJxwVqapvXp6gVg6kwxr,DboXcHUzjiTnEyfVzMA8hgefX2B7suIPftuPWSyq,hBG5vMBqkXoKVhe5nKFmfjAVyNoGHSr22VXcrkoN,hBG5vMBqkXoKVhe5nKFmfjAVyNoGHSr22VXcrkoN,hBG5vMBqkXoKVhe5nKFmfjAVyNoGHSr22VXcrkoN,I9zyEumkNRxIzJ9lhMe24gjeuA05krtaF8GygUHD
G97yzpX8HPnbmrVEC0Aoz2si9mlAiCfZmduqw99n,neo9uYRJVawyUm1nyXvQrJxwVqapvXp6gVg6kwxr,G0PLr6xT9E96wJTJXQDNB728J4rHnKFKya5jIcwT,G0PLr6xT9E96wJTJXQDNB728J4rHnKFKya5jIcwT,G97yzpX8HPnbmrVEC0Aoz2si9mlAiCfZmduqw99n,BR0isoSnDlgTmIqukAORkXTz6C9ABpEWp1Yw4Fx6
MOx9AM3J6rnEQQJCSsWfT7wdOetSni3OV0mrNgho,nOgJEtffp9e3P1qN9pqUrIZB0WQ9VIdptmx5wtia,DboXcHUzjiTnEyfVzMA8hgefX2B7suIPftuPWSyq,G97yzpX8HPnbmrVEC0Aoz2si9mlAiCfZmduqw99n,MOx9AM3J6rnEQQJCSsWfT7wdOetSni3OV0mrNgho,0tSt4SUsOj8fKBL2OwFTAz878S85snjiNnAx7n8z
I9zyEumkNRxIzJ9lhMe24gjeuA05krtaF8GygUHD,G97yzpX8HPnbmrVEC0Aoz2si9mlAiCfZmduqw99n,G97yzpX8HPnbmrVEC0Aoz2si9mlAiCfZmduqw99n,MOx9AM3J6rnEQQJCSsWfT7wdOetSni3OV0mrNgho,I9zyEumkNRxIzJ9lhMe24gjeuA05krtaF8GygUHD,G97yzpX8HPnbmrVEC0Aoz2si9mlAiCfZmduqw99n
BR0isoSnDlgTmIqukAORkXTz6C9ABpEWp1Yw4Fx6,MOx9AM3J6rnEQQJCSsWfT7wdOetSni3OV0mrNgho,MOx9AM3J6rnEQQJCSsWfT7wdOetSni3OV0mrNgho,I9zyEumkNRxIzJ9lhMe24gjeuA05krtaF8GygUHD,BR0isoSnDlgTmIqukAORkXTz6C9ABpEWp1Yw4Fx6,MOx9AM3J6rnEQQJCSsWfT7wdOetSni3OV0mrNgho
0tSt4SUsOj8fKBL2OwFTAz878S85snjiNnAx7n8z,I9zyEumkNRxIzJ9lhMe24gjeuA05krtaF8GygUHD,I9zyEumkNRxIzJ9lhMe24gjeuA05krtaF8GygUHD,BR0isoSnDlgTmIqukAORkXTz6C9ABpEWp1Yw4Fx6,0tSt4SUsOj8fKBL2OwFTAz878S85snjiNnAx7n8z,I9zyEumkNRxIzJ9lhMe24gjeuA05krtaF8GygUHD
hBG5vMBqkXoKVhe5nKFmfjAVyNoGHSr22VXcrkoN,BR0isoSnDlgTmIqukAORkXTz6C9ABpEWp1Yw4Fx6,BR0isoSnDlgTmIqukAORkXTz6C9ABpEWp1Yw4Fx6,0tSt4SUsOj8fKBL2OwFTAz878S85snjiNnAx7n8z,hBG5vMBqkXoKVhe5nKFmfjAVyNoGHSr22VXcrkoN,BR0isoSnDlgTmIqukAORkXTz6C9ABpEWp1Yw4Fx6
G0PLr6xT9E96wJTJXQDNB728J4rHnKFKya5jIcwT,0tSt4SUsOj8fKBL2OwFTAz878S85snjiNnAx7n8z,0tSt4SUsOj8fKBL2OwFTAz878S85snjiNnAx7n8z,hBG5vMBqkXoKVhe5nKFmfjAVyNoGHSr22VXcrkoN,G97yzpX8HPnbmrVEC0Aoz2si9mlAiCfZmduqw99n,0tSt4SUsOj8fKBL2OwFTAz878S85snjiNnAx7n8z
DboXcHUzjiTnEyfVzMA8hgefX2B7suIPftuPWSyq,hBG5vMBqkXoKVhe5nKFmfjAVyNoGHSr22VXcrkoN,hBG5vMBqkXoKVhe5nKFmfjAVyNoGHSr22VXcrkoN,G0PLr6xT9E96wJTJXQDNB728J4rHnKFKya5jIcwT,MOx9AM3J6rnEQQJCSsWfT7wdOetSni3OV0mrNgho,G97yzpX8HPnbmrVEC0Aoz2si9mlAiCfZmduqw99n
neo9uYRJVawyUm1nyXvQrJxwVqapvXp6gVg6kwxr,G0PLr6xT9E96wJTJXQDNB728J4rHnKFKya5jIcwT,G0PLr6xT9E96wJTJXQDNB728J4rHnKFKya5jIcwT,G97yzpX8HPnbmrVEC0Aoz2si9mlAiCfZmduqw99n,I9zyEumkNRxIzJ9lhMe24gjeuA05krtaF8GygUHD,MOx9AM3J6rnEQQJCSsWfT7wdOetSni3OV0mrNgho
G97yzpX8HPnbmrVEC0Aoz2si9mlAiCfZmduqw99n,DboXcHUzjiTnEyfVzMA8hgefX2B7suIPftuPWSyq,DboXcHUzjiTnEyfVzMA8hgefX2B7suIPftuPWSyq,MOx9AM3J6rnEQQJCSsWfT7wdOetSni3OV0mrNgho,BR0isoSnDlgTmIqukAORkXTz6C9ABpEWp1Yw4Fx6,I9zyEumkNRxIzJ9lhMe24gjeuA05krtaF8GygUHD
MOx9AM3J6rnEQQJCSsWfT7wdOetSni3OV0mrNgho,neo9uYRJVawyUm1nyXvQrJxwVqapvXp6gVg6kwxr,G97yzpX8HPnbmrVEC0Aoz2si9mlAiCfZmduqw99n,I9zyEumkNRxIzJ9lhMe24gjeuA05krtaF8GygUHD,0tSt4SUsOj8fKBL2OwFTAz878S85snjiNnAx7n8z,BR0isoSnDlgTmIqukAORkXTz6C9ABpEWp1Yw4Fx6
I9zyEumkNRxIzJ9lhMe24gjeuA05krtaF8GygUHD,nOgJEtffp9e3P1qN9pqUrIZB0WQ9VIdptmx5wtia,MOx9AM3J6rnEQQJCSsWfT7wdOetSni3OV0mrNgho,BR0isoSnDlgTmIqukAORkXTz6C9ABpEWp1Yw4Fx6,hBG5vMBqkXoKVhe5nKFmfjAVyNoGHSr22VXcrkoN,0tSt4SUsOj8fKBL2OwFTAz878S85snjiNnAx7n8z
BR0isoSnDlgTmIqukAORkXTz6C9ABpEWp1Yw4Fx6,G97yzpX8HPnbmrVEC0Aoz2si9mlAiCfZmduqw99n,I9zyEumkNRxIzJ9lhMe24gjeuA05krtaF8GygUHD,0tSt4SUsOj8fKBL2OwFTAz878S85snjiNnAx7n8z,G97yzpX8HPnbmrVEC0Aoz2si9mlAiCfZmduqw99n,G97yzpX8HPnbmrVEC0Aoz2si9mlAiCfZmduqw99n
0tSt4SUsOj8fKBL2OwFTAz878S85snjiNnAx7n8z,MOx9AM3J6rnEQQJCSsWfT7wdOetSni3OV0mrNgho,BR0isoSnDlgTmIqukAORkXTz6C9ABpEWp1Yw4Fx6,hBG5vMBqkXoKVhe5nKFmfjAVyNoGHSr22VXcrkoN,MOx9AM3J6rnEQQJCSsWfT7wdOetSni3OV0mrNgho,MOx9AM3J6rnEQQJCSsWfT7wdOetSni3OV0mrNgho
hBG5vMBqkXoKVhe5nKFmfjAVyNoGHSr22VXcrkoN,I9zyEumkNRxIzJ9lhMe24gjeuA05krtaF8GygUHD,0tSt4SUsOj8fKBL2OwFTAz878S85snjiNnAx7n8z,G0PLr6xT9E96wJTJXQDNB728J4rHnKFKya5jIcwT,I9zyEumkNRxIzJ9lhMe24gjeuA05krtaF8GygUHD,I9zyEumkNRxIzJ9lhMe24gjeuA05krtaF8GygUHD
G0PLr6xT9E96wJTJXQDNB728J4rHnKFKya5jIcwT,BR0isoSnDlgTmIqukAORkXTz6C9ABpEWp1Yw4Fx6,hBG5vMBqkXoKVhe5nKFmfjAVyNoGHSr22VXcrkoN,G97yzpX8HPnbmrVEC0Aoz2si9mlAiCfZmduqw99n,BR0isoSnDlgTmIqukAORkXTz6C9ABpEWp1Yw4Fx6,BR0isoSnDlgTmIqukAORkXTz6C9ABpEWp1Yw4Fx6
DboXcHUzjiTnEyfVzMA8hgefX2B7suIPftuPWSyq,0tSt4SUsOj8fKBL2OwFTAz878S85snjiNnAx7n8z,G0PLr6xT9E96wJTJXQDNB728J4rHnKFKya5jIcwT,MOx9AM3J6rnEQQJCSsWfT7wdOetSni3OV0mrNgho,0tSt4SUsOj8fKBL2OwFTAz878S85snjiNnAx7n8z,0tSt4SUsOj8fKBL2OwFTAz878S85snjiNnAx7n8z
neo9uYRJVawyUm1nyXvQrJxwVqapvXp6gVg6kwxr,hBG5vMBqkXoKVhe5nKFmfjAVyNoGHSr22VXcrkoN,DboXcHUzjiTnEyfVzMA8hgefX2B7suIPftuPWSyq,I9zyEumkNRxIzJ9lhMe24gjeuA05krtaF8GygUHD,hBG5vMBqkXoKVhe5nKFmfjAVyNoGHSr22VXcrkoN,G97yzpX8HPnbmrVEC0Aoz2si9mlAiCfZmduqw99n
G97yzpX8HPnbmrVEC0Aoz2si9mlAiCfZmduqw99n,G0PLr6xT9E96wJTJXQDNB728J4rHnKFKya5jIcwT,G97yzpX8HPnbmrVEC0Aoz2si9mlAiCfZmduqw99n,BR0isoSnDlgTmIqukAORkXTz6C9ABpEWp1Yw4Fx6,G97yzpX8HPnbmrVEC0Aoz2si9mlAiCfZmduqw99n,MOx9AM3J6rnEQQJCSsWfT7wdOetSni3OV0mrNgho
MOx9AM3J6rnEQQJCSsWfT7wdOetSni3OV0mrNgho,DboXcHUzjiTnEyfVzMA8hgefX2B7suIPftuPWSyq,MOx9AM3J6rnEQQJCSsWfT7wdOetSni3OV0mrNgho,0tSt4SUsOj8fKBL2OwFTAz878S85snjiNnAx7n8z,MOx9AM3J6rnEQQJCSsWfT7wdOetSni3OV0mrNgho,I9zyEumkNRxIzJ9lhMe24gjeuA05krtaF8GygUHD
I9zyEumkNRxIzJ9lhMe24gjeuA05krtaF8GygUHD,neo9uYRJVawyUm1nyXvQrJxwVqapvXp6gVg6kwxr,I9zyEumkNRxIzJ9lhMe24gjeuA05krtaF8GygUHD,hBG5vMBqkXoKVhe5nKFmfjAVyNoGHSr22VXcrkoN,I9zyEumkNRxIzJ9lhMe24gjeuA05krtaF8GygUHD,BR0isoSnDlgTmIqukAORkXTz6C9ABpEWp1Yw4Fx6
BR0isoSnDlgTmIqukAORkXTz6C9ABpEWp1Yw4Fx6,nOgJEtffp9e3P1qN9pqUrIZB0WQ9VIdptmx5wtia,BR0isoSnDlgTmIqukAORkXTz6C9ABpEWp1Yw4Fx6,G0PLr6xT9E96wJTJXQDNB728J4rHnKFKya5jIcwT,BR0isoSnDlgTmIqukAORkXTz6C9ABpEWp1Yw4Fx6,0tSt4SUsOj8fKBL2OwFTAz878S85snjiNnAx7n8z
0tSt4SUsOj8fKBL2OwFTAz878S85snjiNnAx7n8z,G97yzpX8HPnbmrVEC0Aoz2si9mlAiCfZmduqw99n,0tSt4SUsOj8fKBL2OwFTAz878S85snjiNnAx7n8z,G97yzpX8HPnbmrVEC0Aoz2si9mlAiCfZmduqw99n,0tSt4SUsOj8fKBL2OwFTAz878S85snjiNnAx7n8z,G97yzpX8HPnbmrVEC0Aoz2si9mlAiCfZmduqw99n
hBG5vMBqkXoKVhe5nKFmfjAVyNoGHSr22VXcrkoN,MOx9AM3J6rnEQQJCSsWfT7wdOetSni3OV0mrNgho,hBG5vMBqkXoKVhe5nKFmfjAVyNoGHSr22VXcrkoN,MOx9AM3J6rnEQQJCSsWfT7wdOetSni3OV0mrNgho,hBG5vMBqkXoKVhe5nKFmfjAVyNoGHSr22VXcrkoN,MOx9AM3J6rnEQQJCSsWfT7wdOetSni3OV0mrNgho
G0PLr6xT9E96wJTJXQDNB728J4rHnKFKya5jIcwT,I9zyEumkNRxIzJ9lhMe24gjeuA05krtaF8GygUHD,G0PLr6xT9E96wJTJXQDNB728J4rHnKFKya5jIcwT,I9zyEumkNRxIzJ9lhMe24gjeuA05krtaF8GygUHD,G97yzpX8HPnbmrVEC0Aoz2si9mlAiCfZmduqw99n,I9zyEumkNRxIzJ9lhMe24gjeuA05krtaF8GygUHD
DboXcHUzjiTnEyfVzMA8hgefX2B7suIPftuPWSyq,BR0isoSnDlgTmIqukAORkXTz6C9ABpEWp1Yw4Fx6,DboXcHUzjiTnEyfVzMA8hgefX2B7suIPftuPWSyq,BR0isoSnDlgTmIqukAORkXTz6C9ABpEWp1Yw4Fx6,MOx9AM3J6rnEQQJCSsWfT7wdOetSni3OV0mrNgho,BR0isoSnDlgTmIqukAORkXTz6C9ABpEWp1Yw4Fx6
neo9uYRJVawyUm1nyXvQrJxwVqapvXp6gVg6kwxr,0tSt4SUsOj8fKBL2OwFTAz878S85snjiNnAx7n8z,G97yzpX8HPnbmrVEC0Aoz2si9mlAiCfZmduqw99n,0tSt4SUsOj8fKBL2OwFTAz878S85snjiNnAx7n8z,I9zyEumkNRxIzJ9lhMe24gjeuA05krtaF8GygUHD,0tSt4SUsOj8fKBL2OwFTAz878S85snjiNnAx7n8z
G97yzpX8HPnbmrVEC0Aoz2si9mlAiCfZmduqw99n,hBG5vMBqkXoKVhe5nKFmfjAVyNoGHSr22VXcrkoN,MOx9AM3J6rnEQQJCSsWfT7wdOetSni3OV0mrNgho,hBG5vMBqkXoKVhe5nKFmfjAVyNoGHSr22VXcrkoN,BR0isoSnDlgTmIqukAORkXTz6C9ABpEWp1Yw4Fx6,G97yzpX8HPnbmrVEC0Aoz2si9mlAiCfZmduqw99n
MOx9AM3J6rnEQQJCSsWfT7wdOetSni3OV0mrNgho,G0PLr6xT9E96wJTJXQDNB728J4rHnKFKya5jIcwT,I9zyEumkNRxIzJ9lhMe24gjeuA05krtaF8GygUHD,G0PLr6xT9E96wJTJXQDNB728J4rHnKFKya5jIcwT,0tSt4SUsOj8fKBL2OwFTAz878S85snjiNnAx7n8z,MOx9AM3J6rnEQQJCSsWfT7wdOetSni3OV0mrNgho
I9zyEumkNRxIzJ9lhMe24gjeuA05krtaF8GygUHD,DboXcHUzjiTnEyfVzMA8hgefX2B7suIPftuPWSyq,BR0isoSnDlgTmIqukAORkXTz6C9ABpEWp1Yw4Fx6,G97yzpX8HPnbmrVEC0Aoz2si9mlAiCfZmduqw99n,hBG5vMBqkXoKVhe5nKFmfjAVyNoGHSr22VXcrkoN,I9zyEumkNRxIzJ9lhMe24gjeuA05krtaF8GygUHD
BR0isoSnDlgTmIqukAORkXTz6C9ABpEWp1Yw4Fx6,neo9uYRJVawyUm1nyXvQrJxwVqapvXp6gVg6kwxr,0tSt4SUsOj8fKBL2OwFTAz878S85snjiNnAx7n8z,MOx9AM3J6rnEQQJCSsWfT7wdOetSni3OV0mrNgho,G97yzpX8HPnbmrVEC0Aoz2si9mlAiCfZmduqw99n,BR0isoSnDlgTmIqukAORkXTz6C9ABpEWp1Yw4Fx6
0tSt4SUsOj8fKBL2OwFTAz878S85snjiNnAx7n8z,nOgJEtffp9e3P1qN9pqUrIZB0WQ9VIdptmx5wtia,hBG5vMBqkXoKVhe5nKFmfjAVyNoGHSr22VXcrkoN,I9zyEumkNRxIzJ9lhMe24gjeuA05krtaF8GygUHD,MOx9AM3J6rnEQQJCSsWfT7wdOetSni3OV0mrNgho,0tSt4SUsOj8fKBL2OwFTAz878S85snjiNnAx7n8z
hBG5vMBqkXoKVhe5nKFmfjAVyNoGHSr22VXcrkoN,G97yzpX8HPnbmrVEC0Aoz2si9mlAiCfZmduqw99n,G0PLr6xT9E96wJTJXQDNB728J4rHnKFKya5jIcwT,BR0isoSnDlgTmIqukAORkXTz6C9ABpEWp1Yw4Fx6,I9zyEumkNRxIzJ9lhMe24gjeuA05krtaF8GygUHD,G97yzpX8HPnbmrVEC0Aoz2si9mlAiCfZmduqw99n
G0PLr6xT9E96wJTJXQDNB728J4rHnKFKya5jIcwT,MOx9AM3J6rnEQQJCSsWfT7wdOetSni3OV0mrNgho,DboXcHUzjiTnEyfVzMA8hgefX2B7suIPftuPWSyq,0tSt4SUsOj8fKBL2OwFTAz878S85snjiNnAx7n8z,BR0isoSnDlgTmIqukAORkXTz6C9ABpEWp1Yw4Fx6,MOx9AM3J6rnEQQJCSsWfT7wdOetSni3OV0mrNgho
DboXcHUzjiTnEyfVzMA8hgefX2B7suIPftuPWSyq,I9zyEumkNRxIzJ9lhMe24gjeuA05krtaF8GygUHD,G97yzpX8HPnbmrVEC0Aoz2si9mlAiCfZmduqw99n,hBG5vMBqkXoKVhe5nKFmfjAVyNoGHSr22VXcrkoN,0tSt4SUsOj8fKBL2OwFTAz878S85snjiNnAx7n8z,I9zyEumkNRxIzJ9lhMe24gjeuA05krtaF8GygUHD
neo9uYRJVawyUm1nyXvQrJxwVqapvXp6gVg6kwxr,BR0isoSnDlgTmIqukAORkXTz6C9ABpEWp1Yw4Fx6,MOx9AM3J6rnEQQJCSsWfT7wdOetSni3OV0mrNgho,G0PLr6xT9E96wJTJXQDNB728J4rHnKFKya5jIcwT,hBG5vMBqkXoKVhe5nKFmfjAVyNoGHSr22VXcrkoN,BR0isoSnDlgTmIqukAORkXTz6C9ABpEWp1Yw4Fx6
G97yzpX8HPnbmrVEC0Aoz2si9mlAiCfZmduqw99n,0tSt4SUsOj8fKBL2OwFTAz878S85snjiNnAx7n8z,I9zyEumkNRxIzJ9lhMe24gjeuA05krtaF8GygUHD,G97yzpX8HPnbmrVEC0Aoz2si9mlAiCfZmduqw99n,G97yzpX8HPnbmrVEC0Aoz2si9mlAiCfZmduqw99n,0tSt4SUsOj8fKBL2OwFTAz878S85snjiNnAx7n8z
MOx9AM3J6rnEQQJCSsWfT7wdOetSni3OV0mrNgho,hBG5vMBqkXoKVhe5nKFmfjAVyNoGHSr22VXcrkoN,BR0isoSnDlgTmIqukAORkXTz6C9ABpEWp1Yw4Fx6,MOx9AM3J6rnEQQJCSsWfT7wdOetSni3OV0mrNgho,MOx9AM3J6rnEQQJCSsWfT7wdOetSni3OV0mrNgho,G97yzpX8HPnbmrVEC0Aoz2si9mlAiCfZmduqw99n
I9zyEumkNRxIzJ9lhMe24gjeuA05krtaF8GygUHD,G0PLr6xT9E96wJTJXQDNB728J4rHnKFKya5jIcwT,0tSt4SUsOj8fKBL2OwFTAz878S85snjiNnAx7n8z,I9zyEumkNRxIzJ9lhMe24gjeuA05krtaF8GygUHD,I9zyEumkNRxIzJ9lhMe24gjeuA05krtaF8GygUHD,MOx9AM3J6rnEQQJCSsWfT7wdOetSni3OV0mrNgho
BR0isoSnDlgTmIqukAORkXTz6C9ABpEWp1Yw4Fx6,DboXcHUzjiTnEyfVzMA8hgefX2B7suIPftuPWSyq,hBG5vMBqkXoKVhe5nKFmfjAVyNoGHSr22VXcrkoN,BR0isoSnDlgTmIqukAORkXTz6C9ABpEWp1Yw4Fx6,BR0isoSnDlgTmIqukAORkXTz6C9ABpEWp1Yw4Fx6,I9zyEumkNRxIzJ9lhMe24gjeuA05krtaF8GygUHD
0tSt4SUsOj8fKBL2OwFTAz878S85snjiNnAx7n8z,neo9uYRJVawyUm1nyXvQrJxwVqapvXp6gVg6kwxr,G0PLr6xT9E96wJTJXQDNB728J4rHnKFKya5jIcwT,0tSt4SUsOj8fKBL2OwFTAz878S85snjiNnAx7n8z,0tSt4SUsOj8fKBL2OwFTAz878S85snjiNnAx7n8z,BR0isoSnDlgTmIqukAORkXTz6C9ABpEWp1Yw4Fx6
hBG5vMBqkXoKVhe5nKFmfjAVyNoGHSr22VXcrkoN,nOgJEtffp9e3P1qN9pqUrIZB0WQ9VIdptmx5wtia,DboXcHUzjiTnEyfVzMA8hgefX2B7suIPftuPWSyq,hBG5vMBqkXoKVhe5nKFmfjAVyNoGHSr22VXcrkoN,hBG5vMBqkXoKVhe5nKFmfjAVyNoGHSr22VXcrkoN,0tSt4SUsOj8fKBL2OwFTAz878S85snjiNnAx7n8z
G0PLr6xT9E96wJTJXQDNB728J4rHnKFKya5jIcwT,G97yzpX8HPnbmrVEC0Aoz2si9mlAiCfZmduqw99n,G97yzpX8HPnbmrVEC0Aoz2si9mlAiCfZmduqw99n,G0PLr6xT9E96wJTJXQDNB728J4rHnKFKya5jIcwT,G97yzpX8HPnbmrVEC0Aoz2si9mlAiCfZmduqw99n,G97yzpX8HPnbmrVEC0Aoz2si9mlAiCfZmduqw99n
DboXcHUzjiTnEyfVzMA8hgefX2B7suIPftuPWSyq,MOx9AM3J6rnEQQJCSsWfT7wdOetSni3OV0mrNgho,MOx9AM3J6rnEQQJCSsWfT7wdOetSni3OV0mrNgho,G97yzpX8HPnbmrVEC0Aoz2si9mlAiCfZmduqw99n,MOx9AM3J6rnEQQJCSsWfT7wdOetSni3OV0mrNgho,MOx9AM3J6rnEQQJCSsWfT7wdOetSni3OV0mrNgho
neo9uYRJVawyUm1nyXvQrJxwVqapvXp6gVg6kwxr,I9zyEumkNRxIzJ9lhMe24gjeuA05krtaF8GygUHD,I9zyEumkNRxIzJ9lhMe24gjeuA05krtaF8GygUHD,MOx9AM3J6rnEQQJCSsWfT7wdOetSni3OV0mrNgho,I9zyEumkNRxIzJ9lhMe24gjeuA05krtaF8GygUHD,I9zyEumkNRxIzJ9lhMe24gjeuA05krtaF8GygUHD
G97yzpX8HPnbmrVEC0Aoz2si9mlAiCfZmduqw99n,BR0isoSnDlgTmIqukAORkXTz6C9ABpEWp1Yw4Fx6,BR0isoSnDlgTmIqukAORkXTz6C9ABpEWp1Yw4Fx6,I9zyEumkNRxIzJ9lhMe24gjeuA05krtaF8GygUHD,BR0isoSnDlgTmIqukAORkXTz6C9ABpEWp1Yw4Fx6,BR0isoSnDlgTmIqukAORkXTz6C9ABpEWp1Yw4Fx6
MOx9AM3J6rnEQQJCSsWfT7wdOetSni3OV0mrNgho,0tSt4SUsOj8fKBL2OwFTAz878S85snjiNnAx7n8z,0tSt4SUsOj8fKBL2OwFTAz878S85snjiNnAx7n8z,BR0isoSnDlgTmIqukAORkXTz6C9ABpEWp1Yw4Fx6,0tSt4SUsOj8fKBL2OwFTAz878S85snjiNnAx7n8z,0tSt4SUsOj8fKBL2OwFTAz878S85snjiNnAx7n8z
I9zyEumkNRxIzJ9lhMe24gjeuA05krtaF8GygUHD,hBG5vMBqkXoKVhe5nKFmfjAVyNoGHSr22VXcrkoN,hBG5vMBqkXoKVhe5nKFmfjAVyNoGHSr22VXcrkoN,0tSt4SUsOj8fKBL2OwFTAz878S85snjiNnAx7n8z,hBG5vMBqkXoKVhe5nKFmfjAVyNoGHSr22VXcrkoN,G97yzpX8HPnbmrVEC0Aoz2si9mlAiCfZmduqw99n
BR0isoSnDlgTmIqukAORkXTz6C9ABpEWp1Yw4Fx6,G0PLr6xT9E96wJTJXQDNB728J4rHnKFKya5jIcwT,G0PLr6xT9E96wJTJXQDNB728J4rHnKFKya5jIcwT,hBG5vMBqkXoKVhe5nKFmfjAVyNoGHSr22VXcrkoN,G97yzpX8HPnbmrVEC0Aoz2si9mlAiCfZmduqw99n,MOx9AM3J6rnEQQJCSsWfT7wdOetSni3OV0mrNgho
0tSt4SUsOj8fKBL2OwFTAz878S85snjiNnAx7n8z,DboXcHUzjiTnEyfVzMA8hgefX2B7suIPftuPWSyq,DboXcHUzjiTnEyfVzMA8hgefX2B7suIPftuPWSyq,G0PLr6xT9E96wJTJXQDNB728J4rHnKFKya5jIcwT,MOx9AM3J6rnEQQJCSsWfT7wdOetSni3OV0mrNgho,I9zyEumkNRxIzJ9lhMe24gjeuA05krtaF8GygUHD
hBG5vMBqkXoKVhe5nKFmfjAVyNoGHSr22VXcrkoN,neo9uYRJVawyUm1nyXvQrJxwVqapvXp6gVg6kwxr,G97yzpX8HPnbmrVEC0Aoz2si9mlAiCfZmduqw99n,G97yzpX8HPnbmrVEC0Aoz2si9mlAiCfZmduqw99n,I9zyEumkNRxIzJ9lhMe24gjeuA05krtaF8GygUHD,BR0isoSnDlgTmIqukAORkXTz6C9ABpEWp1Yw4Fx6
G0PLr6xT9E96wJTJXQDNB728J4rHnKFKya5jIcwT,nOgJEtffp9e3P1qN9pqUrIZB0WQ9VIdptmx5wtia,MOx9AM3J6rnEQQJCSsWfT7wdOetSni3OV0mrNgho,MOx9AM3J6rnEQQJCSsWfT7wdOetSni3OV0mrNgho,BR0isoSnDlgTmIqukAORkXTz6C9ABpEWp1Yw4Fx6,0tSt4SUsOj8fKBL2OwFTAz878S85snjiNnAx7n8z
DboXcHUzjiTnEyfVzMA8hgefX2B7suIPftuPWSyq,G97yzpX8HPnbmrVEC0Aoz2si9mlAiCfZmduqw99n,I9zyEumkNRxIzJ9lhMe24gjeuA05krtaF8GygUHD,I9zyEumkNRxIzJ9lhMe24gjeuA05krtaF8GygUHD,0tSt4SUsOj8fKBL2OwFTAz878S85snjiNnAx7n8z,G97yzpX8HPnbmrVEC0Aoz2si9mlAiCfZmduqw99n
neo9uYRJVawyUm1nyXvQrJxwVqapvXp6gVg6kwxr,MOx9AM3J6rnEQQJCSsWfT7wdOetSni3OV0mrNgho,BR0isoSnDlgTmIqukAORkXTz6C9ABpEWp1Yw4Fx6,BR0isoSnDlgTmIqukAORkXTz6C9ABpEWp1Yw4Fx6,hBG5vMBqkXoKVhe5nKFmfjAVyNoGHSr22VXcrkoN,MOx9AM3J6rnEQQJCSsWfT7wdOetSni3OV0mrNgho
G97yzpX8HPnbmrVEC0Aoz2si9mlAiCfZmduqw99n,I9zyEumkNRxIzJ9lhMe24gjeuA05krtaF8GygUHD,0tSt4SUsOj8fKBL2OwFTAz878S85snjiNnAx7n8z,0tSt4SUsOj8fKBL2OwFTAz878S85snjiNnAx7n8z,G97yzpX8HPnbmrVEC0Aoz2si9mlAiCfZmduqw99n,I9zyEumkNRxIzJ9lhMe24gjeuA05krtaF8GygUHD
MOx9AM3J6rnEQQJCSsWfT7wdOetSni3OV0mrNgho,BR0isoSnDlgTmIqukAORkXTz6C9ABpEWp1Yw4Fx6,hBG5vMBqkXoKVhe5nKFmfjAVyNoGHSr22VXcrkoN,hBG5vMBqkXoKVhe5nKFmfjAVyNoGHSr22VXcrkoN,MOx9AM3J6rnEQQJCSsWfT7wdOetSni3OV0mrNgho,BR0isoSnDlgTmIqukAORkXTz6C9ABpEWp1Yw4Fx6
I9zyEumkNRxIzJ9lhMe24gjeuA05krtaF8GygUHD,0tSt4SUsOj8fKBL2OwFTAz878S85snjiNnAx7n8z,G0PLr6xT9E96wJTJXQDNB728J4rHnKFKya5jIcwT,G0PLr6xT9E96wJTJXQDNB728J4rHnKFKya5jIcwT,I9zyEumkNRxIzJ9lhMe24gjeuA05krtaF8GygUHD,0tSt4SUsOj8fKBL2OwFTAz878S85snjiNnAx7n8z
BR0isoSnDlgTmIqukAORkXTz6C9ABpEWp1Yw4Fx6,hBG5vMBqkXoKVhe5nKFmfjAVyNoGHSr22VXcrkoN,DboXcHUzjiTnEyfVzMA8hgefX2B7suIPftuPWSyq,G97yzpX8HPnbmrVEC0Aoz2si9mlAiCfZmduqw99n,BR0isoSnDlgTmIqukAORkXTz6C9ABpEWp1Yw4Fx6,G97yzpX8HPnbmrVEC0Aoz2si9mlAiCfZmduqw99n
0tSt4SUsOj8fKBL2OwFTAz878S85snjiNnAx7n8z,G0PLr6xT9E96wJTJXQDNB728J4rHnKFKya5jIcwT,G97yzpX8HPnbmrVEC0Aoz2si9mlAiCfZmduqw99n,MOx9AM3J6rnEQQJCSsWfT7wdOetSni3OV0mrNgho,0tSt4SUsOj8fKBL2OwFTAz878S85snjiNnAx7n8z,MOx9AM3J6rnEQQJCSsWfT7wdOetSni3OV0mrNgho
hBG5vMBqkXoKVhe5nKFmfjAVyNoGHSr22VXcrkoN,DboXcHUzjiTnEyfVzMA8hgefX2B7suIPftuPWSyq,MOx9AM3J6rnEQQJCSsWfT7wdOetSni3OV0mrNgho,I9zyEumkNRxIzJ9lhMe24gjeuA05krtaF8GygUHD,hBG5vMBqkXoKVhe5nKFmfjAVyNoGHSr22VXcrkoN,I9zyEumkNRxIzJ9lhMe24gjeuA05krtaF8GygUHD
G0PLr6xT9E96wJTJXQDNB728J4rHnKFKya5jIcwT,neo9uYRJVawyUm1nyXvQrJxwVqapvXp6gVg6kwxr,I9zyEumkNRxIzJ9lhMe24gjeuA05krtaF8GygUHD,BR0isoSnDlgTmIqukAORkXTz6C9ABpEWp1Yw4Fx6,G97yzpX8HPnbmrVEC0Aoz2si9mlAiCfZmduqw99n,BR0isoSnDlgTmIqukAORkXTz6C9ABpEWp1Yw4Fx6
DboXcHUzjiTnEyfVzMA8hgefX2B7suIPftuPWSyq,nOgJEtffp9e3P1qN9pqUrIZB0WQ9VIdptmx5wtia,BR0isoSnDlgTmIqukAORkXTz6C9ABpEWp1Yw4Fx6,0tSt4SUsOj8fKBL2OwFTAz878S85snjiNnAx7n8z,MOx9AM3J6rnEQQJCSsWfT7wdOetSni3OV0mrNgho,0tSt4SUsOj8fKBL2OwFTAz878S85snjiNnAx7n8z
neo9uYRJVawyUm1nyXvQrJxwVqapvXp6gVg6kwxr,G97yzpX8HPnbmrVEC0Aoz2si9mlAiCfZmduqw99n,0tSt4SUsOj8fKBL2OwFTAz878S85snjiNnAx7n8z,hBG5vMBqkXoKVhe5nKFmfjAVyNoGHSr22VXcrkoN,I9zyEumkNRxIzJ9lhMe24gjeuA05krtaF8GygUHD,G97yzpX8HPnbmrVEC0Aoz2si9mlAiCfZmduqw99n
G97yzpX8HPnbmrVEC0Aoz2si9mlAiCfZmduqw99n,MOx9AM3J6rnEQQJCSsWfT7wdOetSni3OV0mrNgho,hBG5vMBqkXoKVhe5nKFmfjAVyNoGHSr22VXcrkoN,G0PLr6xT9E96wJTJXQDNB728J4rHnKFKya5jIcwT,BR0isoSnDlgTmIqukAORkXTz6C9ABpEWp1Yw4Fx6,MOx9AM3J6rnEQQJCSsWfT7wdOetSni3OV0mrNgho
MOx9AM3J6rnEQQJCSsWfT7wdOetSni3OV0mrNgho,I9zyEumkNRxIzJ9lhMe24gjeuA05krtaF8GygUHD,G0PLr6xT9E96wJTJXQDNB728J4rHnKFKya5jIcwT,G97yzpX8HPnbmrVEC0Aoz2si9mlAiCfZmduqw99n,0tSt4SUsOj8fKBL2OwFTAz878S85snjiNnAx7n8z,I9zyEumkNRxIzJ9lhMe24gjeuA05krtaF8GygUHD
I9zyEumkNRxIzJ9lhMe24gjeuA05krtaF8GygUHD,BR0isoSnDlgTmIqukAORkXTz6C9ABpEWp1Yw4Fx6,DboXcHUzjiTnEyfVzMA8hgefX2B7suIPftuPWSyq,MOx9AM3J6rnEQQJCSsWfT7wdOetSni3OV0mrNgho,hBG5vMBqkXoKVhe5nKFmfjAVyNoGHSr22VXcrkoN,BR0isoSnDlgTmIqukAORkXTz6C9ABpEWp1Yw4Fx6
BR0isoSnDlgTmIqukAORkXTz6C9ABpEWp1Yw4Fx6,0tSt4SUsOj8fKBL2OwFTAz878S85snjiNnAx7n8z,G97yzpX8HPnbmrVEC0Aoz2si9mlAiCfZmduqw99n,I9zyEumkNRxIzJ9lhMe24gjeuA05krtaF8GygUHD,G97yzpX8HPnbmrVEC0Aoz2si9mlAiCfZmduqw99n,0tSt4SUsOj8fKBL2OwFTAz878S85snjiNnAx7n8z
0tSt4SUsOj8fKBL2OwFTAz878S85snjiNnAx7n8z,hBG5vMBqkXoKVhe5nKFmfjAVyNoGHSr22VXcrkoN,MOx9AM3J6rnEQQJCSsWfT7wdOetSni3OV0mrNgho,BR0isoSnDlgTmIqukAORkXTz6C9ABpEWp1Yw4Fx6,MOx9AM3J6rnEQQJCSsWfT7wdOetSni3OV0mrNgho,G97yzpX8HPnbmrVEC0Aoz2si9mlAiCfZmduqw99n
hBG5vMBqkXoKVhe5nKFmfjAVyNoGHSr22VXcrkoN,G0PLr6xT9E96wJTJXQDNB728J4rHnKFKya5jIcwT,I9zyEumkNRxIzJ9lhMe24gjeuA05krtaF8GygUHD,0tSt4SUsOj8fKBL2OwFTAz878S85snjiNnAx7n8z,I9zyEumkNRxIzJ9lhMe24gjeuA05krtaF8GygUHD,MOx9AM3J6rnEQQJCSsWfT7wdOetSni3OV0mrNgho
G0PLr6xT9E96wJTJXQDNB728J4rHnKFKya5jIcwT,DboXcHUzjiTnEyfVzMA8hgefX2B7suIPftuPWSyq,BR0isoSnDlgTmIqukAORkXTz6C9ABpEWp1Yw4Fx6,hBG5vMBqkXoKVhe5nKFmfjAVyNoGHSr22VXcrkoN,BR0isoSnDlgTmIqukAORkXTz6C9ABpEWp1Yw4Fx6,I9zyEumkNRxIzJ9lhMe24gjeuA05krtaF8GygUHD
DboXcHUzjiTnEyfVzMA8hgefX2B7suIPftuPWSyq,neo9uYRJVawyUm1nyXvQrJxwVqapvXp6gVg6kwxr,0tSt4SUsOj8fKBL2OwFTAz878S85snjiNnAx7n8z,G0PLr6xT9E96wJTJXQDNB728J4rHnKFKya5jIcwT,0tSt4SUsOj8fKBL2OwFTAz878S85snjiNnAx7n8z,BR0isoSnDlgTmIqukAORkXTz6C9ABpEWp1Yw4Fx6
neo9uYRJVawyUm1nyXvQrJxwVqapvXp6gVg6kwxr,nOgJEtffp9e3P1qN9pqUrIZB0WQ9VIdptmx5wtia,hBG5vMBqkXoKVhe5nKFmfjAVyNoGHSr22VXcrkoN,G97yzpX8HPnbmrVEC0Aoz2si9mlAiCfZmduqw99n,hBG5vMBqkXoKVhe5nKFmfjAVyNoGHSr22VXcrkoN,0tSt4SUsOj8fKBL2OwFTAz878S85snjiNnAx7n8z
G97yzpX8HPnbmrVEC0Aoz2si9mlAiCfZmduqw99n,G97yzpX8HPnbmrVEC0Aoz2si9mlAiCfZmduqw99n,G0PLr6xT9E96wJTJXQDNB728J4rHnKFKya5jIcwT,MOx9AM3J6rnEQQJCSsWfT7wdOetSni3OV0mrNgho,G97yzpX8HPnbmrVEC0Aoz2si9mlAiCfZmduqw99n,G97yzpX8HPnbmrVEC0Aoz2si9mlAiCfZmduqw99n
MOx9AM3J6rnEQQJCSsWfT7wdOetSni3OV0mrNgho,MOx9AM3J6rnEQQJCSsWfT7wdOetSni3OV0mrNgho,DboXcHUzjiTnEyfVzMA8hgefX2B7suIPftuPWSyq,I9zyEumkNRxIzJ9lhMe24gjeuA05krtaF8GygUHD,MOx9AM3J6rnEQQJCSsWfT7wdOetSni3OV0mrNgho,MOx9AM3J6rnEQQJCSsWfT7wdOetSni3OV0mrNgho
I9zyEumkNRxIzJ9lhMe24gjeuA05krtaF8GygUHD,I9zyEumkNRxIzJ9lhMe24gjeuA05krtaF8GygUHD,G97yzpX8HPnbmrVEC0Aoz2si9mlAiCfZmduqw99n,BR0isoSnDlgTmIqukAORkXTz6C9ABpEWp1Yw4Fx6,I9zyEumkNRxIzJ9lhMe24gjeuA05krtaF8GygUHD,I9zyEumkNRxIzJ9lhMe24gjeuA05krtaF8GygUHD
BR0isoSnDlgTmIqukAORkXTz6C9ABpEWp1Yw4Fx6,BR0isoSnDlgTmIqukAORkXTz6C9ABpEWp1Yw4Fx6,MOx9AM3J6rnEQQJCSsWfT7wdOetSni3OV0mrNgho,0tSt4SUsOj8fKBL2OwFTAz878S85snjiNnAx7n8z,BR0isoSnDlgTmIqukAORkXTz6C9ABpEWp1Yw4Fx6,BR0isoSnDlgTmIqukAORkXTz6C9ABpEWp1Yw4Fx6
0tSt4SUsOj8fKBL2OwFTAz878S85snjiNnAx7n8z,0tSt4SUsOj8fKBL2OwFTAz878S85snjiNnAx7n8z,I9zyEumkNRxIzJ9lhMe24gjeuA05krtaF8GygUHD,hBG5vMBqkXoKVhe5nKFmfjAVyNoGHSr22VXcrkoN,0tSt4SUsOj8fKBL2OwFTAz878S85snjiNnAx7n8z,0tSt4SUsOj8fKBL2OwFTAz878S85snjiNnAx7n8z
hBG5vMBqkXoKVhe5nKFmfjAVyNoGHSr22VXcrkoN,hBG5vMBqkXoKVhe5nKFmfjAVyNoGHSr22VXcrkoN,BR0isoSnDlgTmIqukAORkXTz6C9ABpEWp1Yw4Fx6,G0PLr6xT9E96wJTJXQDNB728J4rHnKFKya5jIcwT,hBG5vMBqkXoKVhe5nKFmfjAVyNoGHSr22VXcrkoN,G97yzpX8HPnbmrVEC0Aoz2si9mlAiCfZmduqw99n
G0PLr6xT9E96wJTJXQDNB728J4rHnKFKya5jIcwT,G0PLr6xT9E96wJTJXQDNB728J4rHnKFKya5jIcwT,0tSt4SUsOj8fKBL2OwFTAz878S85snjiNnAx7n8z,G97yzpX8HPnbmrVEC0Aoz2si9mlAiCfZmduqw99n,G97yzpX8HPnbmrVEC0Aoz2si9mlAiCfZmduqw99n,MOx9AM3J6rnEQQJCSsWfT7wdOetSni3OV0mrNgho
DboXcHUzjiTnEyfVzMA8hgefX2B7suIPftuPWSyq,DboXcHUzjiTnEyfVzMA8hgefX2B7suIPftuPWSyq,hBG5vMBqkXoKVhe5nKFmfjAVyNoGHSr22VXcrkoN,MOx9AM3J6rnEQQJCSsWfT7wdOetSni3OV0mrNgho,MOx9AM3J6rnEQQJCSsWfT7wdOetSni3OV0mrNgho,I9zyEumkNRxIzJ9lhMe24gjeuA05krtaF8GygUHD
neo9uYRJVawyUm1nyXvQrJxwVqapvXp6gVg6kwxr,neo9uYRJVawyUm1nyXvQrJxwVqapvXp6gVg6kwxr,G0PLr6xT9E96wJTJXQDNB728J4rHnKFKya5jIcwT,I9zyEumkNRxIzJ9lhMe24gjeuA05krtaF8GygUHD,I9zyEumkNRxIzJ9lhMe24gjeuA05krtaF8GygUHD,BR0isoSnDlgTmIqukAORkXTz6C9ABpEWp1Yw4Fx6
G97yzpX8HPnbmrVEC0Aoz2si9mlAiCfZmduqw99n,nOgJEtffp9e3P1qN9pqUrIZB0WQ9VIdptmx5wtia,DboXcHUzjiTnEyfVzMA8hgefX2B7suIPftuPWSyq,BR0isoSnDlgTmIqukAORkXTz6C9ABpEWp1Yw4Fx6,BR0isoSnDlgTmIqukAORkXTz6C9ABpEWp1Yw4Fx6,0tSt4SUsOj8fKBL2OwFTAz878S85snjiNnAx7n8z
MOx9AM3J6rnEQQJCSsWfT7wdOetSni3OV0mrNgho,G97yzpX8HPnbmrVEC0Aoz2si9mlAiCfZmduqw99n,G97yzpX8HPnbmrVEC0Aoz2si9mlAiCfZmduqw99n,0tSt4SUsOj8fKBL2OwFTAz878S85snjiNnAx7n8z,0tSt4SUsOj8fKBL2OwFTAz878S85snjiNnAx7n8z,G97yzpX8HPnbmrVEC0Aoz2si9mlAiCfZmduqw99n
I9zyEumkNRxIzJ9lhMe24gjeuA05krtaF8GygUHD,MOx9AM3J6rnEQQJCSsWfT7wdOetSni3OV0mrNgho,MOx9AM3J6rnEQQJCSsWfT7wdOetSni3OV0mrNgho,hBG5vMBqkXoKVhe5nKFmfjAVyNoGHSr22VXcrkoN,hBG5vMBqkXoKVhe5nKFmfjAVyNoGHSr22VXcrkoN,MOx9AM3J6rnEQQJCSsWfT7wdOetSni3OV0mrNgho
BR0isoSnDlgTmIqukAORkXTz6C9ABpEWp1Yw4Fx6,I9zyEumkNRxIzJ9lhMe24gjeuA05krtaF8GygUHD,I9zyEumkNRxIzJ9lhMe24gjeuA05krtaF8GygUHD,G0PLr6xT9E96wJTJXQDNB728J4rHnKFKya5jIcwT,G97yzpX8HPnbmrVEC0Aoz2si9mlAiCfZmduqw99n,I9zyEumkNRxIzJ9lhMe24gjeuA05krtaF8GygUHD
0tSt4SUsOj8fKBL2OwFTAz878S85snjiNnAx7n8z,BR0isoSnDlgTmIqukAORkXTz6C9ABpEWp1Yw4Fx6,BR0isoSnDlgTmIqukAORkXTz6C9ABpEWp1Yw4Fx6,G97yzpX8HPnbmrVEC0Aoz2si9mlAiCfZmduqw99n,MOx9AM3J6rnEQQJCSsWfT7wdOetSni3OV0mrNgho,BR0isoSnDlgTmIqukAORkXTz6C9ABpEWp1Yw4Fx6
hBG5vMBqkXoKVhe5nKFmfjAVyNoGHSr22VXcrkoN,0tSt4SUsOj8fKBL2OwFTAz878S85snjiNnAx7n8z,0tSt4SUsOj8fKBL2OwFTAz878S85snjiNnAx7n8z,MOx9AM3J6rnEQQJCSsWfT7wdOetSni3OV0mrNgho,I9zyEumkNRxIzJ9lhMe24gjeuA05krtaF8GygUHD,0tSt4SUsOj8fKBL2OwFTAz878S85snjiNnAx7n8z
G0PLr6xT9E96wJTJXQDNB728J4rHnKFKya5jIcwT,hBG5vMBqkXoKVhe5nKFmfjAVyNoGHSr22VXcrkoN,hBG5vMBqkXoKVhe5nKFmfjAVyNoGHSr22VXcrkoN,I9zyEumkNRxIzJ9lhMe24gjeuA05krtaF8GygUHD,BR0isoSnDlgTmIqukAORkXTz6C9ABpEWp1Yw4Fx6,G97yzpX8HPnbmrVEC0Aoz2si9mlAiCfZmduqw99n
DboXcHUzjiTnEyfVzMA8hgefX2B7suIPftuPWSyq,G0PLr6xT9E96wJTJXQDNB728J4rHnKFKya5jIcwT,G0PLr6xT9E96wJTJXQDNB728J4rHnKFKya5jIcwT,BR0isoSnDlgTmIqukAORkXTz6C9ABpEWp1Yw4Fx6,0tSt4SUsOj8fKBL2OwFTAz878S85snjiNnAx7n8z,MOx9AM3J6rnEQQJCSsWfT7wdOetSni3OV0mrNgho
neo9uYRJVawyUm1nyXvQrJxwVqapvXp6gVg6kwxr,DboXcHUzjiTnEyfVzMA8hgefX2B7suIPftuPWSyq,DboXcHUzjiTnEyfVzMA8hgefX2B7suIPftuPWSyq,0tSt4SUsOj8fKBL2OwFTAz878S85snjiNnAx7n8z,hBG5vMBqkXoKVhe5nKFmfjAVyNoGHSr22VXcrkoN,I9zyEumkNRxIzJ9lhMe24gjeuA05krtaF8GygUHD
G97yzpX8HPnbmrVEC0Aoz2si9mlAiCfZmduqw99n,neo9uYRJVawyUm1nyXvQrJxwVqapvXp6gVg6kwxr,G97yzpX8HPnbmrVEC0Aoz2si9mlAiCfZmduqw99n,hBG5vMBqkXoKVhe5nKFmfjAVyNoGHSr22VXcrkoN,G97yzpX8HPnbmrVEC0Aoz2si9mlAiCfZmduqw99n,BR0isoSnDlgTmIqukAORkXTz6C9ABpEWp1Yw4Fx6
MOx9AM3J6rnEQQJCSsWfT7wdOetSni3OV0mrNgho,nOgJEtffp9e3P1qN9pqUrIZB0WQ9VIdptmx5wtia,MOx9AM3J6rnEQQJCSsWfT7wdOetSni3OV0mrNgho,G0PLr6xT9E96wJTJXQDNB728J4rHnKFKya5jIcwT,MOx9AM3J6rnEQQJCSsWfT7wdOetSni3OV0mrNgho,0tSt4SUsOj8fKBL2OwFTAz878S85snjiNnAx7n8z
I9zyEumkNRxIzJ9lhMe24gjeuA05krtaF8GygUHD,G97yzpX8HPnbmrVEC0Aoz2si9mlAiCfZmduqw99n,I9zyEumkNRxIzJ9lhMe24gjeuA05krtaF8GygUHD,G97yzpX8HPnbmrVEC0Aoz2si9mlAiCfZmduqw99n,I9zyEumkNRxIzJ9lhMe24gjeuA05krtaF8GygUHD,G97yzpX8HPnbmrVEC0Aoz2si9mlAiCfZmduqw99n
BR0isoSnDlgTmIqukAORkXTz6C9ABpEWp1Yw4Fx6,MOx9AM3J6rnEQQJCSsWfT7wdOetSni3OV0mrNgho,BR0isoSnDlgTmIqukAORkXTz6C9ABpEWp1Yw4Fx6,MOx9AM3J6rnEQQJCSsWfT7wdOetSni3OV0mrNgho,BR0isoSnDlgTmIqukAORkXTz6C9ABpEWp1Yw4Fx6,MOx9AM3J6rnEQQJCSsWfT7wdOetSni3OV0mrNgho
0tSt4SUsOj8fKBL2OwFTAz878S85snjiNnAx7n8z,I9zyEumkNRxIzJ9lhMe24gjeuA05krtaF8GygUHD,0tSt4SUsOj8fKBL2OwFTAz878S85snjiNnAx7n8z,I9zyEumkNRxIzJ9lhMe24gjeuA05krtaF8GygUHD,0tSt4SUsOj8fKBL2OwFTAz878S85snjiNnAx7n8z,I9zyEumkNRxIzJ9lhMe24gjeuA05krtaF8GygUHD
hBG5vMBqkXoKVhe5nKFmfjAVyNoGHSr22VXcrkoN,BR0isoSnDlgTmIqukAORkXTz6C9ABpEWp1Yw4Fx6,hBG5vMBqkXoKVhe5nKFmfjAVyNoGHSr22VXcrkoN,BR0isoSnDlgTmIqukAORkXTz6C9ABpEWp1Yw4Fx6,hBG5vMBqkXoKVhe5nKFmfjAVyNoGHSr22VXcrkoN,BR0isoSnDlgTmIqukAORkXTz6C9ABpEWp1Yw4Fx6
G0PLr6xT9E96wJTJXQDNB728J4rHnKFKya5jIcwT,0tSt4SUsOj8fKBL2OwFTAz878S85snjiNnAx7n8z,G0PLr6xT9E96wJTJXQDNB728J4rHnKFKya5jIcwT,0tSt4SUsOj8fKBL2OwFTAz878S85snjiNnAx7n8z,G97yzpX8HPnbmrVEC0Aoz2si9mlAiCfZmduqw99n,0tSt4SUsOj8fKBL2OwFTAz878S85snjiNnAx7n8z
DboXcHUzjiTnEyfVzMA8hgefX2B7suIPftuPWSyq,hBG5vMBqkXoKVhe5nKFmfjAVyNoGHSr22VXcrkoN,DboXcHUzjiTnEyfVzMA8hgefX2B7suIPftuPWSyq,hBG5vMBqkXoKVhe5nKFmfjAVyNoGHSr22VXcrkoN,MOx9AM3J6rnEQQJCSsWfT7wdOetSni3OV0mrNgho,G97yzpX8HPnbmrVEC0Aoz2si9mlAiCfZmduqw99n
neo9uYRJVawyUm1nyXvQrJxwVqapvXp6gVg6kwxr,G0PLr6xT9E96wJTJXQDNB728J4rHnKFKya5jIcwT,G97yzpX8HPnbmrVEC0Aoz2si9mlAiCfZmduqw99n,G0PLr6xT9E96wJTJXQDNB728J4rHnKFKya5jIcwT,I9zyEumkNRxIzJ9lhMe24gjeuA05krtaF8GygUHD,MOx9AM3J6rnEQQJCSsWfT7wdOetSni3OV0mrNgho
G97yzpX8HPnbmrVEC0Aoz2si9mlAiCfZmduqw99n,DboXcHUzjiTnEyfVzMA8hgefX2B7suIPftuPWSyq,MOx9AM3J6rnEQQJCSsWfT7wdOetSni3OV0mrNgho,G97yzpX8HPnbmrVEC0Aoz2si9mlAiCfZmduqw99n,BR0isoSnDlgTmIqukAORkXTz6C9ABpEWp1Yw4Fx6,I9zyEumkNRxIzJ9lhMe24gjeuA05krtaF8GygUHD
MOx9AM3J6rnEQQJCSsWfT7wdOetSni3OV0mrNgho,neo9uYRJVawyUm1nyXvQrJxwVqapvXp6gVg6kwxr,I9zyEumkNRxIzJ9lhMe24gjeuA05krtaF8GygUHD,MOx9AM3J6rnEQQJCSsWfT7wdOetSni3OV0mrNgho,0tSt4SUsOj8fKBL2OwFTAz878S85snjiNnAx7n8z,BR0isoSnDlgTmIqukAORkXTz6C9ABpEWp1Yw4Fx6
I9zyEumkNRxIzJ9lhMe24gjeuA05krtaF8GygUHD,nOgJEtffp9e3P1qN9pqUrIZB0WQ9VIdptmx5wtia,BR0isoSnDlgTmIqukAORkXTz6C9ABpEWp1Yw4Fx6,I9zyEumkNRxIzJ9lhMe24gjeuA05krtaF8GygUHD,hBG5vMBqkXoKVhe5nKFmfjAVyNoGHSr22VXcrkoN,0tSt4SUsOj8fKBL2OwFTAz878S85snjiNnAx7n8z
BR0isoSnDlgTmIqukAORkXTz6C9ABpEWp1Yw4Fx6,G97yzpX8HPnbmrVEC0Aoz2si9mlAiCfZmduqw99n,0tSt4SUsOj8fKBL2OwFTAz878S85snjiNnAx7n8z,BR0isoSnDlgTmIqukAORkXTz6C9ABpEWp1Yw4Fx6,G97yzpX8HPnbmrVEC0Aoz2si9mlAiCfZmduqw99n,G97yzpX8HPnbmrVEC0Aoz2si9mlAiCfZmduqw99n
0tSt4SUsOj8fKBL2OwFTAz878S85snjiNnAx7n8z,MOx9AM3J6rnEQQJCSsWfT7wdOetSni3OV0mrNgho,hBG5vMBqkXoKVhe5nKFmfjAVyNoGHSr22VXcrkoN,0tSt4SUsOj8fKBL2OwFTAz878S85snjiNnAx7n8z,MOx9AM3J6rnEQQJCSsWfT7wdOetSni3OV0mrNgho,MOx9AM3J6rnEQQJCSsWfT7wdOetSni3OV0mrNgho
hBG5vMBqkXoKVhe5nKFmfjAVyNoGHSr22VXcrkoN,I9zyEumkNRxIzJ9lhMe24gjeuA05krtaF8GygUHD,G0PLr6xT9E96wJTJXQDNB728J4rHnKFKya5jIcwT,hBG5vMBqkXoKVhe5nKFmfjAVyNoGHSr22VXcrkoN,I9zyEumkNRxIzJ9lhMe24gjeuA05krtaF8GygUHD,I9zyEumkNRxIzJ9lhMe24gjeuA05krtaF8GygUHD
G0PLr6xT9E96wJTJXQDNB728J4rHnKFKya5jIcwT,BR0isoSnDlgTmIqukAORkXTz6C9ABpEWp1Yw4Fx6,DboXcHUzjiTnEyfVzMA8hgefX2B7suIPftuPWSyq,G0PLr6xT9E96wJTJXQDNB728J4rHnKFKya5jIcwT,BR0isoSnDlgTmIqukAORkXTz6C9ABpEWp1Yw4Fx6,BR0isoSnDlgTmIqukAORkXTz6C9ABpEWp1Yw4Fx6
DboXcHUzjiTnEyfVzMA8hgefX2B7suIPftuPWSyq,0tSt4SUsOj8fKBL2OwFTAz878S85snjiNnAx7n8z,G97yzpX8HPnbmrVEC0Aoz2si9mlAiCfZmduqw99n,G97yzpX8HPnbmrVEC0Aoz2si9mlAiCfZmduqw99n,0tSt4SUsOj8fKBL2OwFTAz878S85snjiNnAx7n8z,0tSt4SUsOj8fKBL2OwFTAz878S85snjiNnAx7n8z
neo9uYRJVawyUm1nyXvQrJxwVqapvXp6gVg6kwxr,hBG5vMBqkXoKVhe5nKFmfjAVyNoGHSr22VXcrkoN,MOx9AM3J6rnEQQJCSsWfT7wdOetSni3OV0mrNgho,MOx9AM3J6rnEQQJCSsWfT7wdOetSni3OV0mrNgho,hBG5vMBqkXoKVhe5nKFmfjAVyNoGHSr22VXcrkoN,G97yzpX8HPnbmrVEC0Aoz2si9mlAiCfZmduqw99n
G97yzpX8HPnbmrVEC0Aoz2si9mlAiCfZmduqw99n,G0PLr6xT9E96wJTJXQDNB728J4rHnKFKya5jIcwT,I9zyEumkNRxIzJ9lhMe24gjeuA05krtaF8GygUHD,I9zyEumkNRxIzJ9lhMe24gjeuA05krtaF8GygUHD,G97yzpX8HPnbmrVEC0Aoz2si9mlAiCfZmduqw99n,MOx9AM3J6rnEQQJCSsWfT7wdOetSni3OV0mrNgho
MOx9AM3J6rnEQQJCSsWfT7wdOetSni3OV0mrNgho,DboXcHUzjiTnEyfVzMA8hgefX2B7suIPftuPWSyq,BR0isoSnDlgTmIqukAORkXTz6C9ABpEWp1Yw4Fx6,BR0isoSnDlgTmIqukAORkXTz6C9ABpEWp1Yw4Fx6,MOx9AM3J6rnEQQJCSsWfT7wdOetSni3OV0mrNgho,I9zyEumkNRxIzJ9lhMe24gjeuA05krtaF8GygUHD
I9zyEumkNRxIzJ9lhMe24gjeuA05krtaF8GygUHD,neo9uYRJVawyUm1nyXvQrJxwVqapvXp6gVg6kwxr,0tSt4SUsOj8fKBL2OwFTAz878S85snjiNnAx7n8z,0tSt4SUsOj8fKBL2OwFTAz878S85snjiNnAx7n8z,I9zyEumkNRxIzJ9lhMe24gjeuA05krtaF8GygUHD,BR0isoSnDlgTmIqukAORkXTz6C9ABpEWp1Yw4Fx6
BR0isoSnDlgTmIqukAORkXTz6C9ABpEWp1Yw4Fx6,nOgJEtffp9e3P1qN9pqUrIZB0WQ9VIdptmx5wtia,hBG5vMBqkXoKVhe5nKFmfjAVyNoGHSr22VXcrkoN,hBG5vMBqkXoKVhe5nKFmfjAVyNoGHSr22VXcrkoN,BR0isoSnDlgTmIqukAORkXTz6C9ABpEWp1Yw4Fx6,0tSt4SUsOj8fKBL2OwFTAz878S85snjiNnAx7n8z
0tSt4SUsOj8fKBL2OwFTAz878S85snjiNnAx7n8z,G97yzpX8HPnbmrVEC0Aoz2si9mlAiCfZmduqw99n,G0PLr6xT9E96wJTJXQDNB728J4rHnKFKya5jIcwT,G0PLr6xT9E96wJTJXQDNB728J4rHnKFKya5jIcwT,0tSt4SUsOj8fKBL2OwFTAz878S85snjiNnAx7n8z,G97yzpX8HPnbmrVEC0Aoz2si9mlAiCfZmduqw99n
hBG5vMBqkXoKVhe5nKFmfjAVyNoGHSr22VXcrkoN,MOx9AM3J6rnEQQJCSsWfT7wdOetSni3OV0mrNgho,DboXcHUzjiTnEyfVzMA8hgefX2B7suIPftuPWSyq,G97yzpX8HPnbmrVEC0Aoz2si9mlAiCfZmduqw99n,hBG5vMBqkXoKVhe5nKFmfjAVyNoGHSr22VXcrkoN,MOx9AM3J6rnEQQJCSsWfT7wdOetSni3OV0mrNgho
G0PLr6xT9E96wJTJXQDNB728J4rHnKFKya5jIcwT,I9zyEumkNRxIzJ9lhMe24gjeuA05krtaF8GygUHD,G97yzpX8HPnbmrVEC0Aoz2si9mlAiCfZmduqw99n,MOx9AM3J6rnEQQJCSsWfT7wdOetSni3OV0mrNgho,G97yzpX8HPnbmrVEC0Aoz2si9mlAiCfZmduqw99n,I9zyEumkNRxIzJ9lhMe24gjeuA05krtaF8GygUHD
DboXcHUzjiTnEyfVzMA8hgefX2B7suIPftuPWSyq,BR0isoSnDlgTmIqukAORkXTz6C9ABpEWp1Yw4Fx6,MOx9AM3J6rnEQQJCSsWfT7wdOetSni3OV0mrNgho,I9zyEumkNRxIzJ9lhMe24gjeuA05krtaF8GygUHD,MOx9AM3J6rnEQQJCSsWfT7wdOetSni3OV0mrNgho,BR0isoSnDlgTmIqukAORkXTz6C9ABpEWp1Yw4Fx6
neo9uYRJVawyUm1nyXvQrJxwVqapvXp6gVg6kwxr,0tSt4SUsOj8fKBL2OwFTAz878S85snjiNnAx7n8z,I9zyEumkNRxIzJ9lhMe24gjeuA05krtaF8GygUHD,BR0isoSnDlgTmIqukAORkXTz6C9ABpEWp1Yw4Fx6,I9zyEumkNRxIzJ9lhMe24gjeuA05krtaF8GygUHD,0tSt4SUsOj8fKBL2OwFTAz878S85snjiNnAx7n8z
G97yzpX8HPnbmrVEC0Aoz2si9mlAiCfZmduqw99n,hBG5vMBqkXoKVhe5nKFmfjAVyNoGHSr22VXcrkoN,BR0isoSnDlgTmIqukAORkXTz6C9ABpEWp1Yw4Fx6,0tSt4SUsOj8fKBL2OwFTAz878S85snjiNnAx7n8z,BR0isoSnDlgTmIqukAORkXTz6C9ABpEWp1Yw4Fx6,G97yzpX8HPnbmrVEC0Aoz2si9mlAiCfZmduqw99n
MOx9AM3J6rnEQQJCSsWfT7wdOetSni3OV0mrNgho,G0PLr6xT9E96wJTJXQDNB728J4rHnKFKya5jIcwT,0tSt4SUsOj8fKBL2OwFTAz878S85snjiNnAx7n8z,hBG5vMBqkXoKVhe5nKFmfjAVyNoGHSr22VXcrkoN,0tSt4SUsOj8fKBL2OwFTAz878S85snjiNnAx7n8z,MOx9AM3J6rnEQQJCSsWfT7wdOetSni3OV0mrNgho
I9zyEumkNRxIzJ9lhMe24gjeuA05krtaF8GygUHD,DboXcHUzjiTnEyfVzMA8hgefX2B7suIPftuPWSyq,hBG5vMBqkXoKVhe5nKFmfjAVyNoGHSr22VXcrkoN,G0PLr6xT9E96wJTJXQDNB728J4rHnKFKya5jIcwT,hBG5vMBqkXoKVhe5nKFmfjAVyNoGHSr22VXcrkoN,I9zyEumkNRxIzJ9lhMe24gjeuA05krtaF8GygUHD
BR0isoSnDlgTmIqukAORkXTz6C9ABpEWp1Yw4Fx6,neo9uYRJVawyUm1nyXvQrJxwVqapvXp6gVg6kwxr,G0PLr6xT9E96wJTJXQDNB728J4rHnKFKya5jIcwT,G97yzpX8HPnbmrVEC0Aoz2si9mlAiCfZmduqw99n,G97yzpX8HPnbmrVEC0Aoz2si9mlAiCfZmduqw99n,BR0isoSnDlgTmIqukAORkXTz6C9ABpEWp1Yw4Fx6
0tSt4SUsOj8fKBL2OwFTAz878S85snjiNnAx7n8z,nOgJEtffp9e3P1qN9pqUrIZB0WQ9VIdptmx5wtia,DboXcHUzjiTnEyfVzMA8hgefX2B7suIPftuPWSyq,MOx9AM3J6rnEQQJCSsWfT7wdOetSni3OV0mrNgho,MOx9AM3J6rnEQQJCSsWfT7wdOetSni3OV0mrNgho,0tSt4SUsOj8fKBL2OwFTAz878S85snjiNnAx7n8z
hBG5vMBqkXoKVhe5nKFmfjAVyNoGHSr22VXcrkoN,G97yzpX8HPnbmrVEC0Aoz2si9mlAiCfZmduqw99n,G97yzpX8HPnbmrVEC0Aoz2si9mlAiCfZmduqw99n,I9zyEumkNRxIzJ9lhMe24gjeuA05krtaF8GygUHD,I9zyEumkNRxIzJ9lhMe24gjeuA05krtaF8GygUHD,G97yzpX8HPnbmrVEC0Aoz2si9mlAiCfZmduqw99n
G0PLr6xT9E96wJTJXQDNB728J4rHnKFKya5jIcwT,MOx9AM3J6rnEQQJCSsWfT7wdOetSni3OV0mrNgho,MOx9AM3J6rnEQQJCSsWfT7wdOetSni3OV0mrNgho,BR0isoSnDlgTmIqukAORkXTz6C9ABpEWp1Yw4Fx6,BR0isoSnDlgTmIqukAORkXTz6C9ABpEWp1Yw4Fx6,MOx9AM3J6rnEQQJCSsWfT7wdOetSni3OV0mrNgho
DboXcHUzjiTnEyfVzMA8hgefX2B7suIPftuPWSyq,I9zyEumkNRxIzJ9lhMe24gjeuA05krtaF8GygUHD,I9zyEumkNRxIzJ9lhMe24gjeuA05krtaF8GygUHD,0tSt4SUsOj8fKBL2OwFTAz878S85snjiNnAx7n8z,0tSt4SUsOj8fKBL2OwFTAz878S85snjiNnAx7n8z,I9zyEumkNRxIzJ9lhMe24gjeuA05krtaF8GygUHD
neo9uYRJVawyUm1nyXvQrJxwVqapvXp6gVg6kwxr,BR0isoSnDlgTmIqukAORkXTz6C9ABpEWp1Yw4Fx6,BR0isoSnDlgTmIqukAORkXTz6C9ABpEWp1Yw4Fx6,hBG5vMBqkXoKVhe5nKFmfjAVyNoGHSr22VXcrkoN,hBG5vMBqkXoKVhe5nKFmfjAVyNoGHSr22VXcrkoN,BR0isoSnDlgTmIqukAORkXTz6C9ABpEWp1Yw4Fx6
G97yzpX8HPnbmrVEC0Aoz2si9mlAiCfZmduqw99n,0tSt4SUsOj8fKBL2OwFTAz878S85snjiNnAx7n8z,0tSt4SUsOj8fKBL2OwFTAz878S85snjiNnAx7n8z,G0PLr6xT9E96wJTJXQDNB728J4rHnKFKya5jIcwT,G97yzpX8HPnbmrVEC0Aoz2si9mlAiCfZmduqw99n,0tSt4SUsOj8fKBL2OwFTAz878S85snjiNnAx7n8z
MOx9AM3J6rnEQQJCSsWfT7wdOetSni3OV0mrNgho,hBG5vMBqkXoKVhe5nKFmfjAVyNoGHSr22VXcrkoN,hBG5vMBqkXoKVhe5nKFmfjAVyNoGHSr22VXcrkoN,G97yzpX8HPnbmrVEC0Aoz2si9mlAiCfZmduqw99n,MOx9AM3J6rnEQQJCSsWfT7wdOetSni3OV0mrNgho,G97yzpX8HPnbmrVEC0Aoz2si9mlAiCfZmduqw99n
I9zyEumkNRxIzJ9lhMe24gjeuA05krtaF8GygUHD,G0PLr6xT9E96wJTJXQDNB728J4rHnKFKya5jIcwT,G0PLr6xT9E96wJTJXQDNB728J4rHnKFKya5jIcwT,MOx9AM3J6rnEQQJCSsWfT7wdOetSni3OV0mrNgho,I9zyEumkNRxIzJ9lhMe24gjeuA05krtaF8GygUHD,MOx9AM3J6rnEQQJCSsWfT7wdOetSni3OV0mrNgho
BR0isoSnDlgTmIqukAORkXTz6C9ABpEWp1Yw4Fx6,DboXcHUzjiTnEyfVzMA8hgefX2B7suIPftuPWSyq,DboXcHUzjiTnEyfVzMA8hgefX2B7suIPftuPWSyq,I9zyEumkNRxIzJ9lhMe24gjeuA05krtaF8GygUHD,BR0isoSnDlgTmIqukAORkXTz6C9ABpEWp1Yw4Fx6,I9zyEumkNRxIzJ9lhMe24gjeuA05krtaF8GygUHD
0tSt4SUsOj8fKBL2OwFTAz878S85snjiNnAx7n8z,neo9uYRJVawyUm1nyXvQrJxwVqapvXp6gVg6kwxr,G97yzpX8HPnbmrVEC0Aoz2si9mlAiCfZmduqw99n,BR0isoSnDlgTmIqukAORkXTz6C9ABpEWp1Yw4Fx6,0tSt4SUsOj8fKBL2OwFTAz878S85snjiNnAx7n8z,BR0isoSnDlgTmIqukAORkXTz6C9ABpEWp1Yw4Fx6
hBG5vMBqkXoKVhe5nKFmfjAVyNoGHSr22VXcrkoN,nOgJEtffp9e3P1qN9pqUrIZB0WQ9VIdptmx5wtia,MOx9AM3J6rnEQQJCSsWfT7wdOetSni3OV0mrNgho,0tSt4SUsOj8fKBL2OwFTAz878S85snjiNnAx7n8z,hBG5vMBqkXoKVhe5nKFmfjAVyNoGHSr22VXcrkoN,0tSt4SUsOj8fKBL2OwFTAz878S85snjiNnAx7n8z
G0PLr6xT9E96wJTJXQDNB728J4rHnKFKya5jIcwT,G97yzpX8HPnbmrVEC0Aoz2si9mlAiCfZmduqw99n,I9zyEumkNRxIzJ9lhMe24gjeuA05krtaF8GygUHD,hBG5vMBqkXoKVhe5nKFmfjAVyNoGHSr22VXcrkoN,G97yzpX8HPnbmrVEC0Aoz2si9mlAiCfZmduqw99n,G97yzpX8HPnbmrVEC0Aoz2si9mlAiCfZmduqw99n
DboXcHUzjiTnEyfVzMA8hgefX2B7suIPftuPWSyq,MOx9AM3J6rnEQQJCSsWfT7wdOetSni3OV0mrNgho,BR0isoSnDlgTmIqukAORkXTz6C9ABpEWp1Yw4Fx6,G0PLr6xT9E96wJTJXQDNB728J4rHnKFKya5jIcwT,MOx9AM3J6rnEQQJCSsWfT7wdOetSni3OV0mrNgho,MOx9AM3J6rnEQQJCSsWfT7wdOetSni3OV0mrNgho
neo9uYRJVawyUm1nyXvQrJxwVqapvXp6gVg6kwxr,I9zyEumkNRxIzJ9lhMe24gjeuA05krtaF8GygUHD,0tSt4SUsOj8fKBL2OwFTAz878S85snjiNnAx7n8z,G97yzpX8HPnbmrVEC0Aoz2si9mlAiCfZmduqw99n,I9zyEumkNRxIzJ9lhMe24gjeuA05krtaF8GygUHD,I9zyEumkNRxIzJ9lhMe24gjeuA05krtaF8GygUHD
G97yzpX8HPnbmrVEC0Aoz2si9mlAiCfZmduqw99n,BR0isoSnDlgTmIqukAORkXTz6C9ABpEWp1Yw4Fx6,hBG5vMBqkXoKVhe5nKFmfjAVyNoGHSr22VXcrkoN,MOx9AM3J6rnEQQJCSsWfT7wdOetSni3OV0mrNgho,BR0isoSnDlgTmIqukAORkXTz6C9ABpEWp1Yw4Fx6,BR0isoSnDlgTmIqukAORkXTz6C9ABpEWp1Yw4Fx6
MOx9AM3J6rnEQQJCSsWfT7wdOetSni3OV0mrNgho,0tSt4SUsOj8fKBL2OwFTAz878S85snjiNnAx7n8z,G0PLr6xT9E96wJTJXQDNB728J4rHnKFKya5jIcwT,I9zyEumkNRxIzJ9lhMe24gjeuA05krtaF8GygUHD,0tSt4SUsOj8fKBL2OwFTAz878S85snjiNnAx7n8z,0tSt4SUsOj8fKBL2OwFTAz878S85snjiNnAx7n8z
I9zyEumkNRxIzJ9lhMe24gjeuA05krtaF8GygUHD,hBG5vMBqkXoKVhe5nKFmfjAVyNoGHSr22VXcrkoN,DboXcHUzjiTnEyfVzMA8hgefX2B7suIPftuPWSyq,BR0isoSnDlgTmIqukAORkXTz6C9ABpEWp1Yw4Fx6,hBG5vMBqkXoKVhe5nKFmfjAVyNoGHSr22VXcrkoN,G97yzpX8HPnbmrVEC0Aoz2si9mlAiCfZmduqw99n
BR0isoSnDlgTmIqukAORkXTz6C9ABpEWp1Yw4Fx6,G0PLr6xT9E96wJTJXQDNB728J4rHnKFKya5jIcwT,G97yzpX8HPnbmrVEC0Aoz2si9mlAiCfZmduqw99n,0tSt4SUsOj8fKBL2OwFTAz878S85snjiNnAx7n8z,G97yzpX8HPnbmrVEC0Aoz2si9mlAiCfZmduqw99n,MOx9AM3J6rnEQQJCSsWfT7wdOetSni3OV0mrNgho
0tSt4SUsOj8fKBL2OwFTAz878S85snjiNnAx7n8z,DboXcHUzjiTnEyfVzMA8hgefX2B7suIPftuPWSyq,MOx9AM3J6rnEQQJCSsWfT7wdOetSni3OV0mrNgho,hBG5vMBqkXoKVhe5nKFmfjAVyNoGHSr22VXcrkoN,MOx9AM3J6rnEQQJCSsWfT7wdOetSni3OV0mrNgho,I9zyEumkNRxIzJ9lhMe24gjeuA05krtaF8GygUHD
hBG5vMBqkXoKVhe5nKFmfjAVyNoGHSr22VXcrkoN,neo9uYRJVawyUm1nyXvQrJxwVqapvXp6gVg6kwxr,I9zyEumkNRxIzJ9lhMe24gjeuA05krtaF8GygUHD,G0PLr6xT9E96wJTJXQDNB728J4rHnKFKya5jIcwT,I9zyEumkNRxIzJ9lhMe24gjeuA05krtaF8GygUHD,BR0isoSnDlgTmIqukAORkXTz6C9ABpEWp1Yw4Fx6
G0PLr6xT9E96wJTJXQDNB728J4rHnKFKya5jIcwT,nOgJEtffp9e3P1qN9pqUrIZB0WQ9VIdptmx5wtia,BR0isoSnDlgTmIqukAORkXTz6C9ABpEWp1Yw4Fx6,G97yzpX8HPnbmrVEC0Aoz2si9mlAiCfZmduqw99n,BR0isoSnDlgTmIqukAORkXTz6C9ABpEWp1Yw4Fx6,0tSt4SUsOj8fKBL2OwFTAz878S85snjiNnAx7n8z
DboXcHUzjiTnEyfVzMA8hgefX2B7suIPftuPWSyq,G97yzpX8HPnbmrVEC0Aoz2si9mlAiCfZmduqw99n,0tSt4SUsOj8fKBL2OwFTAz878S85snjiNnAx7n8z,MOx9AM3J6rnEQQJCSsWfT7wdOetSni3OV0mrNgho,0tSt4SUsOj8fKBL2OwFTAz878S85snjiNnAx7n8z,G97yzpX8HPnbmrVEC0Aoz2si9mlAiCfZmduqw99n
neo9uYRJVawyUm1nyXvQrJxwVqapvXp6gVg6kwxr,MOx9AM3J6rnEQQJCSsWfT7wdOetSni3OV0mrNgho,hBG5vMBqkXoKVhe5nKFmfjAVyNoGHSr22VXcrkoN,I9zyEumkNRxIzJ9lhMe24gjeuA05krtaF8GygUHD,hBG5vMBqkXoKVhe5nKFmfjAVyNoGHSr22VXcrkoN,MOx9AM3J6rnEQQJCSsWfT7wdOetSni3OV0mrNgho
G97yzpX8HPnbmrVEC0Aoz2si9mlAiCfZmduqw99n,I9zyEumkNRxIzJ9lhMe24gjeuA05krtaF8GygUHD,G0PLr6xT9E96wJTJXQDNB728J4rHnKFKya5jIcwT,BR0isoSnDlgTmIqukAORkXTz6C9ABpEWp1Yw4Fx6,G97yzpX8HPnbmrVEC0Aoz2si9mlAiCfZmduqw99n,I9zyEumkNRxIzJ9lhMe24gjeuA05krtaF8GygUHD
MOx9AM3J6rnEQQJCSsWfT7wdOetSni3OV0mrNgho,BR0isoSnDlgTmIqukAORkXTz6C9ABpEWp1Yw4Fx6,DboXcHUzjiTnEyfVzMA8hgefX2B7suIPftuPWSyq,0tSt4SUsOj8fKBL2OwFTAz878S85snjiNnAx7n8z,MOx9AM3J6rnEQQJCSsWfT7wdOetSni3OV0mrNgho,BR0isoSnDlgTmIqukAORkXTz6C9ABpEWp1Yw4Fx6
I9zyEumkNRxIzJ9lhMe24gjeuA05krtaF8GygUHD,0tSt4SUsOj8fKBL2OwFTAz878S85snjiNnAx7n8z,G97yzpX8HPnbmrVEC0Aoz2si9mlAiCfZmduqw99n,hBG5vMBqkXoKVhe5nKFmfjAVyNoGHSr22VXcrkoN,I9zyEumkNRxIzJ9lhMe24gjeuA05krtaF8GygUHD,0tSt4SUsOj8fKBL2OwFTAz878S85snjiNnAx7n8z
BR0isoSnDlgTmIqukAORkXTz6C9ABpEWp1Yw4Fx6,hBG5vMBqkXoKVhe5nKFmfjAVyNoGHSr22VXcrkoN,MOx9AM3J6rnEQQJCSsWfT7wdOetSni3OV0mrNgho,G0PLr6xT9E96wJTJXQDNB728J4rHnKFKya5jIcwT,BR0isoSnDlgTmIqukAORkXTz6C9ABpEWp1Yw4Fx6,G97yzpX8HPnbmrVEC0Aoz2si9mlAiCfZmduqw99n
0tSt4SUsOj8fKBL2OwFTAz878S85snjiNnAx7n8z,G0PLr6xT9E96wJTJXQDNB728J4rHnKFKya5jIcwT,I9zyEumkNRxIzJ9lhMe24gjeuA05krtaF8GygUHD,G97yzpX8HPnbmrVEC0Aoz2si9mlAiCfZmduqw99n,0tSt4SUsOj8fKBL2OwFTAz878S85snjiNnAx7n8z,MOx9AM3J6rnEQQJCSsWfT7wdOetSni3OV0mrNgho
hBG5vMBqkXoKVhe5nKFmfjAVyNoGHSr22VXcrkoN,DboXcHUzjiTnEyfVzMA8hgefX2B7suIPftuPWSyq,BR0isoSnDlgTmIqukAORkXTz6C9ABpEWp1Yw4Fx6,MOx9AM3J6rnEQQJCSsWfT7wdOetSni3OV0mrNgho,hBG5vMBqkXoKVhe5nKFmfjAVyNoGHSr22VXcrkoN,I9zyEumkNRxIzJ9lhMe24gjeuA05krtaF8GygUHD
G0PLr6xT9E96wJTJXQDNB728J4rHnKFKya5jIcwT,neo9uYRJVawyUm1nyXvQrJxwVqapvXp6gVg6kwxr,0tSt4SUsOj8fKBL2OwFTAz878S85snjiNnAx7n8z,I9zyEumkNRxIzJ9lhMe24gjeuA05krtaF8GygUHD,G97yzpX8HPnbmrVEC0Aoz2si9mlAiCfZmduqw99n,BR0isoSnDlgTmIqukAORkXTz6C9ABpEWp1Yw4Fx6
DboXcHUzjiTnEyfVzMA8hgefX2B7suIPftuPWSyq,nOgJEtffp9e3P1qN9pqUrIZB0WQ9VIdptmx5wtia,hBG5vMBqkXoKVhe5nKFmfjAVyNoGHSr22VXcrkoN,BR0isoSnDlgTmIqukAORkXTz6C9ABpEWp1Yw4Fx6,MOx9AM3J6rnEQQJCSsWfT7wdOetSni3OV0mrNgho,0tSt4SUsOj8fKBL2OwFTAz878S85snjiNnAx7n8z
neo9uYRJVawyUm1nyXvQrJxwVqapvXp6gVg6kwxr,G97yzpX8HPnbmrVEC0Aoz2si9mlAiCfZmduqw99n,G0PLr6xT9E96wJTJXQDNB728J4rHnKFKya5jIcwT,0tSt4SUsOj8fKBL2OwFTAz878S85snjiNnAx7n8z,I9zyEumkNRxIzJ9lhMe24gjeuA05krtaF8GygUHD,G97yzpX8HPnbmrVEC0Aoz2si9mlAiCfZmduqw99n
G97yzpX8HPnbmrVEC0Aoz2si9mlAiCfZmduqw99n,MOx9AM3J6rnEQQJCSsWfT7wdOetSni3OV0mrNgho,DboXcHUzjiTnEyfVzMA8hgefX2B7suIPftuPWSyq,hBG5vMBqkXoKVhe5nKFmfjAVyNoGHSr22VXcrkoN,BR0isoSnDlgTmIqukAORkXTz6C9ABpEWp1Yw4Fx6,MOx9AM3J6rnEQQJCSsWfT7wdOetSni3OV0mrNgho
MOx9AM3J6rnEQQJCSsWfT7wdOetSni3OV0mrNgho,I9zyEumkNRxIzJ9lhMe24gjeuA05krtaF8GygUHD,G97yzpX8HPnbmrVEC0Aoz2si9mlAiCfZmduqw99n,G0PLr6xT9E96wJTJXQDNB728J4rHnKFKya5jIcwT,0tSt4SUsOj8fKBL2OwFTAz878S85snjiNnAx7n8z,I9zyEumkNRxIzJ9lhMe24gjeuA05krtaF8GygUHD
I9zyEumkNRxIzJ9lhMe24gjeuA05krtaF8GygUHD,BR0isoSnDlgTmIqukAORkXTz6C9ABpEWp1Yw4Fx6,MOx9AM3J6rnEQQJCSsWfT7wdOetSni3OV0mrNgho,G97yzpX8HPnbmrVEC0Aoz2si9mlAiCfZmduqw99n,hBG5vMBqkXoKVhe5nKFmfjAVyNoGHSr22VXcrkoN,BR0isoSnDlgTmIqukAORkXTz6C9ABpEWp1Yw4Fx6
BR0isoSnDlgTmIqukAORkXTz6C9ABpEWp1Yw4Fx6,0tSt4SUsOj8fKBL2OwFTAz878S85snjiNnAx7n8z,I9zyEumkNRxIzJ9lhMe24gjeuA05krtaF8GygUHD,MOx9AM3J6rnEQQJCSsWfT7wdOetSni3OV0mrNgho,G97yzpX8HPnbmrVEC0Aoz2si9mlAiCfZmduqw99n,0tSt4SUsOj8fKBL2OwFTAz878S85snjiNnAx7n8z
0tSt4SUsOj8fKBL2OwFTAz878S85snjiNnAx7n8z,hBG5vMBqkXoKVhe5nKFmfjAVyNoGHSr22VXcrkoN,BR0isoSnDlgTmIqukAORkXTz6C9ABpEWp1Yw4Fx6,I9zyEumkNRxIzJ9lhMe24gjeuA05krtaF8GygUHD,MOx9AM3J6rnEQQJCSsWfT7wdOetSni3OV0mrNgho,G97yzpX8HPnbmrVEC0Aoz2si9mlAiCfZmduqw99n
hBG5vMBqkXoKVhe5nKFmfjAVyNoGHSr22VXcrkoN,G0PLr6xT9E96wJTJXQDNB728J4rHnKFKya5jIcwT,0tSt4SUsOj8fKBL2OwFTAz878S85snjiNnAx7n8z,BR0isoSnDlgTmIqukAORkXTz6C9ABpEWp1Yw4Fx6,I9zyEumkNRxIzJ9lhMe24gjeuA05krtaF8GygUHD,MOx9AM3J6rnEQQJCSsWfT7wdOetSni3OV0mrNgho
G0PLr6xT9E96wJTJXQDNB728J4rHnKFKya5jIcwT,DboXcHUzjiTnEyfVzMA8hgefX2B7suIPftuPWSyq,hBG5vMBqkXoKVhe5nKFmfjAVyNoGHSr22VXcrkoN,0tSt4SUsOj8fKBL2OwFTAz878S85snjiNnAx7n8z,BR0isoSnDlgTmIqukAORkXTz6C9ABpEWp1Yw4Fx6,I9zyEumkNRxIzJ9lhMe24gjeuA05krtaF8GygUHD
DboXcHUzjiTnEyfVzMA8hgefX2B7suIPftuPWSyq,neo9uYRJVawyUm1nyXvQrJxwVqapvXp6gVg6kwxr,G0PLr6xT9E96wJTJXQDNB728J4rHnKFKya5jIcwT,hBG5vMBqkXoKVhe5nKFmfjAVyNoGHSr22VXcrkoN,0tSt4SUsOj8fKBL2OwFTAz878S85snjiNnAx7n8z,BR0isoSnDlgTmIqukAORkXTz6C9ABpEWp1Yw4Fx6
neo9uYRJVawyUm1nyXvQrJxwVqapvXp6gVg6kwxr,nOgJEtffp9e3P1qN9pqUrIZB0WQ9VIdptmx5wtia,DboXcHUzjiTnEyfVzMA8hgefX2B7suIPftuPWSyq,G0PLr6xT9E96wJTJXQDNB728J4rHnKFKya5jIcwT,hBG5vMBqkXoKVhe5nKFmfjAVyNoGHSr22VXcrkoN,0tSt4SUsOj8fKBL2OwFTAz878S85snjiNnAx7n8z
G97yzpX8HPnbmrVEC0Aoz2si9mlAiCfZmduqw99n,G97yzpX8HPnbmrVEC0Aoz2si9mlAiCfZmduqw99n,G97yzpX8HPnbmrVEC0Aoz2si9mlAiCfZmduqw99n,G97yzpX8HPnbmrVEC0Aoz2si9mlAiCfZmduqw99n,G97yzpX8HPnbmrVEC0Aoz2si9mlAiCfZmduqw99n,G97yzpX8HPnbmrVEC0Aoz2si9mlAiCfZmduqw99n
MOx9AM3J6rnEQQJCSsWfT7wdOetSni3OV0mrNgho,MOx9AM3J6rnEQQJCSsWfT7wdOetSni3OV0mrNgho,MOx9AM3J6rnEQQJCSsWfT7wdOetSni3OV0mrNgho,MOx9AM3J6rnEQQJCSsWfT7wdOetSni3OV0mrNgho,MOx9AM3J6rnEQQJCSsWfT7wdOetSni3OV0mrNgho,MOx9AM3J6rnEQQJCSsWfT7wdOetSni3OV0mrNgho
I9zyEumkNRxIzJ9lhMe24gjeuA05krtaF8GygUHD,I9zyEumkNRxIzJ9lhMe24gjeuA05krtaF8GygUHD,I9zyEumkNRxIzJ9lhMe24gjeuA05krtaF8GygUHD,I9zyEumkNRxIzJ9lhMe24gjeuA05krtaF8GygUHD,I9zyEumkNRxIzJ9lhMe24gjeuA05krtaF8GygUHD,I9zyEumkNRxIzJ9lhMe24gjeuA05krtaF8GygUHD
BR0isoSnDlgTmIqukAORkXTz6C9ABpEWp1Yw4Fx6,BR0isoSnDlgTmIqukAORkXTz6C9ABpEWp1Yw4Fx6,BR0isoSnDlgTmIqukAORkXTz6C9ABpEWp1Yw4Fx6,BR0isoSnDlgTmIqukAORkXTz6C9ABpEWp1Yw4Fx6,BR0isoSnDlgTmIqukAORkXTz6C9ABpEWp1Yw4Fx6,BR0isoSnDlgTmIqukAORkXTz6C9ABpEWp1Yw4Fx6
0tSt4SUsOj8fKBL2OwFTAz878S85snjiNnAx7n8z,0tSt4SUsOj8fKBL2OwFTAz878S85snjiNnAx7n8z,0tSt4SUsOj8fKBL2OwFTAz878S85snjiNnAx7n8z,0tSt4SUsOj8fKBL2OwFTAz878S85snjiNnAx7n8z,0tSt4SUsOj8fKBL2OwFTAz878S85snjiNnAx7n8z,0tSt4SUsOj8fKBL2OwFTAz878S85snjiNnAx7n8z
hBG5vMBqkXoKVhe5nKFmfjAVyNoGHSr22VXcrkoN,hBG5vMBqkXoKVhe5nKFmfjAVyNoGHSr22VXcrkoN,hBG5vMBqkXoKVhe5nKFmfjAVyNoGHSr22VXcrkoN,hBG5vMBqkXoKVhe5nKFmfjAVyNoGHSr22VXcrkoN,hBG5vMBqkXoKVhe5nKFmfjAVyNoGHSr22VXcrkoN,G97yzpX8HPnbmrVEC0Aoz2si9mlAiCfZmduqw99n
G0PLr6xT9E96wJTJXQDNB728J4rHnKFKya5jIcwT,G0PLr6xT9E96wJTJXQDNB728J4rHnKFKya5jIcwT,G0PLr6xT9E96wJTJXQDNB728J4rHnKFKya5jIcwT,G0PLr6xT9E96wJTJXQDNB728J4rHnKFKya5jIcwT,G97yzpX8HPnbmrVEC0Aoz2si9mlAiCfZmduqw99n,MOx9AM3J6rnEQQJCSsWfT7wdOetSni3OV0mrNgho
DboXcHUzjiTnEyfVzMA8hgefX2B7suIPftuPWSyq,DboXcHUzjiTnEyfVzMA8hgefX2B7suIPftuPWSyq,DboXcHUzjiTnEyfVzMA8hgefX2B7suIPftuPWSyq,G97yzpX8HPnbmrVEC0Aoz2si9mlAiCfZmduqw99n,MOx9AM3J6rnEQQJCSsWfT7wdOetSni3OV0mrNgho,I9zyEumkNRxIzJ9lhMe24gjeuA05krtaF8GygUHD
neo9uYRJVawyUm1nyXvQrJxwVqapvXp6gVg6kwxr,neo9uYRJVawyUm1nyXvQrJxwVqapvXp6gVg6kwxr,G97yzpX8HPnbmrVEC0Aoz2si9mlAiCfZmduqw99n,MOx9AM3J6rnEQQJCSsWfT7wdOetSni3OV0mrNgho,I9zyEumkNRxIzJ9lhMe24gjeuA05krtaF8GygUHD,BR0isoSnDlgTmIqukAORkXTz6C9ABpEWp1Yw4Fx6
G97yzpX8HPnbmrVEC0Aoz2si9mlAiCfZmduqw99n,nOgJEtffp9e3P1qN9pqUrIZB0WQ9VIdptmx5wtia,MOx9AM3J6rnEQQJCSsWfT7wdOetSni3OV0mrNgho,I9zyEumkNRxIzJ9lhMe24gjeuA05krtaF8GygUHD,BR0isoSnDlgTmIqukAORkXTz6C9ABpEWp1Yw4Fx6,0tSt4SUsOj8fKBL2OwFTAz878S85snjiNnAx7n8z
MOx9AM3J6rnEQQJCSsWfT7wdOetSni3OV0mrNgho,G97yzpX8HPnbmrVEC0Aoz2si9mlAiCfZmduqw99n,I9zyEumkNRxIzJ9lhMe24gjeuA05krtaF8GygUHD,BR0isoSnDlgTmIqukAORkXTz6C9ABpEWp1Yw4Fx6,0tSt4SUsOj8fKBL2OwFTAz878S85snjiNnAx7n8z,G97yzpX8HPnbmrVEC0Aoz2si9mlAiCfZmduqw99n
I9zyEumkNRxIzJ9lhMe24gjeuA05krtaF8GygUHD,MOx9AM3J6rnEQQJCSsWfT7wdOetSni3OV0mrNgho,BR0isoSnDlgTmIqukAORkXTz6C9ABpEWp1Yw4Fx6,0tSt4SUsOj8fKBL2OwFTAz878S85snjiNnAx7n8z,hBG5vMBqkXoKVhe5nKFmfjAVyNoGHSr22VXcrkoN,MOx9AM3J6rnEQQJCSsWfT7wdOetSni3OV0mrNgho
BR0isoSnDlgTmIqukAORkXTz6C9ABpEWp1Yw4Fx6,I9zyEumkNRxIzJ9lhMe24gjeuA05krtaF8GygUHD,0tSt4SUsOj8fKBL2OwFTAz878S85snjiNnAx7n8z,hBG5vMBqkXoKVhe5nKFmfjAVyNoGHSr22VXcrkoN,G97yzpX8HPnbmrVEC0Aoz2si9mlAiCfZmduqw99n,I9zyEumkNRxIzJ9lhMe24gjeuA05krtaF8GygUHD
0tSt4SUsOj8fKBL2OwFTAz878S85snjiNnAx7n8z,BR0isoSnDlgTmIqukAORkXTz6C9ABpEWp1Yw4Fx6,hBG5vMBqkXoKVhe5nKFmfjAVyNoGHSr22VXcrkoN,G0PLr6xT9E96wJTJXQDNB728J4rHnKFKya5jIcwT,MOx9AM3J6rnEQQJCSsWfT7wdOetSni3OV0mrNgho,BR0isoSnDlgTmIqukAORkXTz6C9ABpEWp1Yw4Fx6
hBG5vMBqkXoKVhe5nKFmfjAVyNoGHSr22VXcrkoN,0tSt4SUsOj8fKBL2OwFTAz878S85snjiNnAx7n8z,G0PLr6xT9E96wJTJXQDNB728J4rHnKFKya5jIcwT,G97yzpX8HPnbmrVEC0Aoz2si9mlAiCfZmduqw99n,I9zyEumkNRxIzJ9lhMe24gjeuA05krtaF8GygUHD,0tSt4SUsOj8fKBL2OwFTAz878S85snjiNnAx7n8z
G0PLr6xT9E96wJTJXQDNB728J4rHnKFKya5jIcwT,hBG5vMBqkXoKVhe5nKFmfjAVyNoGHSr22VXcrkoN,DboXcHUzjiTnEyfVzMA8hgefX2B7suIPftuPWSyq,MOx9AM3J6rnEQQJCSsWfT7wdOetSni3OV0mrNgho,BR0isoSnDlgTmIqukAORkXTz6C9ABpEWp1Yw4Fx6,G97yzpX8HPnbmrVEC0Aoz2si9mlAiCfZmduqw99n
DboXcHUzjiTnEyfVzMA8hgefX2B7suIPftuPWSyq,G0PLr6xT9E96wJTJXQDNB728J4rHnKFKya5jIcwT,G97yzpX8HPnbmrVEC0Aoz2si9mlAiCfZmduqw99n,I9zyEumkNRxIzJ9lhMe24gjeuA05krtaF8GygUHD,0tSt4SUsOj8fKBL2OwFTAz878S85snjiNnAx7n8z,MOx9AM3J6rnEQQJCSsWfT7wdOetSni3OV0mrNgho
neo9uYRJVawyUm1nyXvQrJxwVqapvXp6gVg6kwxr,DboXcHUzjiTnEyfVzMA8hgefX2B7suIPftuPWSyq,MOx9AM3J6rnEQQJCSsWfT7wdOetSni3OV0mrNgho,BR0isoSnDlgTmIqukAORkXTz6C9ABpEWp1Yw4Fx6,hBG5vMBqkXoKVhe5nKFmfjAVyNoGHSr22VXcrkoN,I9zyEumkNRxIzJ9lhMe24gjeuA05krtaF8GygUHD
G97yzpX8HPnbmrVEC0Aoz2si9mlAiCfZmduqw99n,neo9uYRJVawyUm1nyXvQrJxwVqapvXp6gVg6kwxr,I9zyEumkNRxIzJ9lhMe24gjeuA05krtaF8GygUHD,0tSt4SUsOj8fKBL2OwFTAz878S85snjiNnAx7n8z,G97yzpX8HPnbmrVEC0Aoz2si9mlAiCfZmduqw99n,BR0isoSnDlgTmIqukAORkXTz6C9ABpEWp1Yw4Fx6
MOx9AM3J6rnEQQJCSsWfT7wdOetSni3OV0mrNgho,nOgJEtffp9e3P1qN9pqUrIZB0WQ9VIdptmx5wtia,BR0isoSnDlgTmIqukAORkXTz6C9ABpEWp1Yw4Fx6,hBG5vMBqkXoKVhe5nKFmfjAVyNoGHSr22VXcrkoN,MOx9AM3J6rnEQQJCSsWfT7wdOetSni3OV0mrNgho,0tSt4SUsOj8fKBL2OwFTAz878S85snjiNnAx7n8z
I9zyEumkNRxIzJ9lhMe24gjeuA05krtaF8GygUHD,G97yzpX8HPnbmrVEC0Aoz2si9mlAiCfZmduqw99n,0tSt4SUsOj8fKBL2OwFTAz878S85snjiNnAx7n8z,G0PLr6xT9E96wJTJXQDNB728J4rHnKFKya5jIcwT,I9zyEumkNRxIzJ9lhMe24gjeuA05krtaF8GygUHD,G97yzpX8HPnbmrVEC0Aoz2si9mlAiCfZmduqw99n
BR0isoSnDlgTmIqukAORkXTz6C9ABpEWp1Yw4Fx6,MOx9AM3J6rnEQQJCSsWfT7wdOetSni3OV0mrNgho,hBG5vMBqkXoKVhe5nKFmfjAVyNoGHSr22VXcrkoN,G97yzpX8HPnbmrVEC0Aoz2si9mlAiCfZmduqw99n,BR0isoSnDlgTmIqukAORkXTz6C9ABpEWp1Yw4Fx6,MOx9AM3J6rnEQQJCSsWfT7wdOetSni3OV0mrNgho
0tSt4SUsOj8fKBL2OwFTAz878S85snjiNnAx7n8z,I9zyEumkNRxIzJ9lhMe24gjeuA05krtaF8GygUHD,G0PLr6xT9E96wJTJXQDNB728J4rHnKFKya5jIcwT,MOx9AM3J6rnEQQJCSsWfT7wdOetSni3OV0mrNgho,0tSt4SUsOj8fKBL2OwFTAz878S85snjiNnAx7n8z,I9zyEumkNRxIzJ9lhMe24gjeuA05krtaF8GygUHD
hBG5vMBqkXoKVhe5nKFmfjAVyNoGHSr22VXcrkoN,BR0isoSnDlgTmIqukAORkXTz6C9ABpEWp1Yw4Fx6,DboXcHUzjiTnEyfVzMA8hgefX2B7suIPftuPWSyq,I9zyEumkNRxIzJ9lhMe24gjeuA05krtaF8GygUHD,hBG5vMBqkXoKVhe5nKFmfjAVyNoGHSr22VXcrkoN,BR0isoSnDlgTmIqukAORkXTz6C9ABpEWp1Yw4Fx6
G0PLr6xT9E96wJTJXQDNB728J4rHnKFKya5jIcwT,0tSt4SUsOj8fKBL2OwFTAz878S85snjiNnAx7n8z,G97yzpX8HPnbmrVEC0Aoz2si9mlAiCfZmduqw99n,BR0isoSnDlgTmIqukAORkXTz6C9ABpEWp1Yw4Fx6,G97yzpX8HPnbmrVEC0Aoz2si9mlAiCfZmduqw99n,0tSt4SUsOj8fKBL2OwFTAz878S85snjiNnAx7n8z
DboXcHUzjiTnEyfVzMA8hgefX2B7suIPftuPWSyq,hBG5vMBqkXoKVhe5nKFmfjAVyNoGHSr22VXcrkoN,MOx9AM3J6rnEQQJCSsWfT7wdOetSni3OV0mrNgho,0tSt4SUsOj8fKBL2OwFTAz878S85snjiNnAx7n8z,MOx9AM3J6rnEQQJCSsWfT7wdOetSni3OV0mrNgho,G97yzpX8HPnbmrVEC0Aoz2si9mlAiCfZmduqw99n
neo9uYRJVawyUm1nyXvQrJxwVqapvXp6gVg6kwxr,G0PLr6xT9E96wJTJXQDNB728J4rHnKFKya5jIcwT,I9zyEumkNRxIzJ9lhMe24gjeuA05krtaF8GygUHD,hBG5vMBqkXoKVhe5nKFmfjAVyNoGHSr22VXcrkoN,I9zyEumkNRxIzJ9lhMe24gjeuA05krtaF8GygUHD,MOx9AM3J6rnEQQJCSsWfT7wdOetSni3OV0mrNgho
G97yzpX8HPnbmrVEC0Aoz2si9mlAiCfZmduqw99n,DboXcHUzjiTnEyfVzMA8hgefX2B7suIPftuPWSyq,BR0isoSnDlgTmIqukAORkXTz6C9ABpEWp1Yw4Fx6,G0PLr6xT9E96wJTJXQDNB728J4rHnKFKya5jIcwT,BR0isoSnDlgTmIqukAORkXTz6C9ABpEWp1Yw4Fx6,I9zyEumkNRxIzJ9lhMe24gjeuA05krtaF8GygUHD
MOx9AM3J6rnEQQJCSsWfT7wdOetSni3OV0mrNgho,neo9uYRJVawyUm1nyXvQrJxwVqapvXp6gVg6kwxr,0tSt4SUsOj8fKBL2OwFTAz878S85snjiNnAx7n8z,G97yzpX8HPnbmrVEC0Aoz2si9mlAiCfZmduqw99n,0tSt4SUsOj8fKBL2OwFTAz878S85snjiNnAx7n8z,BR0isoSnDlgTmIqukAORkXTz6C9ABpEWp1Yw4Fx6
I9zyEumkNRxIzJ9lhMe24gjeuA05krtaF8GygUHD,nOgJEtffp9e3P1qN9pqUrIZB0WQ9VIdptmx5wtia,hBG5vMBqkXoKVhe5nKFmfjAVyNoGHSr22VXcrkoN,MOx9AM3J6rnEQQJCSsWfT7wdOetSni3OV0mrNgho,hBG5vMBqkXoKVhe5nKFmfjAVyNoGHSr22VXcrkoN,0tSt4SUsOj8fKBL2OwFTAz878S85snjiNnAx7n8z
BR0isoSnDlgTmIqukAORkXTz6C9ABpEWp1Yw4Fx6,G97yzpX8HPnbmrVEC0Aoz2si9mlAiCfZmduqw99n,G0PLr6xT9E96wJTJXQDNB728J4rHnKFKya5jIcwT,I9zyEumkNRxIzJ9lhMe24gjeuA05krtaF8GygUHD,G97yzpX8HPnbmrVEC0Aoz2si9mlAiCfZmduqw99n,G97yzpX8HPnbmrVEC0Aoz2si9mlAiCfZmduqw99n
0tSt4SUsOj8fKBL2OwFTAz878S85snjiNnAx7n8z,MOx9AM3J6rnEQQJCSsWfT7wdOetSni3OV0mrNgho,DboXcHUzjiTnEyfVzMA8hgefX2B7suIPftuPWSyq,BR0isoSnDlgTmIqukAORkXTz6C9ABpEWp1Yw4Fx6,MOx9AM3J6rnEQQJCSsWfT7wdOetSni3OV0mrNgho,MOx9AM3J6rnEQQJCSsWfT7wdOetSni3OV0mrNgho
hBG5vMBqkXoKVhe5nKFmfjAVyNoGHSr22VXcrkoN,I9zyEumkNRxIzJ9lhMe24gjeuA05krtaF8GygUHD,G97yzpX8HPnbmrVEC0Aoz2si9mlAiCfZmduqw99n,0tSt4SUsOj8fKBL2OwFTAz878S85snjiNnAx7n8z,I9zyEumkNRxIzJ9lhMe24gjeuA05krtaF8GygUHD,I9zyEumkNRxIzJ9lhMe24gjeuA05krtaF8GygUHD
G0PLr6xT9E96wJTJXQDNB728J4rHnKFKya5jIcwT,BR0isoSnDlgTmIqukAORkXTz6C9ABpEWp1Yw4Fx6,MOx9AM3J6rnEQQJCSsWfT7wdOetSni3OV0mrNgho,hBG5vMBqkXoKVhe5nKFmfjAVyNoGHSr22VXcrkoN,BR0isoSnDlgTmIqukAORkXTz6C9ABpEWp1Yw4Fx6,BR0isoSnDlgTmIqukAORkXTz6C9ABpEWp1Yw4Fx6
DboXcHUzjiTnEyfVzMA8hgefX2B7suIPftuPWSyq,0tSt4SUsOj8fKBL2OwFTAz878S85snjiNnAx7n8z,I9zyEumkNRxIzJ9lhMe24gjeuA05krtaF8GygUHD,G0PLr6xT9E96wJTJXQDNB728J4rHnKFKya5jIcwT,0tSt4SUsOj8fKBL2OwFTAz878S85snjiNnAx7n8z,0tSt4SUsOj8fKBL2OwFTAz878S85snjiNnAx7n8z
neo9uYRJVawyUm1nyXvQrJxwVqapvXp6gVg6kwxr,hBG5vMBqkXoKVhe5nKFmfjAVyNoGHSr22VXcrkoN,BR0isoSnDlgTmIqukAORkXTz6C9ABpEWp1Yw4Fx6,G97yzpX8HPnbmrVEC0Aoz2si9mlAiCfZmduqw99n,hBG5vMBqkXoKVhe5nKFmfjAVyNoGHSr22VXcrkoN,G97yzpX8HPnbmrVEC0Aoz2si9mlAiCfZmduqw99n
G97yzpX8HPnbmrVEC0Aoz2si9mlAiCfZmduqw99n,G0PLr6xT9E96wJTJXQDNB728J4rHnKFKya5jIcwT,0tSt4SUsOj8fKBL2OwFTAz878S85snjiNnAx7n8z,MOx9AM3J6rnEQQJCSsWfT7wdOetSni3OV0mrNgho,G97yzpX8HPnbmrVEC0Aoz2si9mlAiCfZmduqw99n,MOx9AM3J6rnEQQJCSsWfT7wdOetSni3OV0mrNgho
MOx9AM3J6rnEQQJCSsWfT7wdOetSni3OV0mrNgho,DboXcHUzjiTnEyfVzMA8hgefX2B7suIPftuPWSyq,hBG5vMBqkXoKVhe5nKFmfjAVyNoGHSr22VXcrkoN,I9zyEumkNRxIzJ9lhMe24gjeuA05krtaF8GygUHD,MOx9AM3J6rnEQQJCSsWfT7wdOetSni3OV0mrNgho,I9zyEumkNRxIzJ9lhMe24gjeuA05krtaF8GygUHD
I9zyEumkNRxIzJ9lhMe24gjeuA05krtaF8GygUHD,neo9uYRJVawyUm1nyXvQrJxwVqapvXp6gVg6kwxr,G0PLr6xT9E96wJTJXQDNB728J4rHnKFKya5jIcwT,BR0isoSnDlgTmIqukAORkXTz6C9ABpEWp1Yw4Fx6,I9zyEumkNRxIzJ9lhMe24gjeuA05krtaF8GygUHD,BR0isoSnDlgTmIqukAORkXTz6C9ABpEWp1Yw4Fx6
BR0isoSnDlgTmIqukAORkXTz6C9ABpEWp1Yw4Fx6,nOgJEtffp9e3P1qN9pqUrIZB0WQ9VIdptmx5wtia,DboXcHUzjiTnEyfVzMA8hgefX2B7suIPftuPWSyq,0tSt4SUsOj8fKBL2OwFTAz878S85snjiNnAx7n8z,BR0isoSnDlgTmIqukAORkXTz6C9ABpEWp1Yw4Fx6,0tSt4SUsOj8fKBL2OwFTAz878S85snjiNnAx7n8z
0tSt4SUsOj8fKBL2OwFTAz878S85snjiNnAx7n8z,G97yzpX8HPnbmrVEC0Aoz2si9mlAiCfZmduqw99n,G97yzpX8HPnbmrVEC0Aoz2si9mlAiCfZmduqw99n,hBG5vMBqkXoKVhe5nKFmfjAVyNoGHSr22VXcrkoN,0tSt4SUsOj8fKBL2OwFTAz878S85snjiNnAx7n8z,G97yzpX8HPnbmrVEC0Aoz2si9mlAiCfZmduqw99n
hBG5vMBqkXoKVhe5nKFmfjAVyNoGHSr22VXcrkoN,MOx9AM3J6rnEQQJCSsWfT7wdOetSni3OV0mrNgho,MOx9AM3J6rnEQQJCSsWfT7wdOetSni3OV0mrNgho,G0PLr6xT9E96wJTJXQDNB728J4rHnKFKya5jIcwT,hBG5vMBqkXoKVhe5nKFmfjAVyNoGHSr22VXcrkoN,MOx9AM3J6rnEQQJCSsWfT7wdOetSni3OV0mrNgho
G0PLr6xT9E96wJTJXQDNB728J4rHnKFKya5jIcwT,I9zyEumkNRxIzJ9lhMe24gjeuA05krtaF8GygUHD,I9zyEumkNRxIzJ9lhMe24gjeuA05krtaF8GygUHD,G97yzpX8HPnbmrVEC0Aoz2si9mlAiCfZmduqw99n,G97yzpX8HPnbmrVEC0Aoz2si9mlAiCfZmduqw99n,I9zyEumkNRxIzJ9lhMe24gjeuA05krtaF8GygUHD
DboXcHUzjiTnEyfVzMA8hgefX2B7suIPftuPWSyq,BR0isoSnDlgTmIqukAORkXTz6C9ABpEWp1Yw4Fx6,BR0isoSnDlgTmIqukAORkXTz6C9ABpEWp1Yw4Fx6,MOx9AM3J6rnEQQJCSsWfT7wdOetSni3OV0mrNgho,MOx9AM3J6rnEQQJCSsWfT7wdOetSni3OV0mrNgho,BR0isoSnDlgTmIqukAORkXTz6C9ABpEWp1Yw4Fx6
neo9uYRJVawyUm1nyXvQrJxwVqapvXp6gVg6kwxr,0tSt4SUsOj8fKBL2OwFTAz878S85snjiNnAx7n8z,0tSt4SUsOj8fKBL2OwFTAz878S85snjiNnAx7n8z,I9zyEumkNRxIzJ9lhMe24gjeuA05krtaF8GygUHD,I9zyEumkNRxIzJ9lhMe24gjeuA05krtaF8GygUHD,0tSt4SUsOj8fKBL2OwFTAz878S85snjiNnAx7n8z
G97yzpX8HPnbmrVEC0Aoz2si9mlAiCfZmduqw99n,hBG5vMBqkXoKVhe5nKFmfjAVyNoGHSr22VXcrkoN,hBG5vMBqkXoKVhe5nKFmfjAVyNoGHSr22VXcrkoN,BR0isoSnDlgTmIqukAORkXTz6C9ABpEWp1Yw4Fx6,BR0isoSnDlgTmIqukAORkXTz6C9ABpEWp1Yw4Fx6,G97yzpX8HPnbmrVEC0Aoz2si9mlAiCfZmduqw99n
MOx9AM3J6rnEQQJCSsWfT7wdOetSni3OV0mrNgho,G0PLr6xT9E96wJTJXQDNB728J4rHnKFKya5jIcwT,G0PLr6xT9E96wJTJXQDNB728J4rHnKFKya5jIcwT,0tSt4SUsOj8fKBL2OwFTAz878S85snjiNnAx7n8z,0tSt4SUsOj8fKBL2OwFTAz878S85snjiNnAx7n8z,MOx9AM3J6rnEQQJCSsWfT7wdOetSni3OV0mrNgho
I9zyEumkNRxIzJ9lhMe24gjeuA05krtaF8GygUHD,DboXcHUzjiTnEyfVzMA8hgefX2B7suIPftuPWSyq,DboXcHUzjiTnEyfVzMA8hgefX2B7suIPftuPWSyq,hBG5vMBqkXoKVhe5nKFmfjAVyNoGHSr22VXcrkoN,hBG5vMBqkXoKVhe5nKFmfjAVyNoGHSr22VXcrkoN,I9zyEumkNRxIzJ9lhMe24gjeuA05krtaF8GygUHD
BR0isoSnDlgTmIqukAORkXTz6C9ABpEWp1Yw4Fx6,neo9uYRJVawyUm1nyXvQrJxwVqapvXp6gVg6kwxr,G97yzpX8HPnbmrVEC0Aoz2si9mlAiCfZmduqw99n,G0PLr6xT9E96wJTJXQDNB728J4rHnKFKya5jIcwT,G97yzpX8HPnbmrVEC0Aoz2si9mlAiCfZmduqw99n,BR0isoSnDlgTmIqukAORkXTz6C9ABpEWp1Yw4Fx6
0tSt4SUsOj8fKBL2OwFTAz878S85snjiNnAx7n8z,nOgJEtffp9e3P1qN9pqUrIZB0WQ9VIdptmx5wtia,MOx9AM3J6rnEQQJCSsWfT7wdOetSni3OV0mrNgho,G97yzpX8HPnbmrVEC0Aoz2si9mlAiCfZmduqw99n,MOx9AM3J6rnEQQJCSsWfT7wdOetSni3OV0mrNgho,0tSt4SUsOj8fKBL2OwFTAz878S85snjiNnAx7n8z
hBG5vMBqkXoKVhe5nKFmfjAVyNoGHSr22VXcrkoN,G97yzpX8HPnbmrVEC0Aoz2si9mlAiCfZmduqw99n,I9zyEumkNRxIzJ9lhMe24gjeuA05krtaF8GygUHD,MOx9AM3J6rnEQQJCSsWfT7wdOetSni3OV0mrNgho,I9zyEumkNRxIzJ9lhMe24gjeuA05krtaF8GygUHD,G97yzpX8HPnbmrVEC0Aoz2si9mlAiCfZmduqw99n
G0PLr6xT9E96wJTJXQDNB728J4rHnKFKya5jIcwT,MOx9AM3J6rnEQQJCSsWfT7wdOetSni3OV0mrNgho,BR0isoSnDlgTmIqukAORkXTz6C9ABpEWp1Yw4Fx6,I9zyEumkNRxIzJ9lhMe24gjeuA05krtaF8GygUHD,BR0isoSnDlgTmIqukAORkXTz6C9ABpEWp1Yw4Fx6,MOx9AM3J6rnEQQJCSsWfT7wdOetSni3OV0mrNgho
DboXcHUzjiTnEyfVzMA8hgefX2B7suIPftuPWSyq,I9zyEumkNRxIzJ9lhMe24gjeuA05krtaF8GygUHD,0tSt4SUsOj8fKBL2OwFTAz878S85snjiNnAx7n8z,BR0isoSnDlgTmIqukAORkXTz6C9ABpEWp1Yw4Fx6,0tSt4SUsOj8fKBL2OwFTAz878S85snjiNnAx7n8z,I9zyEumkNRxIzJ9lhMe24gjeuA05krtaF8GygUHD
neo9uYRJVawyUm1nyXvQrJxwVqapvXp6gVg6kwxr,BR0isoSnDlgTmIqukAORkXTz6C9ABpEWp1Yw4Fx6,hBG5vMBqkXoKVhe5nKFmfjAVyNoGHSr22VXcrkoN,0tSt4SUsOj8fKBL2OwFTAz878S85snjiNnAx7n8z,hBG5vMBqkXoKVhe5nKFmfjAVyNoGHSr22VXcrkoN,BR0isoSnDlgTmIqukAORkXTz6C9ABpEWp1Yw4Fx6
G97yzpX8HPnbmrVEC0Aoz2si9mlAiCfZmduqw99n,0tSt4SUsOj8fKBL2OwFTAz878S85snjiNnAx7n8z,G0PLr6xT9E96wJTJXQDNB728J4rHnKFKya5jIcwT,hBG5vMBqkXoKVhe5nKFmfjAVyNoGHSr22VXcrkoN,G97yzpX8HPnbmrVEC0Aoz2si9mlAiCfZmduqw99n,0tSt4SUsOj8fKBL2OwFTAz878S85snjiNnAx7n8z
MOx9AM3J6rnEQQJCSsWfT7wdOetSni3OV0mrNgho,hBG5vMBqkXoKVhe5nKFmfjAVyNoGHSr22VXcrkoN,DboXcHUzjiTnEyfVzMA8hgefX2B7suIPftuPWSyq,G0PLr6xT9E96wJTJXQDNB728J4rHnKFKya5jIcwT,MOx9AM3J6rnEQQJCSsWfT7wdOetSni3OV0mrNgho,G97yzpX8HPnbmrVEC0Aoz2si9mlAiCfZmduqw99n
I9zyEumkNRxIzJ9lhMe24gjeuA05krtaF8GygUHD,G0PLr6xT9E96wJTJXQDNB728J4rHnKFKya5jIcwT,G97yzpX8HPnbmrVEC0Aoz2si9mlAiCfZmduqw99n,G97yzpX8HPnbmrVEC0Aoz2si9mlAiCfZmduqw99n,I9zyEumkNRxIzJ9lhMe24gjeuA05krtaF8GygUHD,MOx9AM3J6rnEQQJCSsWfT7wdOetSni3OV0mrNgho
BR0isoSnDlgTmIqukAORkXTz6C9ABpEWp1Yw4Fx6,DboXcHUzjiTnEyfVzMA8hgefX2B7suIPftuPWSyq,MOx9AM3J6rnEQQJCSsWfT7wdOetSni3OV0mrNgho,MOx9AM3J6rnEQQJCSsWfT7wdOetSni3OV0mrNgho,BR0isoSnDlgTmIqukAORkXTz6C9ABpEWp1Yw4Fx6,I9zyEumkNRxIzJ9lhMe24gjeuA05krtaF8GygUHD
0tSt4SUsOj8fKBL2OwFTAz878S85snjiNnAx7n8z,neo9uYRJVawyUm1nyXvQrJxwVqapvXp6gVg6kwxr,I9zyEumkNRxIzJ9lhMe24gjeuA05krtaF8GygUHD,I9zyEumkNRxIzJ9lhMe24gjeuA05krtaF8GygUHD,0tSt4SUsOj8fKBL2OwFTAz878S85snjiNnAx7n8z,BR0isoSnDlgTmIqukAORkXTz6C9ABpEWp1Yw4Fx6
hBG5vMBqkXoKVhe5nKFmfjAVyNoGHSr22VXcrkoN,nOgJEtffp9e3P1qN9pqUrIZB0WQ9VIdptmx5wtia,BR0isoSnDlgTmIqukAORkXTz6C9ABpEWp1Yw4Fx6,BR0isoSnDlgTmIqukAORkXTz6C9ABpEWp1Yw4Fx6,hBG5vMBqkXoKVhe5nKFmfjAVyNoGHSr22VXcrkoN,0tSt4SUsOj8fKBL2OwFTAz878S85snjiNnAx7n8z
G0PLr6xT9E96wJTJXQDNB728J4rHnKFKya5jIcwT,G97yzpX8HPnbmrVEC0Aoz2si9mlAiCfZmduqw99n,0tSt4SUsOj8fKBL2OwFTAz878S85snjiNnAx7n8z,0tSt4SUsOj8fKBL2OwFTAz878S85snjiNnAx7n8z,G97yzpX8HPnbmrVEC0Aoz2si9mlAiCfZmduqw99n,G97yzpX8HPnbmrVEC0Aoz2si9mlAiCfZmduqw99n
DboXcHUzjiTnEyfVzMA8hgefX2B7suIPftuPWSyq,MOx9AM3J6rnEQQJCSsWfT7wdOetSni3OV0mrNgho,hBG5vMBqkXoKVhe5nKFmfjAVyNoGHSr22VXcrkoN,hBG5vMBqkXoKVhe5nKFmfjAVyNoGHSr22VXcrkoN,MOx9AM3J6rnEQQJCSsWfT7wdOetSni3OV0mrNgho,MOx9AM3J6rnEQQJCSsWfT7wdOetSni3OV0mrNgho
neo9uYRJVawyUm1nyXvQrJxwVqapvXp6gVg6kwxr,I9zyEumkNRxIzJ9lhMe24gjeuA05krtaF8GygUHD,G0PLr6xT9E96wJTJXQDNB728J4rHnKFKya5jIcwT,G0PLr6xT9E96wJTJXQDNB728J4rHnKFKya5jIcwT,I9zyEumkNRxIzJ9lhMe24gjeuA05krtaF8GygUHD,I9zyEumkNRxIzJ9lhMe24gjeuA05krtaF8GygUHD
G97yzpX8HPnbmrVEC0Aoz2si9mlAiCfZmduqw99n,BR0isoSnDlgTmIqukAORkXTz6C9ABpEWp1Yw4Fx6,DboXcHUzjiTnEyfVzMA8hgefX2B7suIPftuPWSyq,G97yzpX8HPnbmrVEC0Aoz2si9mlAiCfZmduqw99n,BR0isoSnDlgTmIqukAORkXTz6C9ABpEWp1Yw4Fx6,BR0isoSnDlgTmIqukAORkXTz6C9ABpEWp1Yw4Fx6
MOx9AM3J6rnEQQJCSsWfT7wdOetSni3OV0mrNgho,0tSt4SUsOj8fKBL2OwFTAz878S85snjiNnAx7n8z,G97yzpX8HPnbmrVEC0Aoz2si9mlAiCfZmduqw99n,MOx9AM3J6rnEQQJCSsWfT7wdOetSni3OV0mrNgho,0tSt4SUsOj8fKBL2OwFTAz878S85snjiNnAx7n8z,0tSt4SUsOj8fKBL2OwFTAz878S85snjiNnAx7n8z
I9zyEumkNRxIzJ9lhMe24gjeuA05krtaF8GygUHD,hBG5vMBqkXoKVhe5nKFmfjAVyNoGHSr22VXcrkoN,MOx9AM3J6rnEQQJCSsWfT7wdOetSni3OV0mrNgho,I9zyEumkNRxIzJ9lhMe24gjeuA05krtaF8GygUHD,hBG5vMBqkXoKVhe5nKFmfjAVyNoGHSr22VXcrkoN,G97yzpX8HPnbmrVEC0Aoz2si9mlAiCfZmduqw99n
BR0isoSnDlgTmIqukAORkXTz6C9ABpEWp1Yw4Fx6,G0PLr6xT9E96wJTJXQDNB728J4rHnKFKya5jIcwT,I9zyEumkNRxIzJ9lhMe24gjeuA05krtaF8GygUHD,BR0isoSnDlgTmIqukAORkXTz6C9ABpEWp1Yw4Fx6,G97yzpX8HPnbmrVEC0Aoz2si9mlAiCfZmduqw99n,MOx9AM3J6rnEQQJCSsWfT7wdOetSni3OV0mrNgho
0tSt4SUsOj8fKBL2OwFTAz878S85snjiNnAx7n8z,DboXcHUzjiTnEyfVzMA8hgefX2B7suIPftuPWSyq,BR0isoSnDlgTmIqukAORkXTz6C9ABpEWp1Yw4Fx6,0tSt4SUsOj8fKBL2OwFTAz878S85snjiNnAx7n8z,MOx9AM3J6rnEQQJCSsWfT7wdOetSni3OV0mrNgho,I9zyEumkNRxIzJ9lhMe24gjeuA05krtaF8GygUHD
hBG5vMBqkXoKVhe5nKFmfjAVyNoGHSr22VXcrkoN,neo9uYRJVawyUm1nyXvQrJxwVqapvXp6gVg6kwxr,0tSt4SUsOj8fKBL2OwFTAz878S85snjiNnAx7n8z,hBG5vMBqkXoKVhe5nKFmfjAVyNoGHSr22VXcrkoN,I9zyEumkNRxIzJ9lhMe24gjeuA05krtaF8GygUHD,BR0isoSnDlgTmIqukAORkXTz6C9ABpEWp1Yw4Fx6
G0PLr6xT9E96wJTJXQDNB728J4rHnKFKya5jIcwT,nOgJEtffp9e3P1qN9pqUrIZB0WQ9VIdptmx5wtia,hBG5vMBqkXoKVhe5nKFmfjAVyNoGHSr22VXcrkoN,G0PLr6xT9E96wJTJXQDNB728J4rHnKFKya5jIcwT,BR0isoSnDlgTmIqukAORkXTz6C9ABpEWp1Yw4Fx6,0tSt4SUsOj8fKBL2OwFTAz878S85snjiNnAx7n8z
DboXcHUzjiTnEyfVzMA8hgefX2B7suIPftuPWSyq,G97yzpX8HPnbmrVEC0Aoz2si9mlAiCfZmduqw99n,G0PLr6xT9E96wJTJXQDNB728J4rHnKFKya5jIcwT,G97yzpX8HPnbmrVEC0Aoz2si9mlAiCfZmduqw99n,0tSt4SUsOj8fKBL2OwFTAz878S85snjiNnAx7n8z,G97yzpX8HPnbmrVEC0Aoz2si9mlAiCfZmduqw99n
neo9uYRJVawyUm1nyXvQrJxwVqapvXp6gVg6kwxr,MOx9AM3J6rnEQQJCSsWfT7wdOetSni3OV0mrNgho,DboXcHUzjiTnEyfVzMA8hgefX2B7suIPftuPWSyq,MOx9AM3J6rnEQQJCSsWfT7wdOetSni3OV0mrNgho,hBG5vMBqkXoKVhe5nKFmfjAVyNoGHSr22VXcrkoN,MOx9AM3J6rnEQQJCSsWfT7wdOetSni3OV0mrNgho
G97yzpX8HPnbmrVEC0Aoz2si9mlAiCfZmduqw99n,I9zyEumkNRxIzJ9lhMe24gjeuA05krtaF8GygUHD,G97yzpX8HPnbmrVEC0Aoz2si9mlAiCfZmduqw99n,I9zyEumkNRxIzJ9lhMe24gjeuA05krtaF8GygUHD,G97yzpX8HPnbmrVEC0Aoz2si9mlAiCfZmduqw99n,I9zyEumkNRxIzJ9lhMe24gjeuA05krtaF8GygUHD
MOx9AM3J6rnEQQJCSsWfT7wdOetSni3OV0mrNgho,BR0isoSnDlgTmIqukAORkXTz6C9ABpEWp1Yw4Fx6,MOx9AM3J6rnEQQJCSsWfT7wdOetSni3OV0mrNgho,BR0isoSnDlgTmIqukAORkXTz6C9ABpEWp1Yw4Fx6,MOx9AM3J6rnEQQJCSsWfT7wdOetSni3OV0mrNgho,BR0isoSnDlgTmIqukAORkXTz6C9ABpEWp1Yw4Fx6
I9zyEumkNRxIzJ9lhMe24gjeuA05krtaF8GygUHD,0tSt4SUsOj8fKBL2OwFTAz878S85snjiNnAx7n8z,I9zyEumkNRxIzJ9lhMe24gjeuA05krtaF8GygUHD,0tSt4SUsOj8fKBL2OwFTAz878S85snjiNnAx7n8z,I9zyEumkNRxIzJ9lhMe24gjeuA05krtaF8GygUHD,0tSt4SUsOj8fKBL2OwFTAz878S85snjiNnAx7n8z
BR0isoSnDlgTmIqukAORkXTz6C9ABpEWp1Yw4Fx6,hBG5vMBqkXoKVhe5nKFmfjAVyNoGHSr22VXcrkoN,BR0isoSnDlgTmIqukAORkXTz6C9ABpEWp1Yw4Fx6,hBG5vMBqkXoKVhe5nKFmfjAVyNoGHSr22VXcrkoN,BR0isoSnDlgTmIqukAORkXTz6C9ABpEWp1Yw4Fx6,G97yzpX8HPnbmrVEC0Aoz2si9mlAiCfZmduqw99n
0tSt4SUsOj8fKBL2OwFTAz878S85snjiNnAx7n8z,G0PLr6xT9E96wJTJXQDNB728J4rHnKFKya5jIcwT,0tSt4SUsOj8fKBL2OwFTAz878S85snjiNnAx7n8z,G0PLr6xT9E96wJTJXQDNB728J4rHnKFKya5jIcwT,0tSt4SUsOj8fKBL2OwFTAz878S85snjiNnAx7n8z,MOx9AM3J6rnEQQJCSsWfT7wdOetSni3OV0mrNgho
hBG5vMBqkXoKVhe5nKFmfjAVyNoGHSr22VXcrkoN,DboXcHUzjiTnEyfVzMA8hgefX2B7suIPftuPWSyq,hBG5vMBqkXoKVhe5nKFmfjAVyNoGHSr22VXcrkoN,G97yzpX8HPnbmrVEC0Aoz2si9mlAiCfZmduqw99n,hBG5vMBqkXoKVhe5nKFmfjAVyNoGHSr22VXcrkoN,I9zyEumkNRxIzJ9lhMe24gjeuA05krtaF8GygUHD
G0PLr6xT9E96wJTJXQDNB728J4rHnKFKya5jIcwT,neo9uYRJVawyUm1nyXvQrJxwVqapvXp6gVg6kwxr,G0PLr6xT9E96wJTJXQDNB728J4rHnKFKya5jIcwT,MOx9AM3J6rnEQQJCSsWfT7wdOetSni3OV0mrNgho,G97yzpX8HPnbmrVEC0Aoz2si9mlAiCfZmduqw99n,BR0isoSnDlgTmIqukAORkXTz6C9ABpEWp1Yw4Fx6
DboXcHUzjiTnEyfVzMA8hgefX2B7suIPftuPWSyq,nOgJEtffp9e3P1qN9pqUrIZB0WQ9VIdptmx5wtia,DboXcHUzjiTnEyfVzMA8hgefX2B7suIPftuPWSyq,I9zyEumkNRxIzJ9lhMe24gjeuA05krtaF8GygUHD,MOx9AM3J6rnEQQJCSsWfT7wdOetSni3OV0mrNgho,0tSt4SUsOj8fKBL2OwFTAz878S85snjiNnAx7n8z
neo9uYRJVawyUm1nyXvQrJxwVqapvXp6gVg6kwxr,G97yzpX8HPnbmrVEC0Aoz2si9mlAiCfZmduqw99n,G97yzpX8HPnbmrVEC0Aoz2si9mlAiCfZmduqw99n,BR0isoSnDlgTmIqukAORkXTz6C9ABpEWp1Yw4Fx6,I9zyEumkNRxIzJ9lhMe24gjeuA05krtaF8GygUHD,G97yzpX8HPnbmrVEC0Aoz2si9mlAiCfZmduqw99n
G97yzpX8HPnbmrVEC0Aoz2si9mlAiCfZmduqw99n,MOx9AM3J6rnEQQJCSsWfT7wdOetSni3OV0mrNgho,MOx9AM3J6rnEQQJCSsWfT7wdOetSni3OV0mrNgho,0tSt4SUsOj8fKBL2OwFTAz878S85snjiNnAx7n8z,BR0isoSnDlgTmIqukAORkXTz6C9ABpEWp1Yw4Fx6,MOx9AM3J6rnEQQJCSsWfT7wdOetSni3OV0mrNgho
MOx9AM3J6rnEQQJCSsWfT7wdOetSni3OV0mrNgho,I9zyEumkNRxIzJ9lhMe24gjeuA05krtaF8GygUHD,I9zyEumkNRxIzJ9lhMe24gjeuA05krtaF8GygUHD,hBG5vMBqkXoKVhe5nKFmfjAVyNoGHSr22VXcrkoN,0tSt4SUsOj8fKBL2OwFTAz878S85snjiNnAx7n8z,I9zyEumkNRxIzJ9lhMe24gjeuA05krtaF8GygUHD
I9zyEumkNRxIzJ9lhMe24gjeuA05krtaF8GygUHD,BR0isoSnDlgTmIqukAORkXTz6C9ABpEWp1Yw4Fx6,BR0isoSnDlgTmIqukAORkXTz6C9ABpEWp1Yw4Fx6,G0PLr6xT9E96wJTJXQDNB728J4rHnKFKya5jIcwT,hBG5vMBqkXoKVhe5nKFmfjAVyNoGHSr22VXcrkoN,BR0isoSnDlgTmIqukAORkXTz6C9ABpEWp1Yw4Fx6
BR0isoSnDlgTmIqukAORkXTz6C9ABpEWp1Yw4Fx6,0tSt4SUsOj8fKBL2OwFTAz878S85snjiNnAx7n8z,0tSt4SUsOj8fKBL2OwFTAz878S85snjiNnAx7n8z,G97yzpX8HPnbmrVEC0Aoz2si9mlAiCfZmduqw99n,G97yzpX8HPnbmrVEC0Aoz2si9mlAiCfZmduqw99n,0tSt4SUsOj8fKBL2OwFTAz878S85snjiNnAx7n8z
0tSt4SUsOj8fKBL2OwFTAz878S85snjiNnAx7n8z,hBG5vMBqkXoKVhe5nKFmfjAVyNoGHSr22VXcrkoN,hBG5vMBqkXoKVhe5nKFmfjAVyNoGHSr22VXcrkoN,MOx9AM3J6rnEQQJCSsWfT7wdOetSni3OV0mrNgho,MOx9AM3J6rnEQQJCSsWfT7wdOetSni3OV0mrNgho,G97yzpX8HPnbmrVEC0Aoz2si9mlAiCfZmduqw99n
hBG5vMBqkXoKVhe5nKFmfjAVyNoGHSr22VXcrkoN,G0PLr6xT9E96wJTJXQDNB728J4rHnKFKya5jIcwT,G0PLr6xT9E96wJTJXQDNB728J4rHnKFKya5jIcwT,I9zyEumkNRxIzJ9lhMe24gjeuA05krtaF8GygUHD,I9zyEumkNRxIzJ9lhMe24gjeuA05krtaF8GygUHD,MOx9AM3J6rnEQQJCSsWfT7wdOetSni3OV0mrNgho
G0PLr6xT9E96wJTJXQDNB728J4rHnKFKya5jIcwT,DboXcHUzjiTnEyfVzMA8hgefX2B7suIPftuPWSyq,DboXcHUzjiTnEyfVzMA8hgefX2B7suIPftuPWSyq,BR0isoSnDlgTmIqukAORkXTz6C9ABpEWp1Yw4Fx6,BR0isoSnDlgTmIqukAORkXTz6C9ABpEWp1Yw4Fx6,I9zyEumkNRxIzJ9lhMe24gjeuA05krtaF8GygUHD
DboXcHUzjiTnEyfVzMA8hgefX2B7suIPftuPWSyq,neo9uYRJVawyUm1nyXvQrJxwVqapvXp6gVg6kwxr,G97yzpX8HPnbmrVEC0Aoz2si9mlAiCfZmduqw99n,0tSt4SUsOj8fKBL2OwFTAz878S85snjiNnAx7n8z,0tSt4SUsOj8fKBL2OwFTAz878S85snjiNnAx7n8z,BR0isoSnDlgTmIqukAORkXTz6C9ABpEWp1Yw4Fx6
neo9uYRJVawyUm1nyXvQrJxwVqapvXp6gVg6kwxr,nOgJEtffp9e3P1qN9pqUrIZB0WQ9VIdptmx5wtia,MOx9AM3J6rnEQQJCSsWfT7wdOetSni3OV0mrNgho,hBG5vMBqkXoKVhe5nKFmfjAVyNoGHSr22VXcrkoN,hBG5vMBqkXoKVhe5nKFmfjAVyNoGHSr22VXcrkoN,0tSt4SUsOj8fKBL2OwFTAz878S85snjiNnAx7n8z
G97yzpX8HPnbmrVEC0Aoz2si9mlAiCfZmduqw99n,G97yzpX8HPnbmrVEC0Aoz2si9mlAiCfZmduqw99n,I9zyEumkNRxIzJ9lhMe24gjeuA05krtaF8GygUHD,G0PLr6xT9E96wJTJXQDNB728J4rHnKFKya5jIcwT,G97yzpX8HPnbmrVEC0Aoz2si9mlAiCfZmduqw99n,G97yzpX8HPnbmrVEC0Aoz2si9mlAiCfZmduqw99n
MOx9AM3J6rnEQQJCSsWfT7wdOetSni3OV0mrNgho,MOx9AM3J6rnEQQJCSsWfT7wdOetSni3OV0mrNgho,BR0isoSnDlgTmIqukAORkXTz6C9ABpEWp1Yw4Fx6,G97yzpX8HPnbmrVEC0Aoz2si9mlAiCfZmduqw99n,MOx9AM3J6rnEQQJCSsWfT7wdOetSni3OV0mrNgho,MOx9AM3J6rnEQQJCSsWfT7wdOetSni3OV0mrNgho
I9zyEumkNRxIzJ9lhMe24gjeuA05krtaF8GygUHD,I9zyEumkNRxIzJ9lhMe24gjeuA05krtaF8GygUHD,0tSt4SUsOj8fKBL2OwFTAz878S85snjiNnAx7n8z,MOx9AM3J6rnEQQJCSsWfT7wdOetSni3OV0mrNgho,I9zyEumkNRxIzJ9lhMe24gjeuA05krtaF8GygUHD,I9zyEumkNRxIzJ9lhMe24gjeuA05krtaF8GygUHD
BR0isoSnDlgTmIqukAORkXTz6C9ABpEWp1Yw4Fx6,BR0isoSnDlgTmIqukAORkXTz6C9ABpEWp1Yw4Fx6,hBG5vMBqkXoKVhe5nKFmfjAVyNoGHSr22VXcrkoN,I9zyEumkNRxIzJ9lhMe24gjeuA05krtaF8GygUHD,BR0isoSnDlgTmIqukAORkXTz6C9ABpEWp1Yw4Fx6,BR0isoSnDlgTmIqukAORkXTz6C9ABpEWp1Yw4Fx6
0tSt4SUsOj8fKBL2OwFTAz878S85snjiNnAx7n8z,0tSt4SUsOj8fKBL2OwFTAz878S85snjiNnAx7n8z,G0PLr6xT9E96wJTJXQDNB728J4rHnKFKya5jIcwT,BR0isoSnDlgTmIqukAORkXTz6C9ABpEWp1Yw4Fx6,0tSt4SUsOj8fKBL2OwFTAz878S85snjiNnAx7n8z,0tSt4SUsOj8fKBL2OwFTAz878S85snjiNnAx7n8z
hBG5vMBqkXoKVhe5nKFmfjAVyNoGHSr22VXcrkoN,hBG5vMBqkXoKVhe5nKFmfjAVyNoGHSr22VXcrkoN,DboXcHUzjiTnEyfVzMA8hgefX2B7suIPftuPWSyq,0tSt4SUsOj8fKBL2OwFTAz878S85snjiNnAx7n8z,hBG5vMBqkXoKVhe5nKFmfjAVyNoGHSr22VXcrkoN,G97yzpX8HPnbmrVEC0Aoz2si9mlAiCfZmduqw99n
G0PLr6xT9E96wJTJXQDNB728J4rHnKFKya5jIcwT,G0PLr6xT9E96wJTJXQDNB728J4rHnKFKya5jIcwT,G97yzpX8HPnbmrVEC0Aoz2si9mlAiCfZmduqw99n,hBG5vMBqkXoKVhe5nKFmfjAVyNoGHSr22VXcrkoN,G97yzpX8HPnbmrVEC0Aoz2si9mlAiCfZmduqw99n,MOx9AM3J6rnEQQJCSsWfT7wdOetSni3OV0mrNgho
DboXcHUzjiTnEyfVzMA8hgefX2B7suIPftuPWSyq,DboXcHUzjiTnEyfVzMA8hgefX2B7suIPftuPWSyq,MOx9AM3J6rnEQQJCSsWfT7wdOetSni3OV0mrNgho,G0PLr6xT9E96wJTJXQDNB728J4rHnKFKya5jIcwT,MOx9AM3J6rnEQQJCSsWfT7wdOetSni3OV0mrNgho,I9zyEumkNRxIzJ9lhMe24gjeuA05krtaF8GygUHD
neo9uYRJVawyUm1nyXvQrJxwVqapvXp6gVg6kwxr,neo9uYRJVawyUm1nyXvQrJxwVqapvXp6gVg6kwxr,I9zyEumkNRxIzJ9lhMe24gjeuA05krtaF8GygUHD,G97yzpX8HPnbmrVEC0Aoz2si9mlAiCfZmduqw99n,I9zyEumkNRxIzJ9lhMe24gjeuA05krtaF8GygUHD,BR0isoSnDlgTmIqukAORkXTz6C9ABpEWp1Yw4Fx6
G97yzpX8HPnbmrVEC0Aoz2si9mlAiCfZmduqw99n,nOgJEtffp9e3P1qN9pqUrIZB0WQ9VIdptmx5wtia,BR0isoSnDlgTmIqukAORkXTz6C9ABpEWp1Yw4Fx6,MOx9AM3J6rnEQQJCSsWfT7wdOetSni3OV0mrNgho,BR0isoSnDlgTmIqukAORkXTz6C9ABpEWp1Yw4Fx6,0tSt4SUsOj8fKBL2OwFTAz878S85snjiNnAx7n8z
MOx9AM3J6rnEQQJCSsWfT7wdOetSni3OV0mrNgho,G97yzpX8HPnbmrVEC0Aoz2si9mlAiCfZmduqw99n,0tSt4SUsOj8fKBL2OwFTAz878S85snjiNnAx7n8z,I9zyEumkNRxIzJ9lhMe24gjeuA05krtaF8GygUHD,0tSt4SUsOj8fKBL2OwFTAz878S85snjiNnAx7n8z,G97yzpX8HPnbmrVEC0Aoz2si9mlAiCfZmduqw99n
I9zyEumkNRxIzJ9lhMe24gjeuA05krtaF8GygUHD,MOx9AM3J6rnEQQJCSsWfT7wdOetSni3OV0mrNgho,hBG5vMBqkXoKVhe5nKFmfjAVyNoGHSr22VXcrkoN,BR0isoSnDlgTmIqukAORkXTz6C9ABpEWp1Yw4Fx6,hBG5vMBqkXoKVhe5nKFmfjAVyNoGHSr22VXcrkoN,MOx9AM3J6rnEQQJCSsWfT7wdOetSni3OV0mrNgho
BR0isoSnDlgTmIqukAORkXTz6C9ABpEWp1Yw4Fx6,I9zyEumkNRxIzJ9lhMe24gjeuA05krtaF8GygUHD,G0PLr6xT9E96wJTJXQDNB728J4rHnKFKya5jIcwT,0tSt4SUsOj8fKBL2OwFTAz878S85snjiNnAx7n8z,G97yzpX8HPnbmrVEC0Aoz2si9mlAiCfZmduqw99n,I9zyEumkNRxIzJ9lhMe24gjeuA05krtaF8GygUHD
0tSt4SUsOj8fKBL2OwFTAz878S85snjiNnAx7n8z,BR0isoSnDlgTmIqukAORkXTz6C9ABpEWp1Yw4Fx6,DboXcHUzjiTnEyfVzMA8hgefX2B7suIPftuPWSyq,hBG5vMBqkXoKVhe5nKFmfjAVyNoGHSr22VXcrkoN,MOx9AM3J6rnEQQJCSsWfT7wdOetSni3OV0mrNgho,BR0isoSnDlgTmIqukAORkXTz6C9ABpEWp1Yw4Fx6
hBG5vMBqkXoKVhe5nKFmfjAVyNoGHSr22VXcrkoN,0tSt4SUsOj8fKBL2OwFTAz878S85snjiNnAx7n8z,G97yzpX8HPnbmrVEC0Aoz2si9mlAiCfZmduqw99n,G0PLr6xT9E96wJTJXQDNB728J4rHnKFKya5jIcwT,I9zyEumkNRxIzJ9lhMe24gjeuA05krtaF8GygUHD,0tSt4SUsOj8fKBL2OwFTAz878S85snjiNnAx7n8z
G0PLr6xT9E96wJTJXQDNB728J4rHnKFKya5jIcwT,hBG5vMBqkXoKVhe5nKFmfjAVyNoGHSr22VXcrkoN,MOx9AM3J6rnEQQJCSsWfT7wdOetSni3OV0mrNgho,G97yzpX8HPnbmrVEC0Aoz2si9mlAiCfZmduqw99n,BR0isoSnDlgTmIqukAORkXTz6C9ABpEWp1Yw4Fx6,G97yzpX8HPnbmrVEC0Aoz2si9mlAiCfZmduqw99n
DboXcHUzjiTnEyfVzMA8hgefX2B7suIPftuPWSyq,G0PLr6xT9E96wJTJXQDNB728J4rHnKFKya5jIcwT,I9zyEumkNRxIzJ9lhMe24gjeuA05krtaF8GygUHD,MOx9AM3J6rnEQQJCSsWfT7wdOetSni3OV0mrNgho,0tSt4SUsOj8fKBL2OwFTAz878S85snjiNnAx7n8z,MOx9AM3J6rnEQQJCSsWfT7wdOetSni3OV0mrNgho
neo9uYRJVawyUm1nyXvQrJxwVqapvXp6gVg6kwxr,DboXcHUzjiTnEyfVzMA8hgefX2B7suIPftuPWSyq,BR0isoSnDlgTmIqukAORkXTz6C9ABpEWp1Yw4Fx6,I9zyEumkNRxIzJ9lhMe24gjeuA05krtaF8GygUHD,hBG5vMBqkXoKVhe5nKFmfjAVyNoGHSr22VXcrkoN,I9zyEumkNRxIzJ9lhMe24gjeuA05krtaF8GygUHD
G97yzpX8HPnbmrVEC0Aoz2si9mlAiCfZmduqw99n,neo9uYRJVawyUm1nyXvQrJxwVqapvXp6gVg6kwxr,0tSt4SUsOj8fKBL2OwFTAz878S85snjiNnAx7n8z,BR0isoSnDlgTmIqukAORkXTz6C9ABpEWp1Yw4Fx6,G97yzpX8HPnbmrVEC0Aoz2si9mlAiCfZmduqw99n,BR0isoSnDlgTmIqukAORkXTz6C9ABpEWp1Yw4Fx6
MOx9AM3J6rnEQQJCSsWfT7wdOetSni3OV0mrNgho,nOgJEtffp9e3P1qN9pqUrIZB0WQ9VIdptmx5wtia,hBG5vMBqkXoKVhe5nKFmfjAVyNoGHSr22VXcrkoN,0tSt4SUsOj8fKBL2OwFTAz878S85snjiNnAx7n8z,MOx9AM3J6rnEQQJCSsWfT7wdOetSni3OV0mrNgho,0tSt4SUsOj8fKBL2OwFTAz878S85snjiNnAx7n8z
I9zyEumkNRxIzJ9lhMe24gjeuA05krtaF8GygUHD,G97yzpX8HPnbmrVEC0Aoz2si9mlAiCfZmduqw99n,G0PLr6xT9E96wJTJXQDNB728J4rHnKFKya5jIcwT,hBG5vMBqkXoKVhe5nKFmfjAVyNoGHSr22VXcrkoN,I9zyEumkNRxIzJ9lhMe24gjeuA05krtaF8GygUHD,G97yzpX8HPnbmrVEC0Aoz2si9mlAiCfZmduqw99n
BR0isoSnDlgTmIqukAORkXTz6C9ABpEWp1Yw4Fx6,MOx9AM3J6rnEQQJCSsWfT7wdOetSni3OV0mrNgho,DboXcHUzjiTnEyfVzMA8hgefX2B7suIPftuPWSyq,G0PLr6xT9E96wJTJXQDNB728J4rHnKFKya5jIcwT,BR0isoSnDlgTmIqukAORkXTz6C9ABpEWp1Yw4Fx6,MOx9AM3J6rnEQQJCSsWfT7wdOetSni3OV0mrNgho
0tSt4SUsOj8fKBL2OwFTAz878S85snjiNnAx7n8z,I9zyEumkNRxIzJ9lhMe24gjeuA05krtaF8GygUHD,G97yzpX8HPnbmrVEC0Aoz2si9mlAiCfZmduqw99n,G97yzpX8HPnbmrVEC0Aoz2si9mlAiCfZmduqw99n,0tSt4SUsOj8fKBL2OwFTAz878S85snjiNnAx7n8z,I9zyEumkNRxIzJ9lhMe24gjeuA05krtaF8GygUHD
hBG5vMBqkXoKVhe5nKFmfjAVyNoGHSr22VXcrkoN,BR0isoSnDlgTmIqukAORkXTz6C9ABpEWp1Yw4Fx6,MOx9AM3J6rnEQQJCSsWfT7wdOetSni3OV0mrNgho,MOx9AM3J6rnEQQJCSsWfT7wdOetSni3OV0mrNgho,hBG5vMBqkXoKVhe5nKFmfjAVyNoGHSr22VXcrkoN,BR0isoSnDlgTmIqukAORkXTz6C9ABpEWp1Yw4Fx6
G0PLr6xT9E96wJTJXQDNB728J4rHnKFKya5jIcwT,0tSt4SUsOj8fKBL2OwFTAz878S85snjiNnAx7n8z,I9zyEumkNRxIzJ9lhMe24gjeuA05krtaF8GygUHD,I9zyEumkNRxIzJ9lhMe24gjeuA05krtaF8GygUHD,G97yzpX8HPnbmrVEC0Aoz2si9mlAiCfZmduqw99n,0tSt4SUsOj8fKBL2OwFTAz878S85snjiNnAx7n8z
DboXcHUzjiTnEyfVzMA8hgefX2B7suIPftuPWSyq,hBG5vMBqkXoKVhe5nKFmfjAVyNoGHSr22VXcrkoN,BR0isoSnDlgTmIqukAORkXTz6C9ABpEWp1Yw4Fx6,BR0isoSnDlgTmIqukAORkXTz6C9ABpEWp1Yw4Fx6,MOx9AM3J6rnEQQJCSsWfT7wdOetSni3OV0mrNgho,G97yzpX8HPnbmrVEC0Aoz2si9mlAiCfZmduqw99n
neo9uYRJVawyUm1nyXvQrJxwVqapvXp6gVg6kwxr,G0PLr6xT9E96wJTJXQDNB728J4rHnKFKya5jIcwT,0tSt4SUsOj8fKBL2OwFTAz878S85snjiNnAx7n8z,0tSt4SUsOj8fKBL2OwFTAz878S85snjiNnAx7n8z,I9zyEumkNRxIzJ9lhMe24gjeuA05krtaF8GygUHD,MOx9AM3J6rnEQQJCSsWfT7wdOetSni3OV0mrNgho
G97yzpX8HPnbmrVEC0Aoz2si9mlAiCfZmduqw99n,DboXcHUzjiTnEyfVzMA8hgefX2B7suIPftuPWSyq,hBG5vMBqkXoKVhe5nKFmfjAVyNoGHSr22VXcrkoN,hBG5vMBqkXoKVhe5nKFmfjAVyNoGHSr22VXcrkoN,BR0isoSnDlgTmIqukAORkXTz6C9ABpEWp1Yw4Fx6,I9zyEumkNRxIzJ9lhMe24gjeuA05krtaF8GygUHD
MOx9AM3J6rnEQQJCSsWfT7wdOetSni3OV0mrNgho,neo9uYRJVawyUm1nyXvQrJxwVqapvXp6gVg6kwxr,G0PLr6xT9E96wJTJXQDNB728J4rHnKFKya5jIcwT,G0PLr6xT9E96wJTJXQDNB728J4rHnKFKya5jIcwT,0tSt4SUsOj8fKBL2OwFTAz878S85snjiNnAx7n8z,BR0isoSnDlgTmIqukAORkXTz6C9ABpEWp1Yw4Fx6
I9zyEumkNRxIzJ9lhMe24gjeuA05krtaF8GygUHD,nOgJEtffp9e3P1qN9pqUrIZB0WQ9VIdptmx5wtia,DboXcHUzjiTnEyfVzMA8hgefX2B7suIPftuPWSyq,G97yzpX8HPnbmrVEC0Aoz2si9mlAiCfZmduqw99n,hBG5vMBqkXoKVhe5nKFmfjAVyNoGHSr22VXcrkoN,0tSt4SUsOj8fKBL2OwFTAz878S85snjiNnAx7n8z
BR0isoSnDlgTmIqukAORkXTz6C9ABpEWp1Yw4Fx6,G97yzpX8HPnbmrVEC0Aoz2si9mlAiCfZmduqw99n,G97yzpX8HPnbmrVEC0Aoz2si9mlAiCfZmduqw99n,MOx9AM3J6rnEQQJCSsWfT7wdOetSni3OV0mrNgho,G97yzpX8HPnbmrVEC0Aoz2si9mlAiCfZmduqw99n,G97yzpX8HPnbmrVEC0Aoz2si9mlAiCfZmduqw99n
0tSt4SUsOj8fKBL2OwFTAz878S85snjiNnAx7n8z,MOx9AM3J6rnEQQJCSsWfT7wdOetSni3OV0mrNgho,MOx9AM3J6rnEQQJCSsWfT7wdOetSni3OV0mrNgho,I9zyEumkNRxIzJ9lhMe24gjeuA05krtaF8GygUHD,MOx9AM3J6rnEQQJCSsWfT7wdOetSni3OV0mrNgho,MOx9AM3J6rnEQQJCSsWfT7wdOetSni3OV0mrNgho
hBG5vMBqkXoKVhe5nKFmfjAVyNoGHSr22VXcrkoN,I9zyEumkNRxIzJ9lhMe24gjeuA05krtaF8GygUHD,I9zyEumkNRxIzJ9lhMe24gjeuA05krtaF8GygUHD,BR0isoSnDlgTmIqukAORkXTz6C9ABpEWp1Yw4Fx6,I9zyEumkNRxIzJ9lhMe24gjeuA05krtaF8GygUHD,I9zyEumkNRxIzJ9lhMe24gjeuA05krtaF8GygUHD
G0PLr6xT9E96wJTJXQDNB728J4rHnKFKya5jIcwT,BR0isoSnDlgTmIqukAORkXTz6C9ABpEWp1Yw4Fx6,BR0isoSnDlgTmIqukAORkXTz6C9ABpEWp1Yw4Fx6,0tSt4SUsOj8fKBL2OwFTAz878S85snjiNnAx7n8z,BR0isoSnDlgTmIqukAORkXTz6C9ABpEWp1Yw4Fx6,BR0isoSnDlgTmIqukAORkXTz6C9ABpEWp1Yw4Fx6
DboXcHUzjiTnEyfVzMA8hgefX2B7suIPftuPWSyq,0tSt4SUsOj8fKBL2OwFTAz878S85snjiNnAx7n8z,0tSt4SUsOj8fKBL2OwFTAz878S85snjiNnAx7n8z,hBG5vMBqkXoKVhe5nKFmfjAVyNoGHSr22VXcrkoN,0tSt4SUsOj8fKBL2OwFTAz878S85snjiNnAx7n8z,0tSt4SUsOj8fKBL2OwFTAz878S85snjiNnAx7n8z
neo9uYRJVawyUm1nyXvQrJxwVqapvXp6gVg6kwxr,hBG5vMBqkXoKVhe5nKFmfjAVyNoGHSr22VXcrkoN,hBG5vMBqkXoKVhe5nKFmfjAVyNoGHSr22VXcrkoN,G0PLr6xT9E96wJTJXQDNB728J4rHnKFKya5jIcwT,hBG5vMBqkXoKVhe5nKFmfjAVyNoGHSr22VXcrkoN,G97yzpX8HPnbmrVEC0Aoz2si9mlAiCfZmduqw99n
G97yzpX8HPnbmrVEC0Aoz2si9mlAiCfZmduqw99n,G0PLr6xT9E96wJTJXQDNB728J4rHnKFKya5jIcwT,G0PLr6xT9E96wJTJXQDNB728J4rHnKFKya5jIcwT,G97yzpX8HPnbmrVEC0Aoz2si9mlAiCfZmduqw99n,G97yzpX8HPnbmrVEC0Aoz2si9mlAiCfZmduqw99n,MOx9AM3J6rnEQQJCSsWfT7wdOetSni3OV0mrNgho
MOx9AM3J6rnEQQJCSsWfT7wdOetSni3OV0mrNgho,DboXcHUzjiTnEyfVzMA8hgefX2B7suIPftuPWSyq,DboXcHUzjiTnEyfVzMA8hgefX2B7suIPftuPWSyq,MOx9AM3J6rnEQQJCSsWfT7wdOetSni3OV0mrNgho,MOx9AM3J6rnEQQJCSsWfT7wdOetSni3OV0mrNgho,I9zyEumkNRxIzJ9lhMe24gjeuA05krtaF8GygUHD
I9zyEumkNRxIzJ9lhMe24gjeuA05krtaF8GygUHD,neo9uYRJVawyUm1nyXvQrJxwVqapvXp6gVg6kwxr,G97yzpX8HPnbmrVEC0Aoz2si9mlAiCfZmduqw99n,I9zyEumkNRxIzJ9lhMe24gjeuA05krtaF8GygUHD,I9zyEumkNRxIzJ9lhMe24gjeuA05krtaF8GygUHD,BR0isoSnDlgTmIqukAORkXTz6C9ABpEWp1Yw4Fx6
BR0isoSnDlgTmIqukAORkXTz6C9ABpEWp1Yw4Fx6,nOgJEtffp9e3P1qN9pqUrIZB0WQ9VIdptmx5wtia,MOx9AM3J6rnEQQJCSsWfT7wdOetSni3OV0mrNgho,BR0isoSnDlgTmIqukAORkXTz6C9ABpEWp1Yw4Fx6,BR0isoSnDlgTmIqukAORkXTz6C9ABpEWp1Yw4Fx6,0tSt4SUsOj8fKBL2OwFTAz878S85snjiNnAx7n8z
0tSt4SUsOj8fKBL2OwFTAz878S85snjiNnAx7n8z,G97yzpX8HPnbmrVEC0Aoz2si9mlAiCfZmduqw99n,I9zyEumkNRxIzJ9lhMe24gjeuA05krtaF8GygUHD,0tSt4SUsOj8fKBL2OwFTAz878S85snjiNnAx7n8z,0tSt4SUsOj8fKBL2OwFTAz878S85snjiNnAx7n8z,G97yzpX8HPnbmrVEC0Aoz2si9mlAiCfZmduqw99n
hBG5vMBqkXoKVhe5nKFmfjAVyNoGHSr22VXcrkoN,MOx9AM3J6rnEQQJCSsWfT7wdOetSni3OV0mrNgho,BR0isoSnDlgTmIqukAORkXTz6C9ABpEWp1Yw4Fx6,hBG5vMBqkXoKVhe5nKFmfjAVyNoGHSr22VXcrkoN,hBG5vMBqkXoKVhe5nKFmfjAVyNoGHSr22VXcrkoN,MOx9AM3J6rnEQQJCSsWfT7wdOetSni3OV0mrNgho
G0PLr6xT9E96wJTJXQDNB728J4rHnKFKya5jIcwT,I9zyEumkNRxIzJ9lhMe24gjeuA05krtaF8GygUHD,0tSt4SUsOj8fKBL2OwFTAz878S85snjiNnAx7n8z,G0PLr6xT9E96wJTJXQDNB728J4rHnKFKya5jIcwT,G97yzpX8HPnbmrVEC0Aoz2si9mlAiCfZmduqw99n,I9zyEumkNRxIzJ9lhMe24gjeuA05krtaF8GygUHD
DboXcHUzjiTnEyfVzMA8hgefX2B7suIPftuPWSyq,BR0isoSnDlgTmIqukAORkXTz6C9ABpEWp1Yw4Fx6,hBG5vMBqkXoKVhe5nKFmfjAVyNoGHSr22VXcrkoN,G97yzpX8HPnbmrVEC0Aoz2si9mlAiCfZmduqw99n,MOx9AM3J6rnEQQJCSsWfT7wdOetSni3OV0mrNgho,BR0isoSnDlgTmIqukAORkXTz6C9ABpEWp1Yw4Fx6
neo9uYRJVawyUm1nyXvQrJxwVqapvXp6gVg6kwxr,0tSt4SUsOj8fKBL2OwFTAz878S85snjiNnAx7n8z,G0PLr6xT9E96wJTJXQDNB728J4rHnKFKya5jIcwT,MOx9AM3J6rnEQQJCSsWfT7wdOetSni3OV0mrNgho,I9zyEumkNRxIzJ9lhMe24gjeuA05krtaF8GygUHD,0tSt4SUsOj8fKBL2OwFTAz878S85snjiNnAx7n8z
G97yzpX8HPnbmrVEC0Aoz2si9mlAiCfZmduqw99n,hBG5vMBqkXoKVhe5nKFmfjAVyNoGHSr22VXcrkoN,DboXcHUzjiTnEyfVzMA8hgefX2B7suIPftuPWSyq,I9zyEumkNRxIzJ9lhMe24gjeuA05krtaF8GygUHD,BR0isoSnDlgTmIqukAORkXTz6C9ABpEWp1Yw4Fx6,G97yzpX8HPnbmrVEC0Aoz2si9mlAiCfZmduqw99n
MOx9AM3J6rnEQQJCSsWfT7wdOetSni3OV0mrNgho,G0PLr6xT9E96wJTJXQDNB728J4rHnKFKya5jIcwT,G97yzpX8HPnbmrVEC0Aoz2si9mlAiCfZmduqw99n,BR0isoSnDlgTmIqukAORkXTz6C9ABpEWp1Yw4Fx6,0tSt4SUsOj8fKBL2OwFTAz878S85snjiNnAx7n8z,MOx9AM3J6rnEQQJCSsWfT7wdOetSni3OV0mrNgho
I9zyEumkNRxIzJ9lhMe24gjeuA05krtaF8GygUHD,DboXcHUzjiTnEyfVzMA8hgefX2B7suIPftuPWSyq,MOx9AM3J6rnEQQJCSsWfT7wdOetSni3OV0mrNgho,0tSt4SUsOj8fKBL2OwFTAz878S85snjiNnAx7n8z,hBG5vMBqkXoKVhe5nKFmfjAVyNoGHSr22VXcrkoN,I9zyEumkNRxIzJ9lhMe24gjeuA05krtaF8GygUHD
BR0isoSnDlgTmIqukAORkXTz6C9ABpEWp1Yw4Fx6,neo9uYRJVawyUm1nyXvQrJxwVqapvXp6gVg6kwxr,I9zyEumkNRxIzJ9lhMe24gjeuA05krtaF8GygUHD,hBG5vMBqkXoKVhe5nKFmfjAVyNoGHSr22VXcrkoN,G97yzpX8HPnbmrVEC0Aoz2si9mlAiCfZmduqw99n,BR0isoSnDlgTmIqukAORkXTz6C9ABpEWp1Yw4Fx6
0tSt4SUsOj8fKBL2OwFTAz878S85snjiNnAx7n8z,nOgJEtffp9e3P1qN9pqUrIZB0WQ9VIdptmx5wtia,BR0isoSnDlgTmIqukAORkXTz6C9ABpEWp1Yw4Fx6,G0PLr6xT9E96wJTJXQDNB728J4rHnKFKya5jIcwT,MOx9AM3J6rnEQQJCSsWfT7wdOetSni3OV0mrNgho,0tSt4SUsOj8fKBL2OwFTAz878S85snjiNnAx7n8z
hBG5vMBqkXoKVhe5nKFmfjAVyNoGHSr22VXcrkoN,G97yzpX8HPnbmrVEC0Aoz2si9mlAiCfZmduqw99n,0tSt4SUsOj8fKBL2OwFTAz878S85snjiNnAx7n8z,G97yzpX8HPnbmrVEC0Aoz2si9mlAiCfZmduqw99n,I9zyEumkNRxIzJ9lhMe24gjeuA05krtaF8GygUHD,G97yzpX8HPnbmrVEC0Aoz2si9mlAiCfZmduqw99n
G0PLr6xT9E96wJTJXQDNB728J4rHnKFKya5jIcwT,MOx9AM3J6rnEQQJCSsWfT7wdOetSni3OV0mrNgho,hBG5vMBqkXoKVhe5nKFmfjAVyNoGHSr22VXcrkoN,MOx9AM3J6rnEQQJCSsWfT7wdOetSni3OV0mrNgho,BR0isoSnDlgTmIqukAORkXTz6C9ABpEWp1Yw4Fx6,MOx9AM3J6rnEQQJCSsWfT7wdOetSni3OV0mrNgho
DboXcHUzjiTnEyfVzMA8hgefX2B7suIPftuPWSyq,I9zyEumkNRxIzJ9lhMe24gjeuA05krtaF8GygUHD,G0PLr6xT9E96wJTJXQDNB728J4rHnKFKya5jIcwT,I9zyEumkNRxIzJ9lhMe24gjeuA05krtaF8GygUHD,0tSt4SUsOj8fKBL2OwFTAz878S85snjiNnAx7n8z,I9zyEumkNRxIzJ9lhMe24gjeuA05krtaF8GygUHD
neo9uYRJVawyUm1nyXvQrJxwVqapvXp6gVg6kwxr,BR0isoSnDlgTmIqukAORkXTz6C9ABpEWp1Yw4Fx6,DboXcHUzjiTnEyfVzMA8hgefX2B7suIPftuPWSyq,BR0isoSnDlgTmIqukAORkXTz6C9ABpEWp1Yw4Fx6,hBG5vMBqkXoKVhe5nKFmfjAVyNoGHSr22VXcrkoN,BR0isoSnDlgTmIqukAORkXTz6C9ABpEWp1Yw4Fx6
G97yzpX8HPnbmrVEC0Aoz2si9mlAiCfZmduqw99n,0tSt4SUsOj8fKBL2OwFTAz878S85snjiNnAx7n8z,G97yzpX8HPnbmrVEC0Aoz2si9mlAiCfZmduqw99n,0tSt4SUsOj8fKBL2OwFTAz878S85snjiNnAx7n8z,G97yzpX8HPnbmrVEC0Aoz2si9mlAiCfZmduqw99n,0tSt4SUsOj8fKBL2OwFTAz878S85snjiNnAx7n8z
MOx9AM3J6rnEQQJCSsWfT7wdOetSni3OV0mrNgho,hBG5vMBqkXoKVhe5nKFmfjAVyNoGHSr22VXcrkoN,MOx9AM3J6rnEQQJCSsWfT7wdOetSni3OV0mrNgho,hBG5vMBqkXoKVhe5nKFmfjAVyNoGHSr22VXcrkoN,MOx9AM3J6rnEQQJCSsWfT7wdOetSni3OV0mrNgho,G97yzpX8HPnbmrVEC0Aoz2si9mlAiCfZmduqw99n
I9zyEumkNRxIzJ9lhMe24gjeuA05krtaF8GygUHD,G0PLr6xT9E96wJTJXQDNB728J4rHnKFKya5jIcwT,I9zyEumkNRxIzJ9lhMe24gjeuA05krtaF8GygUHD,G0PLr6xT9E96wJTJXQDNB728J4rHnKFKya5jIcwT,I9zyEumkNRxIzJ9lhMe24gjeuA05krtaF8GygUHD,MOx9AM3J6rnEQQJCSsWfT7wdOetSni3OV0mrNgho
BR0isoSnDlgTmIqukAORkXTz6C9ABpEWp1Yw4Fx6,DboXcHUzjiTnEyfVzMA8hgefX2B7suIPftuPWSyq,BR0isoSnDlgTmIqukAORkXTz6C9ABpEWp1Yw4Fx6,G97yzpX8HPnbmrVEC0Aoz2si9mlAiCfZmduqw99n,BR0isoSnDlgTmIqukAORkXTz6C9ABpEWp1Yw4Fx6,I9zyEumkNRxIzJ9lhMe24gjeuA05krtaF8GygUHD
0tSt4SUsOj8fKBL2OwFTAz878S85snjiNnAx7n8z,neo9uYRJVawyUm1nyXvQrJxwVqapvXp6gVg6kwxr,0tSt4SUsOj8fKBL2OwFTAz878S85snjiNnAx7n8z,MOx9AM3J6rnEQQJCSsWfT7wdOetSni3OV0mrNgho,0tSt4SUsOj8fKBL2OwFTAz878S85snjiNnAx7n8z,BR0isoSnDlgTmIqukAORkXTz6C9ABpEWp1Yw4Fx6
hBG5vMBqkXoKVhe5nKFmfjAVyNoGHSr22VXcrkoN,nOgJEtffp9e3P1qN9pqUrIZB0WQ9VIdptmx5wtia,hBG5vMBqkXoKVhe5nKFmfjAVyNoGHSr22VXcrkoN,I9zyEumkNRxIzJ9lhMe24gjeuA05krtaF8GygUHD,hBG5vMBqkXoKVhe5nKFmfjAVyNoGHSr22VXcrkoN,0tSt4SUsOj8fKBL2OwFTAz878S85snjiNnAx7n8z
G0PLr6xT9E96wJTJXQDNB728J4rHnKFKya5jIcwT,G97yzpX8HPnbmrVEC0Aoz2si9mlAiCfZmduqw99n,G0PLr6xT9E96wJTJXQDNB728J4rHnKFKya5jIcwT,BR0isoSnDlgTmIqukAORkXTz6C9ABpEWp1Yw4Fx6,G97yzpX8HPnbmrVEC0Aoz2si9mlAiCfZmduqw99n,G97yzpX8HPnbmrVEC0Aoz2si9mlAiCfZmduqw99n
DboXcHUzjiTnEyfVzMA8hgefX2B7suIPftuPWSyq,MOx9AM3J6rnEQQJCSsWfT7wdOetSni3OV0mrNgho,DboXcHUzjiTnEyfVzMA8hgefX2B7suIPftuPWSyq,0tSt4SUsOj8fKBL2OwFTAz878S85snjiNnAx7n8z,MOx9AM3J6rnEQQJCSsWfT7wdOetSni3OV0mrNgho,MOx9AM3J6rnEQQJCSsWfT7wdOetSni3OV0mrNgho
neo9uYRJVawyUm1nyXvQrJxwVqapvXp6gVg6kwxr,I9zyEumkNRxIzJ9lhMe24gjeuA05krtaF8GygUHD,G97yzpX8HPnbmrVEC0Aoz2si9mlAiCfZmduqw99n,hBG5vMBqkXoKVhe5nKFmfjAVyNoGHSr22VXcrkoN,I9zyEumkNRxIzJ9lhMe24gjeuA05krtaF8GygUHD,I9zyEumkNRxIzJ9lhMe24gjeuA05krtaF8GygUHD
G97yzpX8HPnbmrVEC0Aoz2si9mlAiCfZmduqw99n,BR0isoSnDlgTmIqukAORkXTz6C9ABpEWp1Yw4Fx6,MOx9AM3J6rnEQQJCSsWfT7wdOetSni3OV0mrNgho,G0PLr6xT9E96wJTJXQDNB728J4rHnKFKya5jIcwT,BR0isoSnDlgTmIqukAORkXTz6C9ABpEWp1Yw4Fx6,BR0isoSnDlgTmIqukAORkXTz6C9ABpEWp1Yw4Fx6
MOx9AM3J6rnEQQJCSsWfT7wdOetSni3OV0mrNgho,0tSt4SUsOj8fKBL2OwFTAz878S85snjiNnAx7n8z,I9zyEumkNRxIzJ9lhMe24gjeuA05krtaF8GygUHD,G97yzpX8HPnbmrVEC0Aoz2si9mlAiCfZmduqw99n,0tSt4SUsOj8fKBL2OwFTAz878S85snjiNnAx7n8z,0tSt4SUsOj8fKBL2OwFTAz878S85snjiNnAx7n8z
I9zyEumkNRxIzJ9lhMe24gjeuA05krtaF8GygUHD,hBG5vMBqkXoKVhe5nKFmfjAVyNoGHSr22VXcrkoN,BR0isoSnDlgTmIqukAORkXTz6C9ABpEWp1Yw4Fx6,MOx9AM3J6rnEQQJCSsWfT7wdOetSni3OV0mrNgho,hBG5vMBqkXoKVhe5nKFmfjAVyNoGHSr22VXcrkoN,G97yzpX8HPnbmrVEC0Aoz2si9mlAiCfZmduqw99n
BR0isoSnDlgTmIqukAORkXTz6C9ABpEWp1Yw4Fx6,G0PLr6xT9E96wJTJXQDNB728J4rHnKFKya5jIcwT,0tSt4SUsOj8fKBL2OwFTAz878S85snjiNnAx7n8z,I9zyEumkNRxIzJ9lhMe24gjeuA05krtaF8GygUHD,G97yzpX8HPnbmrVEC0Aoz2si9mlAiCfZmduqw99n,MOx9AM3J6rnEQQJCSsWfT7wdOetSni3OV0mrNgho
0tSt4SUsOj8fKBL2OwFTAz878S85snjiNnAx7n8z,DboXcHUzjiTnEyfVzMA8hgefX2B7suIPftuPWSyq,hBG5vMBqkXoKVhe5nKFmfjAVyNoGHSr22VXcrkoN,BR0isoSnDlgTmIqukAORkXTz6C9ABpEWp1Yw4Fx6,MOx9AM3J6rnEQQJCSsWfT7wdOetSni3OV0mrNgho,I9zyEumkNRxIzJ9lhMe24gjeuA05krtaF8GygUHD
hBG5vMBqkXoKVhe5nKFmfjAVyNoGHSr22VXcrkoN,neo9uYRJVawyUm1nyXvQrJxwVqapvXp6gVg6kwxr,G0PLr6xT9E96wJTJXQDNB728J4rHnKFKya5jIcwT,0tSt4SUsOj8fKBL2OwFTAz878S85snjiNnAx7n8z,I9zyEumkNRxIzJ9lhMe24gjeuA05krtaF8GygUHD,BR0isoSnDlgTmIqukAORkXTz6C9ABpEWp1Yw4Fx6
G0PLr6xT9E96wJTJXQDNB728J4rHnKFKya5jIcwT,nOgJEtffp9e3P1qN9pqUrIZB0WQ9VIdptmx5wtia,DboXcHUzjiTnEyfVzMA8hgefX2B7suIPftuPWSyq,hBG5vMBqkXoKVhe5nKFmfjAVyNoGHSr22VXcrkoN,BR0isoSnDlgTmIqukAORkXTz6C9ABpEWp1Yw4Fx6,0tSt4SUsOj8fKBL2OwFTAz878S85snjiNnAx7n8z
DboXcHUzjiTnEyfVzMA8hgefX2B7suIPftuPWSyq,G97yzpX8HPnbmrVEC0Aoz2si9mlAiCfZmduqw99n,G97yzpX8HPnbmrVEC0Aoz2si9mlAiCfZmduqw99n,G0PLr6xT9E96wJTJXQDNB728J4rHnKFKya5jIcwT,0tSt4SUsOj8fKBL2OwFTAz878S85snjiNnAx7n8z,G97yzpX8HPnbmrVEC0Aoz2si9mlAiCfZmduqw99n
neo9uYRJVawyUm1nyXvQrJxwVqapvXp6gVg6kwxr,MOx9AM3J6rnEQQJCSsWfT7wdOetSni3OV0mrNgho,MOx9AM3J6rnEQQJCSsWfT7wdOetSni3OV0mrNgho,G97yzpX8HPnbmrVEC0Aoz2si9mlAiCfZmduqw99n,hBG5vMBqkXoKVhe5nKFmfjAVyNoGHSr22VXcrkoN,MOx9AM3J6rnEQQJCSsWfT7wdOetSni3OV0mrNgho
G97yzpX8HPnbmrVEC0Aoz2si9mlAiCfZmduqw99n,I9zyEumkNRxIzJ9lhMe24gjeuA05krtaF8GygUHD,I9zyEumkNRxIzJ9lhMe24gjeuA05krtaF8GygUHD,MOx9AM3J6rnEQQJCSsWfT7wdOetSni3OV0mrNgho,G97yzpX8HPnbmrVEC0Aoz2si9mlAiCfZmduqw99n,I9zyEumkNRxIzJ9lhMe24gjeuA05krtaF8GygUHD
MOx9AM3J6rnEQQJCSsWfT7wdOetSni3OV0mrNgho,BR0isoSnDlgTmIqukAORkXTz6C9ABpEWp1Yw4Fx6,BR0isoSnDlgTmIqukAORkXTz6C9ABpEWp1Yw4Fx6,I9zyEumkNRxIzJ9lhMe24gjeuA05krtaF8GygUHD,MOx9AM3J6rnEQQJCSsWfT7wdOetSni3OV0mrNgho,BR0isoSnDlgTmIqukAORkXTz6C9ABpEWp1Yw4Fx6
I9zyEumkNRxIzJ9lhMe24gjeuA05krtaF8GygUHD,0tSt4SUsOj8fKBL2OwFTAz878S85snjiNnAx7n8z,0tSt4SUsOj8fKBL2OwFTAz878S85snjiNnAx7n8z,BR0isoSnDlgTmIqukAORkXTz6C9ABpEWp1Yw4Fx6,I9zyEumkNRxIzJ9lhMe24gjeuA05krtaF8GygUHD,0tSt4SUsOj8fKBL2OwFTAz878S85snjiNnAx7n8z
BR0isoSnDlgTmIqukAORkXTz6C9ABpEWp1Yw4Fx6,hBG5vMBqkXoKVhe5nKFmfjAVyNoGHSr22VXcrkoN,hBG5vMBqkXoKVhe5nKFmfjAVyNoGHSr22VXcrkoN,0tSt4SUsOj8fKBL2OwFTAz878S85snjiNnAx7n8z,BR0isoSnDlgTmIqukAORkXTz6C9ABpEWp1Yw4Fx6,G97yzpX8HPnbmrVEC0Aoz2si9mlAiCfZmduqw99n
0tSt4SUsOj8fKBL2OwFTAz878S85snjiNnAx7n8z,G0PLr6xT9E96wJTJXQDNB728J4rHnKFKya5jIcwT,G0PLr6xT9E96wJTJXQDNB728J4rHnKFKya5jIcwT,hBG5vMBqkXoKVhe5nKFmfjAVyNoGHSr22VXcrkoN,0tSt4SUsOj8fKBL2OwFTAz878S85snjiNnAx7n8z,MOx9AM3J6rnEQQJCSsWfT7wdOetSni3OV0mrNgho
hBG5vMBqkXoKVhe5nKFmfjAVyNoGHSr22VXcrkoN,DboXcHUzjiTnEyfVzMA8hgefX2B7suIPftuPWSyq,DboXcHUzjiTnEyfVzMA8hgefX2B7suIPftuPWSyq,G0PLr6xT9E96wJTJXQDNB728J4rHnKFKya5jIcwT,hBG5vMBqkXoKVhe5nKFmfjAVyNoGHSr22VXcrkoN,I9zyEumkNRxIzJ9lhMe24gjeuA05krtaF8GygUHD
G0PLr6xT9E96wJTJXQDNB728J4rHnKFKya5jIcwT,neo9uYRJVawyUm1nyXvQrJxwVqapvXp6gVg6kwxr,G97yzpX8HPnbmrVEC0Aoz2si9mlAiCfZmduqw99n,G97yzpX8HPnbmrVEC0Aoz2si9mlAiCfZmduqw99n,G97yzpX8HPnbmrVEC0Aoz2si9mlAiCfZmduqw99n,BR0isoSnDlgTmIqukAORkXTz6C9ABpEWp1Yw4Fx6
DboXcHUzjiTnEyfVzMA8hgefX2B7suIPftuPWSyq,nOgJEtffp9e3P1qN9pqUrIZB0WQ9VIdptmx5wtia,MOx9AM3J6rnEQQJCSsWfT7wdOetSni3OV0mrNgho,MOx9AM3J6rnEQQJCSsWfT7wdOetSni3OV0mrNgho,MOx9AM3J6rnEQQJCSsWfT7wdOetSni3OV0mrNgho,0tSt4SUsOj8fKBL2OwFTAz878S85snjiNnAx7n8z
neo9uYRJVawyUm1nyXvQrJxwVqapvXp6gVg6kwxr,G97yzpX8HPnbmrVEC0Aoz2si9mlAiCfZmduqw99n,I9zyEumkNRxIzJ9lhMe24gjeuA05krtaF8GygUHD,I9zyEumkNRxIzJ9lhMe24gjeuA05krtaF8GygUHD,I9zyEumkNRxIzJ9lhMe24gjeuA05krtaF8GygUHD,G97yzpX8HPnbmrVEC0Aoz2si9mlAiCfZmduqw99n
G97yzpX8HPnbmrVEC0Aoz2si9mlAiCfZmduqw99n,MOx9AM3J6rnEQQJCSsWfT7wdOetSni3OV0mrNgho,BR0isoSnDlgTmIqukAORkXTz6C9ABpEWp1Yw4Fx6,BR0isoSnDlgTmIqukAORkXTz6C9ABpEWp1Yw4Fx6,BR0isoSnDlgTmIqukAORkXTz6C9ABpEWp1Yw4Fx6,MOx9AM3J6rnEQQJCSsWfT7wdOetSni3OV0mrNgho
MOx9AM3J6rnEQQJCSsWfT7wdOetSni3OV0mrNgho,I9zyEumkNRxIzJ9lhMe24gjeuA05krtaF8GygUHD,0tSt4SUsOj8fKBL2OwFTAz878S85snjiNnAx7n8z,0tSt4SUsOj8fKBL2OwFTAz878S85snjiNnAx7n8z,0tSt4SUsOj8fKBL2OwFTAz878S85snjiNnAx7n8z,I9zyEumkNRxIzJ9lhMe24gjeuA05krtaF8GygUHD
I9zyEumkNRxIzJ9lhMe24gjeuA05krtaF8GygUHD,BR0isoSnDlgTmIqukAORkXTz6C9ABpEWp1Yw4Fx6,hBG5vMBqkXoKVhe5nKFmfjAVyNoGHSr22VXcrkoN,hBG5vMBqkXoKVhe5nKFmfjAVyNoGHSr22VXcrkoN,hBG5vMBqkXoKVhe5nKFmfjAVyNoGHSr22VXcrkoN,BR0isoSnDlgTmIqukAORkXTz6C9ABpEWp1Yw4Fx6
BR0isoSnDlgTmIqukAORkXTz6C9ABpEWp1Yw4Fx6,0tSt4SUsOj8fKBL2OwFTAz878S85snjiNnAx7n8z,G0PLr6xT9E96wJTJXQDNB728J4rHnKFKya5jIcwT,G0PLr6xT9E96wJTJXQDNB728J4rHnKFKya5jIcwT,G97yzpX8HPnbmrVEC0Aoz2si9mlAiCfZmduqw99n,0tSt4SUsOj8fKBL2OwFTAz878S85snjiNnAx7n8z
0tSt4SUsOj8fKBL2OwFTAz878S85snjiNnAx7n8z,hBG5vMBqkXoKVhe5nKFmfjAVyNoGHSr22VXcrkoN,DboXcHUzjiTnEyfVzMA8hgefX2B7suIPftuPWSyq,G97yzpX8HPnbmrVEC0Aoz2si9mlAiCfZmduqw99n,MOx9AM3J6rnEQQJCSsWfT7wdOetSni3OV0mrNgho,G97yzpX8HPnbmrVEC0Aoz2si9mlAiCfZmduqw99n
hBG5vMBqkXoKVhe5nKFmfjAVyNoGHSr22VXcrkoN,G0PLr6xT9E96wJTJXQDNB728J4rHnKFKya5jIcwT,G97yzpX8HPnbmrVEC0Aoz2si9mlAiCfZmduqw99n,MOx9AM3J6rnEQQJCSsWfT7wdOetSni3OV0mrNgho,I9zyEumkNRxIzJ9lhMe24gjeuA05krtaF8GygUHD,MOx9AM3J6rnEQQJCSsWfT7wdOetSni3OV0mrNgho
G0PLr6xT9E96wJTJXQDNB728J4rHnKFKya5jIcwT,DboXcHUzjiTnEyfVzMA8hgefX2B7suIPftuPWSyq,MOx9AM3J6rnEQQJCSsWfT7wdOetSni3OV0mrNgho,I9zyEumkNRxIzJ9lhMe24gjeuA05krtaF8GygUHD,BR0isoSnDlgTmIqukAORkXTz6C9ABpEWp1Yw4Fx6,I9zyEumkNRxIzJ9lhMe24gjeuA05krtaF8GygUHD
DboXcHUzjiTnEyfVzMA8hgefX2B7suIPftuPWSyq,neo9uYRJVawyUm1nyXvQrJxwVqapvXp6gVg6kwxr,I9zyEumkNRxIzJ9lhMe24gjeuA05krtaF8GygUHD,BR0isoSnDlgTmIqukAORkXTz6C9ABpEWp1Yw4Fx6,0tSt4SUsOj8fKBL2OwFTAz878S85snjiNnAx7n8z,BR0isoSnDlgTmIqukAORkXTz6C9ABpEWp1Yw4Fx6
neo9uYRJVawyUm1nyXvQrJxwVqapvXp6gVg6kwxr,nOgJEtffp9e3P1qN9pqUrIZB0WQ9VIdptmx5wtia,BR0isoSnDlgTmIqukAORkXTz6C9ABpEWp1Yw4Fx6,0tSt4SUsOj8fKBL2OwFTAz878S85snjiNnAx7n8z,hBG5vMBqkXoKVhe5nKFmfjAVyNoGHSr22VXcrkoN,0tSt4SUsOj8fKBL2OwFTAz878S85snjiNnAx7n8z
G97yzpX8HPnbmrVEC0Aoz2si9mlAiCfZmduqw99n,G97yzpX8HPnbmrVEC0Aoz2si9mlAiCfZmduqw99n,0tSt4SUsOj8fKBL2OwFTAz878S85snjiNnAx7n8z,hBG5vMBqkXoKVhe5nKFmfjAVyNoGHSr22VXcrkoN,G97yzpX8HPnbmrVEC0Aoz2si9mlAiCfZmduqw99n,G97yzpX8HPnbmrVEC0Aoz2si9mlAiCfZmduqw99n
MOx9AM3J6rnEQQJCSsWfT7wdOetSni3OV0mrNgho,MOx9AM3J6rnEQQJCSsWfT7wdOetSni3OV0mrNgho,hBG5vMBqkXoKVhe5nKFmfjAVyNoGHSr22VXcrkoN,G0PLr6xT9E96wJTJXQDNB728J4rHnKFKya5jIcwT,MOx9AM3J6rnEQQJCSsWfT7wdOetSni3OV0mrNgho,MOx9AM3J6rnEQQJCSsWfT7wdOetSni3OV0mrNgho
I9zyEumkNRxIzJ9lhMe24gjeuA05krtaF8GygUHD,I9zyEumkNRxIzJ9lhMe24gjeuA05krtaF8GygUHD,G0PLr6xT9E96wJTJXQDNB728J4rHnKFKya5jIcwT,G97yzpX8HPnbmrVEC0Aoz2si9mlAiCfZmduqw99n,I9zyEumkNRxIzJ9lhMe24gjeuA05krtaF8GygUHD,I9zyEumkNRxIzJ9lhMe24gjeuA05krtaF8GygUHD
BR0isoSnDlgTmIqukAORkXTz6C9ABpEWp1Yw4Fx6,BR0isoSnDlgTmIqukAORkXTz6C9ABpEWp1Yw4Fx6,DboXcHUzjiTnEyfVzMA8hgefX2B7suIPftuPWSyq,MOx9AM3J6rnEQQJCSsWfT7wdOetSni3OV0mrNgho,BR0isoSnDlgTmIqukAORkXTz6C9ABpEWp1Yw4Fx6,BR0isoSnDlgTmIqukAORkXTz6C9ABpEWp1Yw4Fx6
0tSt4SUsOj8fKBL2OwFTAz878S85snjiNnAx7n8z,0tSt4SUsOj8fKBL2OwFTAz878S85snjiNnAx7n8z,G97yzpX8HPnbmrVEC0Aoz2si9mlAiCfZmduqw99n,I9zyEumkNRxIzJ9lhMe24gjeuA05krtaF8GygUHD,0tSt4SUsOj8fKBL2OwFTAz878S85snjiNnAx7n8z,0tSt4SUsOj8fKBL2OwFTAz878S85snjiNnAx7n8z
hBG5vMBqkXoKVhe5nKFmfjAVyNoGHSr22VXcrkoN,hBG5vMBqkXoKVhe5nKFmfjAVyNoGHSr22VXcrkoN,MOx9AM3J6rnEQQJCSsWfT7wdOetSni3OV0mrNgho,BR0isoSnDlgTmIqukAORkXTz6C9ABpEWp1Yw4Fx6,hBG5vMBqkXoKVhe5nKFmfjAVyNoGHSr22VXcrkoN,G97yzpX8HPnbmrVEC0Aoz2si9mlAiCfZmduqw99n
G0PLr6xT9E96wJTJXQDNB728J4rHnKFKya5jIcwT,G0PLr6xT9E96wJTJXQDNB728J4rHnKFKya5jIcwT,I9zyEumkNRxIzJ9lhMe24gjeuA05krtaF8GygUHD,0tSt4SUsOj8fKBL2OwFTAz878S85snjiNnAx7n8z,G97yzpX8HPnbmrVEC0Aoz2si9mlAiCfZmduqw99n,MOx9AM3J6rnEQQJCSsWfT7wdOetSni3OV0mrNgho
DboXcHUzjiTnEyfVzMA8hgefX2B7suIPftuPWSyq,DboXcHUzjiTnEyfVzMA8hgefX2B7suIPftuPWSyq,BR0isoSnDlgTmIqukAORkXTz6C9ABpEWp1Yw4Fx6,hBG5vMBqkXoKVhe5nKFmfjAVyNoGHSr22VXcrkoN,MOx9AM3J6rnEQQJCSsWfT7wdOetSni3OV0mrNgho,I9zyEumkNRxIzJ9lhMe24gjeuA05krtaF8GygUHD
neo9uYRJVawyUm1nyXvQrJxwVqapvXp6gVg6kwxr,neo9uYRJVawyUm1nyXvQrJxwVqapvXp6gVg6kwxr,0tSt4SUsOj8fKBL2OwFTAz878S85snjiNnAx7n8z,G0PLr6xT9E96wJTJXQDNB728J4rHnKFKya5jIcwT,I9zyEumkNRxIzJ9lhMe24gjeuA05krtaF8GygUHD,BR0isoSnDlgTmIqukAORkXTz6C9ABpEWp1Yw4Fx6
G97yzpX8HPnbmrVEC0Aoz2si9mlAiCfZmduqw99n,nOgJEtffp9e3P1qN9pqUrIZB0WQ9VIdptmx5wtia,hBG5vMBqkXoKVhe5nKFmfjAVyNoGHSr22VXcrkoN,G97yzpX8HPnbmrVEC0Aoz2si9mlAiCfZmduqw99n,BR0isoSnDlgTmIqukAORkXTz6C9ABpEWp1Yw4Fx6,0tSt4SUsOj8fKBL2OwFTAz878S85snjiNnAx7n8z
MOx9AM3J6rnEQQJCSsWfT7wdOetSni3OV0mrNgho,G97yzpX8HPnbmrVEC0Aoz2si9mlAiCfZmduqw99n,G0PLr6xT9E96wJTJXQDNB728J4rHnKFKya5jIcwT,MOx9AM3J6rnEQQJCSsWfT7wdOetSni3OV0mrNgho,0tSt4SUsOj8fKBL2OwFTAz878S85snjiNnAx7n8z,G97yzpX8HPnbmrVEC0Aoz2si9mlAiCfZmduqw99n
I9zyEumkNRxIzJ9lhMe24gjeuA05krtaF8GygUHD,MOx9AM3J6rnEQQJCSsWfT7wdOetSni3OV0mrNgho,DboXcHUzjiTnEyfVzMA8hgefX2B7suIPftuPWSyq,I9zyEumkNRxIzJ9lhMe24gjeuA05krtaF8GygUHD,hBG5vMBqkXoKVhe5nKFmfjAVyNoGHSr22VXcrkoN,MOx9AM3J6rnEQQJCSsWfT7wdOetSni3OV0mrNgho
BR0isoSnDlgTmIqukAORkXTz6C9ABpEWp1Yw4Fx6,I9zyEumkNRxIzJ9lhMe24gjeuA05krtaF8GygUHD,G97yzpX8HPnbmrVEC0Aoz2si9mlAiCfZmduqw99n,BR0isoSnDlgTmIqukAORkXTz6C9ABpEWp1Yw4Fx6,G97yzpX8HPnbmrVEC0Aoz2si9mlAiCfZmduqw99n,I9zyEumkNRxIzJ9lhMe24gjeuA05krtaF8GygUHD
0tSt4SUsOj8fKBL2OwFTAz878S85snjiNnAx7n8z,BR0isoSnDlgTmIqukAORkXTz6C9ABpEWp1Yw4Fx6,MOx9AM3J6rnEQQJCSsWfT7wdOetSni3OV0mrNgho,0tSt4SUsOj8fKBL2OwFTAz878S85snjiNnAx7n8z,MOx9AM3J6rnEQQJCSsWfT7wdOetSni3OV0mrNgho,BR0isoSnDlgTmIqukAORkXTz6C9ABpEWp1Yw4Fx6
hBG5vMBqkXoKVhe5nKFmfjAVyNoGHSr22VXcrkoN,0tSt4SUsOj8fKBL2OwFTAz878S85snjiNnAx7n8z,I9zyEumkNRxIzJ9lhMe24gjeuA05krtaF8GygUHD,hBG5vMBqkXoKVhe5nKFmfjAVyNoGHSr22VXcrkoN,I9zyEumkNRxIzJ9lhMe24gjeuA05krtaF8GygUHD,0tSt4SUsOj8fKBL2OwFTAz878S85snjiNnAx7n8z
G0PLr6xT9E96wJTJXQDNB728J4rHnKFKya5jIcwT,hBG5vMBqkXoKVhe5nKFmfjAVyNoGHSr22VXcrkoN,BR0isoSnDlgTmIqukAORkXTz6C9ABpEWp1Yw4Fx6,G0PLr6xT9E96wJTJXQDNB728J4rHnKFKya5jIcwT,BR0isoSnDlgTmIqukAORkXTz6C9ABpEWp1Yw4Fx6,G97yzpX8HPnbmrVEC0Aoz2si9mlAiCfZmduqw99n
DboXcHUzjiTnEyfVzMA8hgefX2B7suIPftuPWSyq,G0PLr6xT9E96wJTJXQDNB728J4rHnKFKya5jIcwT,0tSt4SUsOj8fKBL2OwFTAz878S85snjiNnAx7n8z,G97yzpX8HPnbmrVEC0Aoz2si9mlAiCfZmduqw99n,0tSt4SUsOj8fKBL2OwFTAz878S85snjiNnAx7n8z,MOx9AM3J6rnEQQJCSsWfT7wdOetSni3OV0mrNgho
neo9uYRJVawyUm1nyXvQrJxwVqapvXp6gVg6kwxr,DboXcHUzjiTnEyfVzMA8hgefX2B7suIPftuPWSyq,hBG5vMBqkXoKVhe5nKFmfjAVyNoGHSr22VXcrkoN,MOx9AM3J6rnEQQJCSsWfT7wdOetSni3OV0mrNgho,hBG5vMBqkXoKVhe5nKFmfjAVyNoGHSr22VXcrkoN,I9zyEumkNRxIzJ9lhMe24gjeuA05krtaF8GygUHD
G97yzpX8HPnbmrVEC0Aoz2si9mlAiCfZmduqw99n,neo9uYRJVawyUm1nyXvQrJxwVqapvXp6gVg6kwxr,G0PLr6xT9E96wJTJXQDNB728J4rHnKFKya5jIcwT,I9zyEumkNRxIzJ9lhMe24gjeuA05krtaF8GygUHD,G97yzpX8HPnbmrVEC0Aoz2si9mlAiCfZmduqw99n,BR0isoSnDlgTmIqukAORkXTz6C9ABpEWp1Yw4Fx6
MOx9AM3J6rnEQQJCSsWfT7wdOetSni3OV0mrNgho,nOgJEtffp9e3P1qN9pqUrIZB0WQ9VIdptmx5wtia,DboXcHUzjiTnEyfVzMA8hgefX2B7suIPftuPWSyq,BR0isoSnDlgTmIqukAORkXTz6C9ABpEWp1Yw4Fx6,MOx9AM3J6rnEQQJCSsWfT7wdOetSni3OV0mrNgho,0tSt4SUsOj8fKBL2OwFTAz878S85snjiNnAx7n8z
I9zyEumkNRxIzJ9lhMe24gjeuA05krtaF8GygUHD,G97yzpX8HPnbmrVEC0Aoz2si9mlAiCfZmduqw99n,G97yzpX8HPnbmrVEC0Aoz2si9mlAiCfZmduqw99n,0tSt4SUsOj8fKBL2OwFTAz878S85snjiNnAx7n8z,I9zyEumkNRxIzJ9lhMe24gjeuA05krtaF8GygUHD,G97yzpX8HPnbmrVEC0Aoz2si9mlAiCfZmduqw99n
BR0isoSnDlgTmIqukAORkXTz6C9ABpEWp1Yw4Fx6,MOx9AM3J6rnEQQJCSsWfT7wdOetSni3OV0mrNgho,MOx9AM3J6rnEQQJCSsWfT7wdOetSni3OV0mrNgho,hBG5vMBqkXoKVhe5nKFmfjAVyNoGHSr22VXcrkoN,BR0isoSnDlgTmIqukAORkXTz6C9ABpEWp1Yw4Fx6,MOx9AM3J6rnEQQJCSsWfT7wdOetSni3OV0mrNgho
0tSt4SUsOj8fKBL2OwFTAz878S85snjiNnAx7n8z,I9zyEumkNRxIzJ9lhMe24gjeuA05krtaF8GygUHD,I9zyEumkNRxIzJ9lhMe24gjeuA05krtaF8GygUHD,G0PLr6xT9E96wJTJXQDNB728J4rHnKFKya5jIcwT,0tSt4SUsOj8fKBL2OwFTAz878S85snjiNnAx7n8z,I9zyEumkNRxIzJ9lhMe24gjeuA05krtaF8GygUHD
hBG5vMBqkXoKVhe5nKFmfjAVyNoGHSr22VXcrkoN,BR0isoSnDlgTmIqukAORkXTz6C9ABpEWp1Yw4Fx6,BR0isoSnDlgTmIqukAORkXTz6C9ABpEWp1Yw4Fx6,G97yzpX8HPnbmrVEC0Aoz2si9mlAiCfZmduqw99n,hBG5vMBqkXoKVhe5nKFmfjAVyNoGHSr22VXcrkoN,BR0isoSnDlgTmIqukAORkXTz6C9ABpEWp1Yw4Fx6
G0PLr6xT9E96wJTJXQDNB728J4rHnKFKya5jIcwT,0tSt4SUsOj8fKBL2OwFTAz878S85snjiNnAx7n8z,0tSt4SUsOj8fKBL2OwFTAz878S85snjiNnAx7n8z,MOx9AM3J6rnEQQJCSsWfT7wdOetSni3OV0mrNgho,G97yzpX8HPnbmrVEC0Aoz2si9mlAiCfZmduqw99n,0tSt4SUsOj8fKBL2OwFTAz878S85snjiNnAx7n8z
DboXcHUzjiTnEyfVzMA8hgefX2B7suIPftuPWSyq,hBG5vMBqkXoKVhe5nKFmfjAVyNoGHSr22VXcrkoN,hBG5vMBqkXoKVhe5nKFmfjAVyNoGHSr22VXcrkoN,I9zyEumkNRxIzJ9lhMe24gjeuA05krtaF8GygUHD,MOx9AM3J6rnEQQJCSsWfT7wdOetSni3OV0mrNgho,G97yzpX8HPnbmrVEC0Aoz2si9mlAiCfZmduqw99n
neo9uYRJVawyUm1nyXvQrJxwVqapvXp6gVg6kwxr,G0PLr6xT9E96wJTJXQDNB728J4rHnKFKya5jIcwT,G0PLr6xT9E96wJTJXQDNB728J4rHnKFKya5jIcwT,BR0isoSnDlgTmIqukAORkXTz6C9ABpEWp1Yw4Fx6,I9zyEumkNRxIzJ9lhMe24gjeuA05krtaF8GygUHD,MOx9AM3J6rnEQQJCSsWfT7wdOetSni3OV0mrNgho
G97yzpX8HPnbmrVEC0Aoz2si9mlAiCfZmduqw99n,DboXcHUzjiTnEyfVzMA8hgefX2B7suIPftuPWSyq,DboXcHUzjiTnEyfVzMA8hgefX2B7suIPftuPWSyq,0tSt4SUsOj8fKBL2OwFTAz878S85snjiNnAx7n8z,BR0isoSnDlgTmIqukAORkXTz6C9ABpEWp1Yw4Fx6,I9zyEumkNRxIzJ9lhMe24gjeuA05krtaF8GygUHD
MOx9AM3J6rnEQQJCSsWfT7wdOetSni3OV0mrNgho,neo9uYRJVawyUm1nyXvQrJxwVqapvXp6gVg6kwxr,G97yzpX8HPnbmrVEC0Aoz2si9mlAiCfZmduqw99n,hBG5vMBqkXoKVhe5nKFmfjAVyNoGHSr22VXcrkoN,0tSt4SUsOj8fKBL2OwFTAz878S85snjiNnAx7n8z,BR0isoSnDlgTmIqukAORkXTz6C9ABpEWp1Yw4Fx6
I9zyEumkNRxIzJ9lhMe24gjeuA05krtaF8GygUHD,nOgJEtffp9e3P1qN9pqUrIZB0WQ9VIdptmx5wtia,MOx9AM3J6rnEQQJCSsWfT7wdOetSni3OV0mrNgho,G0PLr6xT9E96wJTJXQDNB728J4rHnKFKya5jIcwT,hBG5vMBqkXoKVhe5nKFmfjAVyNoGHSr22VXcrkoN,0tSt4SUsOj8fKBL2OwFTAz878S85snjiNnAx7n8z
BR0isoSnDlgTmIqukAORkXTz6C9ABpEWp1Yw4Fx6,G97yzpX8HPnbmrVEC0Aoz2si9mlAiCfZmduqw99n,I9zyEumkNRxIzJ9lhMe24gjeuA05krtaF8GygUHD,G97yzpX8HPnbmrVEC0Aoz2si9mlAiCfZmduqw99n,G97yzpX8HPnbmrVEC0Aoz2si9mlAiCfZmduqw99n,G97yzpX8HPnbmrVEC0Aoz2si9mlAiCfZmduqw99n
0tSt4SUsOj8fKBL2OwFTAz878S85snjiNnAx7n8z,MOx9AM3J6rnEQQJCSsWfT7wdOetSni3OV0mrNgho,BR0isoSnDlgTmIqukAORkXTz6C9ABpEWp1Yw4Fx6,MOx9AM3J6rnEQQJCSsWfT7wdOetSni3OV0mrNgho,MOx9AM3J6rnEQQJCSsWfT7wdOetSni3OV0mrNgho,MOx9AM3J6rnEQQJCSsWfT7wdOetSni3OV0mrNgho
hBG5vMBqkXoKVhe5nKFmfjAVyNoGHSr22VXcrkoN,I9zyEumkNRxIzJ9lhMe24gjeuA05krtaF8GygUHD,0tSt4SUsOj8fKBL2OwFTAz878S85snjiNnAx7n8z,I9zyEumkNRxIzJ9lhMe24gjeuA05krtaF8GygUHD,I9zyEumkNRxIzJ9lhMe24gjeuA05krtaF8GygUHD,I9zyEumkNRxIzJ9lhMe24gjeuA05krtaF8GygUHD
G0PLr6xT9E96wJTJXQDNB728J4rHnKFKya5jIcwT,BR0isoSnDlgTmIqukAORkXTz6C9ABpEWp1Yw4Fx6,hBG5vMBqkXoKVhe5nKFmfjAVyNoGHSr22VXcrkoN,BR0isoSnDlgTmIqukAORkXTz6C9ABpEWp1Yw4Fx6,BR0isoSnDlgTmIqukAORkXTz6C9ABpEWp1Yw4Fx6,BR0isoSnDlgTmIqukAORkXTz6C9ABpEWp1Yw4Fx6
DboXcHUzjiTnEyfVzMA8hgefX2B7suIPftuPWSyq,0tSt4SUsOj8fKBL2OwFTAz878S85snjiNnAx7n8z,G0PLr6xT9E96wJTJXQDNB728J4rHnKFKya5jIcwT,0tSt4SUsOj8fKBL2OwFTAz878S85snjiNnAx7n8z,0tSt4SUsOj8fKBL2OwFTAz878S85snjiNnAx7n8z,0tSt4SUsOj8fKBL2OwFTAz878S85snjiNnAx7n8z
neo9uYRJVawyUm1nyXvQrJxwVqapvXp6gVg6kwxr,hBG5vMBqkXoKVhe5nKFmfjAVyNoGHSr22VXcrkoN,DboXcHUzjiTnEyfVzMA8hgefX2B7suIPftuPWSyq,hBG5vMBqkXoKVhe5nKFmfjAVyNoGHSr22VXcrkoN,hBG5vMBqkXoKVhe5nKFmfjAVyNoGHSr22VXcrkoN,G97yzpX8HPnbmrVEC0Aoz2si9mlAiCfZmduqw99n
G97yzpX8HPnbmrVEC0Aoz2si9mlAiCfZmduqw99n,G0PLr6xT9E96wJTJXQDNB728J4rHnKFKya5jIcwT,G97yzpX8HPnbmrVEC0Aoz2si9mlAiCfZmduqw99n,G0PLr6xT9E96wJTJXQDNB728J4rHnKFKya5jIcwT,G97yzpX8HPnbmrVEC0Aoz2si9mlAiCfZmduqw99n,MOx9AM3J6rnEQQJCSsWfT7wdOetSni3OV0mrNgho
MOx9AM3J6rnEQQJCSsWfT7wdOetSni3OV0mrNgho,DboXcHUzjiTnEyfVzMA8hgefX2B7suIPftuPWSyq,MOx9AM3J6rnEQQJCSsWfT7wdOetSni3OV0mrNgho,G97yzpX8HPnbmrVEC0Aoz2si9mlAiCfZmduqw99n,MOx9AM3J6rnEQQJCSsWfT7wdOetSni3OV0mrNgho,I9zyEumkNRxIzJ9lhMe24gjeuA05krtaF8GygUHD
I9zyEumkNRxIzJ9lhMe24gjeuA05krtaF8GygUHD,neo9uYRJVawyUm1nyXvQrJxwVqapvXp6gVg6kwxr,I9zyEumkNRxIzJ9lhMe24gjeuA05krtaF8GygUHD,MOx9AM3J6rnEQQJCSsWfT7wdOetSni3OV0mrNgho,I9zyEumkNRxIzJ9lhMe24gjeuA05krtaF8GygUHD,BR0isoSnDlgTmIqukAORkXTz6C9ABpEWp1Yw4Fx6
BR0isoSnDlgTmIqukAORkXTz6C9ABpEWp1Yw4Fx6,nOgJEtffp9e3P1qN9pqUrIZB0WQ9VIdptmx5wtia,BR0isoSnDlgTmIqukAORkXTz6C9ABpEWp1Yw4Fx6,I9zyEumkNRxIzJ9lhMe24gjeuA05krtaF8GygUHD,BR0isoSnDlgTmIqukAORkXTz6C9ABpEWp1Yw4Fx6,0tSt4SUsOj8fKBL2OwFTAz878S85snjiNnAx7n8z
0tSt4SUsOj8fKBL2OwFTAz878S85snjiNnAx7n8z,G97yzpX8HPnbmrVEC0Aoz2si9mlAiCfZmduqw99n,0tSt4SUsOj8fKBL2OwFTAz878S85snjiNnAx7n8z,BR0isoSnDlgTmIqukAORkXTz6C9ABpEWp1Yw4Fx6,0tSt4SUsOj8fKBL2OwFTAz878S85snjiNnAx7n8z,G97yzpX8HPnbmrVEC0Aoz2si9mlAiCfZmduqw99n
hBG5vMBqkXoKVhe5nKFmfjAVyNoGHSr22VXcrkoN,MOx9AM3J6rnEQQJCSsWfT7wdOetSni3OV0mrNgho,hBG5vMBqkXoKVhe5nKFmfjAVyNoGHSr22VXcrkoN,0tSt4SUsOj8fKBL2OwFTAz878S85snjiNnAx7n8z,hBG5vMBqkXoKVhe5nKFmfjAVyNoGHSr22VXcrkoN,MOx9AM3J6rnEQQJCSsWfT7wdOetSni3OV0mrNgho
G0PLr6xT9E96wJTJXQDNB728J4rHnKFKya5jIcwT,I9zyEumkNRxIzJ9lhMe24gjeuA05krtaF8GygUHD,G0PLr6xT9E96wJTJXQDNB728J4rHnKFKya5jIcwT,hBG5vMBqkXoKVhe5nKFmfjAVyNoGHSr22VXcrkoN,G97yzpX8HPnbmrVEC0Aoz2si9mlAiCfZmduqw99n,I9zyEumkNRxIzJ9lhMe24gjeuA05krtaF8GygUHD
DboXcHUzjiTnEyfVzMA8hgefX2B7suIPftuPWSyq,BR0isoSnDlgTmIqukAORkXTz6C9ABpEWp1Yw4Fx6,DboXcHUzjiTnEyfVzMA8hgefX2B7suIPftuPWSyq,G0PLr6xT9E96wJTJXQDNB728J4rHnKFKya5jIcwT,MOx9AM3J6rnEQQJCSsWfT7wdOetSni3OV0mrNgho,BR0isoSnDlgTmIqukAORkXTz6C9ABpEWp1Yw4Fx6
neo9uYRJVawyUm1nyXvQrJxwVqapvXp6gVg6kwxr,0tSt4SUsOj8fKBL2OwFTAz878S85snjiNnAx7n8z,G97yzpX8HPnbmrVEC0Aoz2si9mlAiCfZmduqw99n,G97yzpX8HPnbmrVEC0Aoz2si9mlAiCfZmduqw99n,I9zyEumkNRxIzJ9lhMe24gjeuA05krtaF8GygUHD,0tSt4SUsOj8fKBL2OwFTAz878S85snjiNnAx7n8z
G97yzpX8HPnbmrVEC0Aoz2si9mlAiCfZmduqw99n,hBG5vMBqkXoKVhe5nKFmfjAVyNoGHSr22VXcrkoN,MOx9AM3J6rnEQQJCSsWfT7wdOetSni3OV0mrNgho,MOx9AM3J6rnEQQJCSsWfT7wdOetSni3OV0mrNgho,BR0isoSnDlgTmIqukAORkXTz6C9ABpEWp1Yw4Fx6,G97yzpX8HPnbmrVEC0Aoz2si9mlAiCfZmduqw99n
MOx9AM3J6rnEQQJCSsWfT7wdOetSni3OV0mrNgho,G0PLr6xT9E96wJTJXQDNB728J4rHnKFKya5jIcwT,I9zyEumkNRxIzJ9lhMe24gjeuA05krtaF8GygUHD,I9zyEumkNRxIzJ9lhMe24gjeuA05krtaF8GygUHD,0tSt4SUsOj8fKBL2OwFTAz878S85snjiNnAx7n8z,MOx9AM3J6rnEQQJCSsWfT7wdOetSni3OV0mrNgho
I9zyEumkNRxIzJ9lhMe24gjeuA05krtaF8GygUHD,DboXcHUzjiTnEyfVzMA8hgefX2B7suIPftuPWSyq,BR0isoSnDlgTmIqukAORkXTz6C9ABpEWp1Yw4Fx6,BR0isoSnDlgTmIqukAORkXTz6C9ABpEWp1Yw4Fx6,hBG5vMBqkXoKVhe5nKFmfjAVyNoGHSr22VXcrkoN,I9zyEumkNRxIzJ9lhMe24gjeuA05krtaF8GygUHD
BR0isoSnDlgTmIqukAORkXTz6C9ABpEWp1Yw4Fx6,neo9uYRJVawyUm1nyXvQrJxwVqapvXp6gVg6kwxr,0tSt4SUsOj8fKBL2OwFTAz878S85snjiNnAx7n8z,0tSt4SUsOj8fKBL2OwFTAz878S85snjiNnAx7n8z,G97yzpX8HPnbmrVEC0Aoz2si9mlAiCfZmduqw99n,BR0isoSnDlgTmIqukAORkXTz6C9ABpEWp1Yw4Fx6
0tSt4SUsOj8fKBL2OwFTAz878S85snjiNnAx7n8z,nOgJEtffp9e3P1qN9pqUrIZB0WQ9VIdptmx5wtia,hBG5vMBqkXoKVhe5nKFmfjAVyNoGHSr22VXcrkoN,hBG5vMBqkXoKVhe5nKFmfjAVyNoGHSr22VXcrkoN,MOx9AM3J6rnEQQJCSsWfT7wdOetSni3OV0mrNgho,0tSt4SUsOj8fKBL2OwFTAz878S85snjiNnAx7n8z
hBG5vMBqkXoKVhe5nKFmfjAVyNoGHSr22VXcrkoN,G97yzpX8HPnbmrVEC0Aoz2si9mlAiCfZmduqw99n,G0PLr6xT9E96wJTJXQDNB728J4rHnKFKya5jIcwT,G0PLr6xT9E96wJTJXQDNB728J4rHnKFKya5jIcwT,I9zyEumkNRxIzJ9lhMe24gjeuA05krtaF8GygUHD,G97yzpX8HPnbmrVEC0Aoz2si9mlAiCfZmduqw99n
G0PLr6xT9E96wJTJXQDNB728J4rHnKFKya5jIcwT,MOx9AM3J6rnEQQJCSsWfT7wdOetSni3OV0mrNgho,DboXcHUzjiTnEyfVzMA8hgefX2B7suIPftuPWSyq,G97yzpX8HPnbmrVEC0Aoz2si9mlAiCfZmduqw99n,BR0isoSnDlgTmIqukAORkXTz6C9ABpEWp1Yw4Fx6,MOx9AM3J6rnEQQJCSsWfT7wdOetSni3OV0mrNgho
DboXcHUzjiTnEyfVzMA8hgefX2B7suIPftuPWSyq,I9zyEumkNRxIzJ9lhMe24gjeuA05krtaF8GygUHD,G97yzpX8HPnbmrVEC0Aoz2si9mlAiCfZmduqw99n,MOx9AM3J6rnEQQJCSsWfT7wdOetSni3OV0mrNgho,0tSt4SUsOj8fKBL2OwFTAz878S85snjiNnAx7n8z,I9zyEumkNRxIzJ9lhMe24gjeuA05krtaF8GygUHD
neo9uYRJVawyUm1nyXvQrJxwVqapvXp6gVg6kwxr,BR0isoSnDlgTmIqukAORkXTz6C9ABpEWp1Yw4Fx6,MOx9AM3J6rnEQQJCSsWfT7wdOetSni3OV0mrNgho,I9zyEumkNRxIzJ9lhMe24gjeuA05krtaF8GygUHD,hBG5vMBqkXoKVhe5nKFmfjAVyNoGHSr22VXcrkoN,BR0isoSnDlgTmIqukAORkXTz6C9ABpEWp1Yw4Fx6
G97yzpX8HPnbmrVEC0Aoz2si9mlAiCfZmduqw99n,0tSt4SUsOj8fKBL2OwFTAz878S85snjiNnAx7n8z,I9zyEumkNRxIzJ9lhMe24gjeuA05krtaF8GygUHD,BR0isoSnDlgTmIqukAORkXTz6C9ABpEWp1Yw4Fx6,G97yzpX8HPnbmrVEC0Aoz2si9mlAiCfZmduqw99n,0tSt4SUsOj8fKBL2OwFTAz878S85snjiNnAx7n8z
MOx9AM3J6rnEQQJCSsWfT7wdOetSni3OV0mrNgho,hBG5vMBqkXoKVhe5nKFmfjAVyNoGHSr22VXcrkoN,BR0isoSnDlgTmIqukAORkXTz6C9ABpEWp1Yw4Fx6,0tSt4SUsOj8fKBL2OwFTAz878S85snjiNnAx7n8z,MOx9AM3J6rnEQQJCSsWfT7wdOetSni3OV0mrNgho,G97yzpX8HPnbmrVEC0Aoz2si9mlAiCfZmduqw99n
I9zyEumkNRxIzJ9lhMe24gjeuA05krtaF8GygUHD,G0PLr6xT9E96wJTJXQDNB728J4rHnKFKya5jIcwT,0tSt4SUsOj8fKBL2OwFTAz878S85snjiNnAx7n8z,hBG5vMBqkXoKVhe5nKFmfjAVyNoGHSr22VXcrkoN,I9zyEumkNRxIzJ9lhMe24gjeuA05krtaF8GygUHD,MOx9AM3J6rnEQQJCSsWfT7wdOetSni3OV0mrNgho
BR0isoSnDlgTmIqukAORkXTz6C9ABpEWp1Yw4Fx6,DboXcHUzjiTnEyfVzMA8hgefX2B7suIPftuPWSyq,hBG5vMBqkXoKVhe5nKFmfjAVyNoGHSr22VXcrkoN,G0PLr6xT9E96wJTJXQDNB728J4rHnKFKya5jIcwT,BR0isoSnDlgTmIqukAORkXTz6C9ABpEWp1Yw4Fx6,I9zyEumkNRxIzJ9lhMe24gjeuA05krtaF8GygUHD
0tSt4SUsOj8fKBL2OwFTAz878S85snjiNnAx7n8z,neo9uYRJVawyUm1nyXvQrJxwVqapvXp6gVg6kwxr,G0PLr6xT9E96wJTJXQDNB728J4rHnKFKya5jIcwT,G97yzpX8HPnbmrVEC0Aoz2si9mlAiCfZmduqw99n,0tSt4SUsOj8fKBL2OwFTAz878S85snjiNnAx7n8z,BR0isoSnDlgTmIqukAORkXTz6C9ABpEWp1Yw4Fx6
hBG5vMBqkXoKVhe5nKFmfjAVyNoGHSr22VXcrkoN,nOgJEtffp9e3P1qN9pqUrIZB0WQ9VIdptmx5wtia,DboXcHUzjiTnEyfVzMA8hgefX2B7suIPftuPWSyq,MOx9AM3J6rnEQQJCSsWfT7wdOetSni3OV0mrNgho,hBG5vMBqkXoKVhe5nKFmfjAVyNoGHSr22VXcrkoN,0tSt4SUsOj8fKBL2OwFTAz878S85snjiNnAx7n8z
G0PLr6xT9E96wJTJXQDNB728J4rHnKFKya5jIcwT,G97yzpX8HPnbmrVEC0Aoz2si9mlAiCfZmduqw99n,G97yzpX8HPnbmrVEC0Aoz2si9mlAiCfZmduqw99n,I9zyEumkNRxIzJ9lhMe24gjeuA05krtaF8GygUHD,G97yzpX8HPnbmrVEC0Aoz2si9mlAiCfZmduqw99n,G97yzpX8HPnbmrVEC0Aoz2si9mlAiCfZmduqw99n
DboXcHUzjiTnEyfVzMA8hgefX2B7suIPftuPWSyq,MOx9AM3J6rnEQQJCSsWfT7wdOetSni3OV0mrNgho,MOx9AM3J6rnEQQJCSsWfT7wdOetSni3OV0mrNgho,BR0isoSnDlgTmIqukAORkXTz6C9ABpEWp1Yw4Fx6,MOx9AM3J6rnEQQJCSsWfT7wdOetSni3OV0mrNgho,MOx9AM3J6rnEQQJCSsWfT7wdOetSni3OV0mrNgho
neo9uYRJVawyUm1nyXvQrJxwVqapvXp6gVg6kwxr,I9zyEumkNRxIzJ9lhMe24gjeuA05krtaF8GygUHD,I9zyEumkNRxIzJ9lhMe24gjeuA05krtaF8GygUHD,0tSt4SUsOj8fKBL2OwFTAz878S85snjiNnAx7n8z,I9zyEumkNRxIzJ9lhMe24gjeuA05krtaF8GygUHD,I9zyEumkNRxIzJ9lhMe24gjeuA05krtaF8GygUHD
G97yzpX8HPnbmrVEC0Aoz2si9mlAiCfZmduqw99n,BR0isoSnDlgTmIqukAORkXTz6C9ABpEWp1Yw4Fx6,BR0isoSnDlgTmIqukAORkXTz6C9ABpEWp1Yw4Fx6,hBG5vMBqkXoKVhe5nKFmfjAVyNoGHSr22VXcrkoN,BR0isoSnDlgTmIqukAORkXTz6C9ABpEWp1Yw4Fx6,BR0isoSnDlgTmIqukAORkXTz6C9ABpEWp1Yw4Fx6
MOx9AM3J6rnEQQJCSsWfT7wdOetSni3OV0mrNgho,0tSt4SUsOj8fKBL2OwFTAz878S85snjiNnAx7n8z,0tSt4SUsOj8fKBL2OwFTAz878S85snjiNnAx7n8z,G0PLr6xT9E96wJTJXQDNB728J4rHnKFKya5jIcwT,0tSt4SUsOj8fKBL2OwFTAz878S85snjiNnAx7n8z,0tSt4SUsOj8fKBL2OwFTAz878S85snjiNnAx7n8z
I9zyEumkNRxIzJ9lhMe24gjeuA05krtaF8GygUHD,hBG5vMBqkXoKVhe5nKFmfjAVyNoGHSr22VXcrkoN,hBG5vMBqkXoKVhe5nKFmfjAVyNoGHSr22VXcrkoN,G97yzpX8HPnbmrVEC0Aoz2si9mlAiCfZmduqw99n,hBG5vMBqkXoKVhe5nKFmfjAVyNoGHSr22VXcrkoN,G97yzpX8HPnbmrVEC0Aoz2si9mlAiCfZmduqw99n
BR0isoSnDlgTmIqukAORkXTz6C9ABpEWp1Yw4Fx6,G0PLr6xT9E96wJTJXQDNB728J4rHnKFKya5jIcwT,G0PLr6xT9E96wJTJXQDNB728J4rHnKFKya5jIcwT,MOx9AM3J6rnEQQJCSsWfT7wdOetSni3OV0mrNgho,G97yzpX8HPnbmrVEC0Aoz2si9mlAiCfZmduqw99n,MOx9AM3J6rnEQQJCSsWfT7wdOetSni3OV0mrNgho
0tSt4SUsOj8fKBL2OwFTAz878S85snjiNnAx7n8z,DboXcHUzjiTnEyfVzMA8hgefX2B7suIPftuPWSyq,DboXcHUzjiTnEyfVzMA8hgefX2B7suIPftuPWSyq,I9zyEumkNRxIzJ9lhMe24gjeuA05krtaF8GygUHD,MOx9AM3J6rnEQQJCSsWfT7wdOetSni3OV0mrNgho,I9zyEumkNRxIzJ9lhMe24gjeuA05krtaF8GygUHD
hBG5vMBqkXoKVhe5nKFmfjAVyNoGHSr22VXcrkoN,neo9uYRJVawyUm1nyXvQrJxwVqapvXp6gVg6kwxr,G97yzpX8HPnbmrVEC0Aoz2si9mlAiCfZmduqw99n,BR0isoSnDlgTmIqukAORkXTz6C9ABpEWp1Yw4Fx6,I9zyEumkNRxIzJ9lhMe24gjeuA05krtaF8GygUHD,BR0isoSnDlgTmIqukAORkXTz6C9ABpEWp1Yw4Fx6
G0PLr6xT9E96wJTJXQDNB728J4rHnKFKya5jIcwT,nOgJEtffp9e3P1qN9pqUrIZB0WQ9VIdptmx5wtia,MOx9AM3J6rnEQQJCSsWfT7wdOetSni3OV0mrNgho,0tSt4SUsOj8fKBL2OwFTAz878S85snjiNnAx7n8z,BR0isoSnDlgTmIqukAORkXTz6C9ABpEWp1Yw4Fx6,0tSt4SUsOj8fKBL2OwFTAz878S85snjiNnAx7n8z
DboXcHUzjiTnEyfVzMA8hgefX2B7suIPftuPWSyq,G97yzpX8HPnbmrVEC0Aoz2si9mlAiCfZmduqw99n,I9zyEumkNRxIzJ9lhMe24gjeuA05krtaF8GygUHD,hBG5vMBqkXoKVhe5nKFmfjAVyNoGHSr22VXcrkoN,0tSt4SUsOj8fKBL2OwFTAz878S85snjiNnAx7n8z,G97yzpX8HPnbmrVEC0Aoz2si9mlAiCfZmduqw99n
neo9uYRJVawyUm1nyXvQrJxwVqapvXp6gVg6kwxr,MOx9AM3J6rnEQQJCSsWfT7wdOetSni3OV0mrNgho,BR0isoSnDlgTmIqukAORkXTz6C9ABpEWp1Yw4Fx6,G0PLr6xT9E96wJTJXQDNB728J4rHnKFKya5jIcwT,hBG5vMBqkXoKVhe5nKFmfjAVyNoGHSr22VXcrkoN,MOx9AM3J6rnEQQJCSsWfT7wdOetSni3OV0mrNgho
G97yzpX8HPnbmrVEC0Aoz2si9mlAiCfZmduqw99n,I9zyEumkNRxIzJ9lhMe24gjeuA05krtaF8GygUHD,0tSt4SUsOj8fKBL2OwFTAz878S85snjiNnAx7n8z,G97yzpX8HPnbmrVEC0Aoz2si9mlAiCfZmduqw99n,G97yzpX8HPnbmrVEC0Aoz2si9mlAiCfZmduqw99n,I9zyEumkNRxIzJ9lhMe24gjeuA05krtaF8GygUHD
MOx9AM3J6rnEQQJCSsWfT7wdOetSni3OV0mrNgho,BR0isoSnDlgTmIqukAORkXTz6C9ABpEWp1Yw4Fx6,hBG5vMBqkXoKVhe5nKFmfjAVyNoGHSr22VXcrkoN,MOx9AM3J6rnEQQJCSsWfT7wdOetSni3OV0mrNgho,MOx9AM3J6rnEQQJCSsWfT7wdOetSni3OV0mrNgho,BR0isoSnDlgTmIqukAORkXTz6C9ABpEWp1Yw4Fx6
I9zyEumkNRxIzJ9lhMe24gjeuA05krtaF8GygUHD,0tSt4SUsOj8fKBL2OwFTAz878S85snjiNnAx7n8z,G0PLr6xT9E96wJTJXQDNB728J4rHnKFKya5jIcwT,I9zyEumkNRxIzJ9lhMe24gjeuA05krtaF8GygUHD,I9zyEumkNRxIzJ9lhMe24gjeuA05krtaF8GygUHD,0tSt4SUsOj8fKBL2OwFTAz878S85snjiNnAx7n8z
BR0isoSnDlgTmIqukAORkXTz6C9ABpEWp1Yw4Fx6,hBG5vMBqkXoKVhe5nKFmfjAVyNoGHSr22VXcrkoN,DboXcHUzjiTnEyfVzMA8hgefX2B7suIPftuPWSyq,BR0isoSnDlgTmIqukAORkXTz6C9ABpEWp1Yw4Fx6,BR0isoSnDlgTmIqukAORkXTz6C9ABpEWp1Yw4Fx6,G97yzpX8HPnbmrVEC0Aoz2si9mlAiCfZmduqw99n
0tSt4SUsOj8fKBL2OwFTAz878S85snjiNnAx7n8z,G0PLr6xT9E96wJTJXQDNB728J4rHnKFKya5jIcwT,G97yzpX8HPnbmrVEC0Aoz2si9mlAiCfZmduqw99n,0tSt4SUsOj8fKBL2OwFTAz878S85snjiNnAx7n8z,0tSt4SUsOj8fKBL2OwFTAz878S85snjiNnAx7n8z,MOx9AM3J6rnEQQJCSsWfT7wdOetSni3OV0mrNgho
hBG5vMBqkXoKVhe5nKFmfjAVyNoGHSr22VXcrkoN,DboXcHUzjiTnEyfVzMA8hgefX2B7suIPftuPWSyq,MOx9AM3J6rnEQQJCSsWfT7wdOetSni3OV0mrNgho,hBG5vMBqkXoKVhe5nKFmfjAVyNoGHSr22VXcrkoN,hBG5vMBqkXoKVhe5nKFmfjAVyNoGHSr22VXcrkoN,I9zyEumkNRxIzJ9lhMe24gjeuA05krtaF8GygUHD
G0PLr6xT9E96wJTJXQDNB728J4rHnKFKya5jIcwT,neo9uYRJVawyUm1nyXvQrJxwVqapvXp6gVg6kwxr,I9zyEumkNRxIzJ9lhMe24gjeuA05krtaF8GygUHD,G0PLr6xT9E96wJTJXQDNB728J4rHnKFKya5jIcwT,G97yzpX8HPnbmrVEC0Aoz2si9mlAiCfZmduqw99n,BR0isoSnDlgTmIqukAORkXTz6C9ABpEWp1Yw4Fx6
DboXcHUzjiTnEyfVzMA8hgefX2B7suIPftuPWSyq,nOgJEtffp9e3P1qN9pqUrIZB0WQ9VIdptmx5wtia,BR0isoSnDlgTmIqukAORkXTz6C9ABpEWp1Yw4Fx6,G97yzpX8HPnbmrVEC0Aoz2si9mlAiCfZmduqw99n,MOx9AM3J6rnEQQJCSsWfT7wdOetSni3OV0mrNgho,0tSt4SUsOj8fKBL2OwFTAz878S85snjiNnAx7n8z
neo9uYRJVawyUm1nyXvQrJxwVqapvXp6gVg6kwxr,G97yzpX8HPnbmrVEC0Aoz2si9mlAiCfZmduqw99n,0tSt4SUsOj8fKBL2OwFTAz878S85snjiNnAx7n8z,MOx9AM3J6rnEQQJCSsWfT7wdOetSni3OV0mrNgho,I9zyEumkNRxIzJ9lhMe24gjeuA05krtaF8GygUHD,G97yzpX8HPnbmrVEC0Aoz2si9mlAiCfZmduqw99n
G97yzpX8HPnbmrVEC0Aoz2si9mlAiCfZmduqw99n,MOx9AM3J6rnEQQJCSsWfT7wdOetSni3OV0mrNgho,hBG5vMBqkXoKVhe5nKFmfjAVyNoGHSr22VXcrkoN,I9zyEumkNRxIzJ9lhMe24gjeuA05krtaF8GygUHD,BR0isoSnDlgTmIqukAORkXTz6C9ABpEWp1Yw4Fx6,MOx9AM3J6rnEQQJCSsWfT7wdOetSni3OV0mrNgho
MOx9AM3J6rnEQQJCSsWfT7wdOetSni3OV0mrNgho,I9zyEumkNRxIzJ9lhMe24gjeuA05krtaF8GygUHD,G0PLr6xT9E96wJTJXQDNB728J4rHnKFKya5jIcwT,BR0isoSnDlgTmIqukAORkXTz6C9ABpEWp1Yw4Fx6,0tSt4SUsOj8fKBL2OwFTAz878S85snjiNnAx7n8z,I9zyEumkNRxIzJ9lhMe24gjeuA05krtaF8GygUHD
I9zyEumkNRxIzJ9lhMe24gjeuA05krtaF8GygUHD,BR0isoSnDlgTmIqukAORkXTz6C9ABpEWp1Yw4Fx6,DboXcHUzjiTnEyfVzMA8hgefX2B7suIPftuPWSyq,0tSt4SUsOj8fKBL2OwFTAz878S85snjiNnAx7n8z,hBG5vMBqkXoKVhe5nKFmfjAVyNoGHSr22VXcrkoN,BR0isoSnDlgTmIqukAORkXTz6C9ABpEWp1Yw4Fx6
BR0isoSnDlgTmIqukAORkXTz6C9ABpEWp1Yw4Fx6,0tSt4SUsOj8fKBL2OwFTAz878S85snjiNnAx7n8z,G97yzpX8HPnbmrVEC0Aoz2si9mlAiCfZmduqw99n,hBG5vMBqkXoKVhe5nKFmfjAVyNoGHSr22VXcrkoN,G97yzpX8HPnbmrVEC0Aoz2si9mlAiCfZmduqw99n,0tSt4SUsOj8fKBL2OwFTAz878S85snjiNnAx7n8z
0tSt4SUsOj8fKBL2OwFTAz878S85snjiNnAx7n8z,hBG5vMBqkXoKVhe5nKFmfjAVyNoGHSr22VXcrkoN,MOx9AM3J6rnEQQJCSsWfT7wdOetSni3OV0mrNgho,G0PLr6xT9E96wJTJXQDNB728J4rHnKFKya5jIcwT,MOx9AM3J6rnEQQJCSsWfT7wdOetSni3OV0mrNgho,G97yzpX8HPnbmrVEC0Aoz2si9mlAiCfZmduqw99n
hBG5vMBqkXoKVhe5nKFmfjAVyNoGHSr22VXcrkoN,G0PLr6xT9E96wJTJXQDNB728J4rHnKFKya5jIcwT,I9zyEumkNRxIzJ9lhMe24gjeuA05krtaF8GygUHD,G97yzpX8HPnbmrVEC0Aoz2si9mlAiCfZmduqw99n,I9zyEumkNRxIzJ9lhMe24gjeuA05krtaF8GygUHD,MOx9AM3J6rnEQQJCSsWfT7wdOetSni3OV0mrNgho
G0PLr6xT9E96wJTJXQDNB728J4rHnKFKya5jIcwT,DboXcHUzjiTnEyfVzMA8hgefX2B7suIPftuPWSyq,BR0isoSnDlgTmIqukAORkXTz6C9ABpEWp1Yw4Fx6,MOx9AM3J6rnEQQJCSsWfT7wdOetSni3OV0mrNgho,BR0isoSnDlgTmIqukAORkXTz6C9ABpEWp1Yw4Fx6,I9zyEumkNRxIzJ9lhMe24gjeuA05krtaF8GygUHD
DboXcHUzjiTnEyfVzMA8hgefX2B7suIPftuPWSyq,neo9uYRJVawyUm1nyXvQrJxwVqapvXp6gVg6kwxr,0tSt4SUsOj8fKBL2OwFTAz878S85snjiNnAx7n8z,I9zyEumkNRxIzJ9lhMe24gjeuA05krtaF8GygUHD,0tSt4SUsOj8fKBL2OwFTAz878S85snjiNnAx7n8z,BR0isoSnDlgTmIqukAORkXTz6C9ABpEWp1Yw4Fx6
neo9uYRJVawyUm1nyXvQrJxwVqapvXp6gVg6kwxr,nOgJEtffp9e3P1qN9pqUrIZB0WQ9VIdptmx5wtia,hBG5vMBqkXoKVhe5nKFmfjAVyNoGHSr22VXcrkoN,BR0isoSnDlgTmIqukAORkXTz6C9ABpEWp1Yw4Fx6,hBG5vMBqkXoKVhe5nKFmfjAVyNoGHSr22VXcrkoN,0tSt4SUsOj8fKBL2OwFTAz878S85snjiNnAx7n8z
G97yzpX8HPnbmrVEC0Aoz2si9mlAiCfZmduqw99n,G97yzpX8HPnbmrVEC0Aoz2si9mlAiCfZmduqw99n,G0PLr6xT9E96wJTJXQDNB728J4rHnKFKya5jIcwT,0tSt4SUsOj8fKBL2OwFTAz878S85snjiNnAx7n8z,G97yzpX8HPnbmrVEC0Aoz2si9mlAiCfZmduqw99n,G97yzpX8HPnbmrVEC0Aoz2si9mlAiCfZmduqw99n
MOx9AM3J6rnEQQJCSsWfT7wdOetSni3OV0mrNgho,MOx9AM3J6rnEQQJCSsWfT7wdOetSni3OV0mrNgho,DboXcHUzjiTnEyfVzMA8hgefX2B7suIPftuPWSyq,hBG5vMBqkXoKVhe5nKFmfjAVyNoGHSr22VXcrkoN,MOx9AM3J6rnEQQJCSsWfT7wdOetSni3OV0mrNgho,MOx9AM3J6rnEQQJCSsWfT7wdOetSni3OV0mrNgho
I9zyEumkNRxIzJ9lhMe24gjeuA05krtaF8GygUHD,I9zyEumkNRxIzJ9lhMe24gjeuA05krtaF8GygUHD,G97yzpX8HPnbmrVEC0Aoz2si9mlAiCfZmduqw99n,G0PLr6xT9E96wJTJXQDNB728J4rHnKFKya5jIcwT,I9zyEumkNRxIzJ9lhMe24gjeuA05krtaF8GygUHD,I9zyEumkNRxIzJ9lhMe24gjeuA05krtaF8GygUHD
BR0isoSnDlgTmIqukAORkXTz6C9ABpEWp1Yw4Fx6,BR0isoSnDlgTmIqukAORkXTz6C9ABpEWp1Yw4Fx6,MOx9AM3J6rnEQQJCSsWfT7wdOetSni3OV0mrNgho,G97yzpX8HPnbmrVEC0Aoz2si9mlAiCfZmduqw99n,BR0isoSnDlgTmIqukAORkXTz6C9ABpEWp1Yw4Fx6,BR0isoSnDlgTmIqukAORkXTz6C9ABpEWp1Yw4Fx6
0tSt4SUsOj8fKBL2OwFTAz878S85snjiNnAx7n8z,0tSt4SUsOj8fKBL2OwFTAz878S85snjiNnAx7n8z,I9zyEumkNRxIzJ9lhMe24gjeuA05krtaF8GygUHD,MOx9AM3J6rnEQQJCSsWfT7wdOetSni3OV0mrNgho,0tSt4SUsOj8fKBL2OwFTAz878S85snjiNnAx7n8z,0tSt4SUsOj8fKBL2OwFTAz878S85snjiNnAx7n8z
hBG5vMBqkXoKVhe5nKFmfjAVyNoGHSr22VXcrkoN,hBG5vMBqkXoKVhe5nKFmfjAVyNoGHSr22VXcrkoN,BR0isoSnDlgTmIqukAORkXTz6C9ABpEWp1Yw4Fx6,I9zyEumkNRxIzJ9lhMe24gjeuA05krtaF8GygUHD,hBG5vMBqkXoKVhe5nKFmfjAVyNoGHSr22VXcrkoN,G97yzpX8HPnbmrVEC0Aoz2si9mlAiCfZmduqw99n
G0PLr6xT9E96wJTJXQDNB728J4rHnKFKya5jIcwT,G0PLr6xT9E96wJTJXQDNB728J4rHnKFKya5jIcwT,0tSt4SUsOj8fKBL2OwFTAz878S85snjiNnAx7n8z,BR0isoSnDlgTmIqukAORkXTz6C9ABpEWp1Yw4Fx6,G97yzpX8HPnbmrVEC0Aoz2si9mlAiCfZmduqw99n,MOx9AM3J6rnEQQJCSsWfT7wdOetSni3OV0mrNgho
DboXcHUzjiTnEyfVzMA8hgefX2B7suIPftuPWSyq,DboXcHUzjiTnEyfVzMA8hgefX2B7suIPftuPWSyq,hBG5vMBqkXoKVhe5nKFmfjAVyNoGHSr22VXcrkoN,0tSt4SUsOj8fKBL2OwFTAz878S85snjiNnAx7n8z,MOx9AM3J6rnEQQJCSsWfT7wdOetSni3OV0mrNgho,I9zyEumkNRxIzJ9lhMe24gjeuA05krtaF8GygUHD
neo9uYRJVawyUm1nyXvQrJxwVqapvXp6gVg6kwxr,neo9uYRJVawyUm1nyXvQrJxwVqapvXp6gVg6kwxr,G0PLr6xT9E96wJTJXQDNB728J4rHnKFKya5jIcwT,hBG5vMBqkXoKVhe5nKFmfjAVyNoGHSr22VXcrkoN,I9zyEumkNRxIzJ9lhMe24gjeuA05krtaF8GygUHD,BR0isoSnDlgTmIqukAORkXTz6C9ABpEWp1Yw4Fx6
G97yzpX8HPnbmrVEC0Aoz2si9mlAiCfZmduqw99n,nOgJEtffp9e3P1qN9pqUrIZB0WQ9VIdptmx5wtia,DboXcHUzjiTnEyfVzMA8hgefX2B7suIPftuPWSyq,G0PLr6xT9E96wJTJXQDNB728J4rHnKFKya5jIcwT,BR0isoSnDlgTmIqukAORkXTz6C9ABpEWp1Yw4Fx6,0tSt4SUsOj8fKBL2OwFTAz878S85snjiNnAx7n8z
MOx9AM3J6rnEQQJCSsWfT7wdOetSni3OV0mrNgho,G97yzpX8HPnbmrVEC0Aoz2si9mlAiCfZmduqw99n,G97yzpX8HPnbmrVEC0Aoz2si9mlAiCfZmduqw99n,G97yzpX8HPnbmrVEC0Aoz2si9mlAiCfZmduqw99n,0tSt4SUsOj8fKBL2OwFTAz878S85snjiNnAx7n8z,G97yzpX8HPnbmrVEC0Aoz2si9mlAiCfZmduqw99n
I9zyEumkNRxIzJ9lhMe24gjeuA05krtaF8GygUHD,MOx9AM3J6rnEQQJCSsWfT7wdOetSni3OV0mrNgho,MOx9AM3J6rnEQQJCSsWfT7wdOetSni3OV0mrNgho,MOx9AM3J6rnEQQJCSsWfT7wdOetSni3OV0mrNgho,hBG5vMBqkXoKVhe5nKFmfjAVyNoGHSr22VXcrkoN,MOx9AM3J6rnEQQJCSsWfT7wdOetSni3OV0mrNgho
